104
46.49192832495189 22.551485641520408
88.29431141143961 78.57167039968834
14.76367880218744 69.57406326280471
60.6397896994952 34.65549397130921
60.00846065069799 85.74275936691146
74.26301921946441 81.95457655987131
98.50174644235736 22.59803603911481
57.61718442319259 88.11017195309849
55.76766838445373 71.93971584356169
91.05554297399118 85.67961175135038
42.0601882180833 90.2413370167271
73.66512958478317 95.28991158634666
93.78860696196784 64.75304412701088
44.784852468836114 10.245706802060505
1.1049897106647388 66.64096226240937
39.60595644820051 61.624953691182135
59.48432164271874 44.31484860195497
83.96876031626327 21.221205447235214
40.246659080533895 91.54633690176969
59.73934943650557 2.5679496282272174
83.72402401724385 28.42624829068804
93.27572942586548 74.17349555088737
78.18477713288019 30.12445382630975
96.71201574312587 84.83422705872472
15.18810546263829 80.17572268993581
85.14773989006233 7.1651273853606146
67.3044049371142 60.57714341874523
97.12898131868405 0.6877584132515491
35.549159424105824 58.41883090638586
31.412650239671137 44.74072679430835
34.77602194846351 84.49025688110177
94.1788110846247 5.086702938911436
30.98617348339966 20.590109404327016
41.60227000916825 5.522563212194265
89.33655853201023 2.8195399298733603
29.687590929255414 25.149171145501946
86.64555805272713 36.49673500745937
62.55042394501622 41.978831443468025
55.983238477198725 52.35144544958249
25.031808699791547 38.26658375401751
94.99216894602425 94.67835603017988
71.03337406378978 16.73992485814606
64.39121111765378 3.0460696832870116
32.33829364353748 76.9246940719547
52.389383332563625 96.1467132164407
78.83486430740071 1.8318626384944858
73.46648509652366 97.27464114023093
77.1576176526066 36.572609029403665
29.237971947346587 98.05926123918377
27.955732428260514 48.40482625441602
85.12862980840843 61.08277844556604
61.25914241750978 12.62035750154592
94.39374905498568 38.33694401331107
39.353948618267424 42.03881887592424
77.716585063527 44.691869989260404
78.73350046526305 80.12831100276196
53.31744797993543 36.494850816135994
63.66397087042611 42.828466661519315
67.0961268694292 37.10896548474878
6.997824655854801 32.40802286026583
0.7604601279819656 77.7310242136503
16.7570350470702 8.462595193773147
57.69030951512616 82.75778173517975
13.458747139424466 60.94399586550442
82.52152438385485 2.5588277386834335
16.88249346150882 33.630402950076586
23.673088043522107 2.355907194361695
7.852296490842948 54.503132049572734
17.464380103362174 99.77581411185209
74.46308043823784 77.51546088344688
90.2818806291682 35.67711661724804
54.618236374456444 77.56127094610106
34.34673024168592 0.7992802985554937
42.203913216344176 92.80503602676455
67.54008553484245 45.794854436898255
34.57373819752058 73.30792788977024
89.24813951777456 8.184801333183934
54.672870313749264 63.140797760963366
36.410570173374644 23.14991208968219
77.90610185880747 66.3117327401862
53.0195562073308 6.978150568668495
58.358020318807455 34.43741933230153
96.9238031195719 96.44578081881315
44.34219294646648 30.929873654291406
98.31296218102217 98.13239080115031
29.100269626515185 80.76106802074096
60.462587212118336 90.49395402669124
82.65271234440463 66.6001367442125
65.39114814299201 31.12945253607333
64.09743134752976 15.237919869058548
49.37785253987457 91.6733361128768
26.237839953401366 64.62507585996948
63.326658919924874 36.62691155975525
90.95507419238535 37.11910786511007
70.99847066574895 91.7907820478647
52.92709496256435 0.8745762618450503
49.23502489257379 88.13709948723182
81.4925944837341 12.314217901509661
34.49262977383971 91.67650690956171
86.4955055432489 7.810918772634579
60.16298426517056 88.72944697102004
78.86145892090978 55.61190756539835
64.6485115363798 73.92727161668304
44.892395314630186 20.578102467686332
