148
92.9818442334082 40.044313023911435
82.76585450592744 56.75945494831461
48.93710656852305 70.4578073449392
32.21871828651498 78.89878758904786
82.57328783926766 97.05107526057293
22.22388789497254 97.62280993464888
57.608390160984555 64.57769318151006
96.50423160897347 29.29880820410894
59.5895545008147 61.16346364272842
91.9577589665893 54.05059870156137
0.34777807904532443 40.38768076845639
45.931850722882075 25.267485117344958
48.176071832120094 19.69115777079401
87.59694518781482 61.96719266901084
32.55018027486931 14.7337165218406
33.28961053408436 99.69248862650667
52.03144271945136 51.06223171144101
61.293135171771254 62.11775750794805
50.47366915190897 79.52931323691627
9.437515175455314 11.004633308685507
93.0718719282507 28.049964287061847
90.4214446844405 34.10935374813936
89.55560071852682 9.708038154434384
18.128917260479284 84.02329514141283
37.063819060840444 27.686509315065766
61.55825835771416 75.90522397703742
32.49701455180247 49.40877512313128
45.05798978842612 57.69444927508943
50.60807993258049 88.85854855868077
8.827000714711641 95.7452349165445
43.547941485347074 91.86194934696826
42.76443620970775 4.274638391539831
51.67204611393169 9.851202825307015
4.421871919386522 79.58992062047372
33.87742352810263 79.08427172916174
21.11142395383049 61.9590099926696
65.55336595973952 97.46149052284703
74.77372181626063 48.66576454925805
48.6889191276855 69.990724864208
72.53186758824592 84.5198478507728
18.398708244126517 71.00161359615582
87.15717670491323 16.70397381542753
89.53994494857999 2.786118843473684
9.212543171763777 27.425218479575786
1.7541838569882784 77.95223261516992
72.38953340751056 66.13248933150021
48.105209819933684 58.36879328570404
6.120758284431938 61.21450467420083
5.413910501696106 63.39158086737425
5.832619649535875 2.5296258520905
6.119044110415017 44.94478878693009
76.02462937909357 83.30610104846929
69.82761204550353 28.277818808764575
58.96382005900105 65.2634815127558
11.848673407478893 65.12785658363258
84.7373696560497 11.40237220113719
34.42027968650342 0.8741685222239504
12.972380731601941 54.033852739686736
18.248516413442694 64.67849173058228
87.5936187385649 91.9513860195092
90.42006089074532 94.77206715028595
10.884613723743964 55.48892529426786
31.12369823702259 10.78419813007252
8.600074405002333 97.52940391722893
45.24334231741278 41.92167604839449
87.34872740142319 91.95292345789984
56.324703533634036 4.718813076667205
4.542186199221742 21.42778046617583
12.172081847078475 68.61102577778362
6.687328377324498 43.779565076671666
88.59363950417837 80.39242040423096
52.09424741776631 65.17796138823925
82.86005400598413 60.23266706169701
76.67758283499829 42.9243785639845
68.76506476419793 53.361570375953946
18.69475904754444 63.99509759133494
41.280322390154545 92.70860133127994
9.191457305336105 46.10312814705638
32.38275088198842 17.40064092862036
24.08401551204201 75.96798922046068
9.623845698859125 80.15432935127241
65.55076857920385 63.391168195189884
21.83027304230357 73.17504054399768
47.02083687223922 35.91956600572534
29.857696347901765 51.29668667299481
50.54754303012032 63.59895262650133
2.7123212199521296 13.326306722759574
75.59813954101355 12.080187005694187
26.174061853605444 44.34016946529851
30.365648646392895 68.5752915845995
84.07649703782337 45.51071871556386
17.790394177459245 86.25273225428604
66.10670414441918 50.009545248852014
30.502462110026897 66.49098981258604
13.132862445835014 30.493405046406817
17.905252086403113 23.58442199214812
54.40528890885392 18.385558819847393
1.400121989058456 91.4984174636543
58.78005617821957 29.27753754362884
50.05385539517494 51.929020342750874
71.21291032406182 45.60303652418091
47.87609031857593 2.0297717766416867
40.6237404471616 71.92301985777064
59.20187013061695 2.1532406945043325
43.87327842924555 81.5215209646207
42.52709492882394 92.69739206316471
55.95985191086362 14.152235365988053
70.12753407656209 1.967903786149272
36.44852290837404 6.582523470126755
2.0164999544660778 21.027112496223033
6.36312845246203 67.11815756028454
95.68115824639946 38.17844707843201
51.43144807397106 22.685297168405473
50.89707342122177 78.00093929123713
16.74848792787976 72.21152750895591
43.41873319367855 11.072648816013475
75.67099019934751 61.70881332486234
73.1513567537317 90.29660346396
30.85470429425924 90.41678455355346
84.582292961079 84.4229352749968
31.476394665904206 25.25131506394129
37.79406018891011 22.890829929625546
15.30622135551053 80.43269651614848
30.694471139569867 40.35111102561258
97.0541689908113 43.1335793315522
6.871915242954508 97.40576534786732
88.31882253786696 64.3933394383717
23.730329031065565 39.650385329229024
67.98898181350587 14.226115777449866
97.62677919327601 26.908930618204163
30.951508352005852 45.984404140508076
61.179441142177225 23.906871551886322
37.31921391657597 48.8049146624633
26.98766043724994 12.255921004250848
36.56083956745961 54.793666500280516
97.42500821803782 57.88743948328713
64.14940922130063 3.2242889834396493
69.4217242416432 23.074073217024193
11.399587842493164 14.352185610581758
55.90426909381372 2.7965418495965455
19.235729562872017 71.64472869581166
24.77265837822811 3.788395472400641
71.22672829254427 26.493289154470578
44.604512955295306 45.71597947282334
69.88173083571176 11.30850555319961
54.93009408925457 90.33173336352979
61.97304880777191 0.8329850908049607
62.910462856444425 86.56242641778303
