135
99.82777866907449 33.588593584151994
41.86292328317249 72.7675625147567
56.79523207107275 54.17437687454101
30.220434512156746 14.651019952742095
40.97615313005241 57.04247912286039
84.78447242025038 57.4814390678504
56.457181820370565 47.394916018714554
86.17557740346594 19.098313021953718
46.339487194829765 64.05404055108576
81.29208430483588 49.74571957667384
91.25105594534296 45.5106869300965
17.362294802473997 54.378910343759166
17.16960144202031 12.46813115013634
30.34900152387493 77.20592874739467
33.73968771187445 38.78400717306918
25.76937092985345 48.31974147111649
15.187746959629644 53.10776981894957
59.43805014986877 66.44421895689237
76.87981660273606 86.71686666710112
65.12031392590607 96.59130159462596
77.26893807385046 32.52952445316819
1.1538253524577824 50.3528452849816
43.835409107380386 73.05010772989253
79.05617139502466 74.84366270777166
73.98457619294929 28.51866890089002
59.789858808513955 72.19418519740584
38.78197109208337 54.32770666676351
92.33843248979842 71.63950110753777
73.00102485469712 58.72836843016962
80.17280044199185 23.330083997552386
96.47099426420925 61.706826312769806
24.056758062507544 1.834772260663009
95.95042783263916 35.95943234243825
14.943766282039395 16.626367729491054
56.94243044126911 28.236475372309656
22.344242699573456 67.50384545106677
95.21120380682117 88.10998504080794
44.60579760535784 29.356288766404205
92.93825357699605 87.91879009961674
87.13543987626076 68.72989492550629
6.02532971586297 58.76027168830809
77.14837533675689 86.33977937917815
67.721862022282 7.438998024958277
67.482432502988 59.66874460348769
29.32258123171694 20.089689088937625
71.49008292416131 69.34257808095758
61.89975775500807 89.2603305749087
24.43095750598402 53.7520753309244
11.871732262421597 2.0493712904409933
53.13059693982712 1.0787037357506635
95.45839211084675 5.662044695267188
52.63340939919243 33.94206253440822
67.09097195750141 80.44329690367088
61.58924579586377 52.42035011907951
84.3582173338585 40.82535738273895
20.691832995325264 90.62821767799221
6.453325243869113 2.840202032344108
52.94679394553962 87.92175306875393
49.57951438327469 9.127593965911164
24.265529270203867 10.076173926636878
23.34200852206504 41.69524813021294
92.64988118921632 34.026131311644356
84.82939966861011 92.45957861503594
97.44514570701554 48.13013461734703
75.67964062084395 42.62938034424897
4.229535066272383 67.87057206637961
40.109193050751976 86.45477848415317
9.17741338833251 51.02594090496931
95.91231468629337 66.54202033117015
45.34318490552274 72.86538821220303
47.445633631413095 43.22306938327415
7.513941616559872 62.55384914773603
36.12415364073629 53.7491029839755
59.8097368053607 74.27701572012882
37.377751373842 46.91224152725194
16.578041087551643 90.79315023934151
12.607773589502557 89.69976698905118
65.05711122370882 93.94749863356725
45.133875695480484 75.7690605746082
7.054768917074428 49.45409221142958
91.55626605189629 29.724305652766738
37.75664951801067 17.675855751069
63.81274175594493 90.0595744587957
12.665030367546958 26.067035606234732
74.75594481906498 72.34415466341385
27.66304518537005 13.65314003675745
63.63860859935778 42.33614591670589
61.466694192455094 48.59036670296765
60.49090186622003 59.64301245724866
98.7485167910773 78.98354324669052
69.31444362208235 92.20637908894223
18.0526306935901 12.1279385071276
95.95672375396614 13.209189766972983
64.99841305132581 88.71929120196396
76.82403946254331 17.963024109704364
92.65325275896052 13.8205740356101
41.43553406499393 75.59588424739556
91.00895292729334 97.85981221367025
7.749301272478948 6.6806516607095245
69.19775506612784 54.43116931505669
48.24191620072267 36.13022603552862
8.856033329646728 70.74312862352457
73.79544503388988 89.66590539036932
87.26200988847359 20.40130541356635
63.01956198217072 87.06407957913808
21.669064114778458 48.05217828965822
39.80435419787211 29.398924126777924
98.06881679486973 9.452352330298307
88.81756741103823 3.1786411706343665
10.960626918124328 25.598107110296798
22.971143856777644 50.10439681210137
99.05988629290512 63.776868848222875
64.9735085869825 23.270992223634835
59.157323532872695 33.61533146761937
52.16786915378416 67.44091417321833
13.90555981770082 40.655087910515164
85.5556584371969 35.080758755167665
87.13958574443488 57.575575097754836
33.83565752208396 86.03816038537452
24.52482240299846 69.07926685375996
4.6596140353577065 40.4962549463518
61.26610103731861 45.53870147122154
47.56016935330752 3.4900190843233925
60.90821139608495 43.532425117130394
77.49613577233943 94.70643354686351
82.42094804903657 50.99964088194753
26.96917608810121 58.729374317772
69.79331426646725 34.37802276497969
41.23028141376004 29.002507636008858
88.08535605541303 24.916108543297
5.723113027092664 1.055710156990497
60.14621479031774 78.51405795588072
12.326081737360505 0.8578184459447691
28.042557371413324 63.57913498080428
55.95347575188955 11.806917381263936
