158
25.862829245952813 73.94821089948708
1.4275354471552482 83.94630105433384
67.21777295818082 79.90243484179229
82.11205847617849 30.815623648065905
50.651605756346804 16.019818249932214
8.814723619088682 5.974024871376848
29.119020018350174 26.024753965717018
61.69754206493351 60.55351187784809
69.42270540126947 0.09764567469532359
82.87580092798564 91.53199509939155
97.72353709615756 2.7463487677150233
91.54626946070613 40.02136219199725
40.08358928405653 99.75260365406493
47.779982397397724 5.19606747832192
20.318263240876313 18.26429657855271
29.638578206872356 35.2096912002835
5.929467334853045 28.215833467052576
68.73242449809102 5.592295379631073
42.399631040585675 37.975506746246154
96.94842363137772 66.18419451832412
42.2996009939976 67.60321361726615
22.0402041376787 81.10121075168848
26.108264723192132 82.12933963432313
70.70559785471322 57.73545196379442
30.042616701530743 89.51142813060295
32.7621429231176 30.430804916476028
92.30840861143304 20.835079378870226
2.191144259613864 40.38665408111234
82.72427839805191 61.69643099468354
89.59206939222135 2.822627299043412
65.75165497143855 66.99601770163164
27.769746517179716 90.14695698300547
14.039882772138878 22.37493427221644
31.39360838455193 76.75178576893266
78.72360495022586 28.206898118315205
27.299042617109404 44.339813039564746
22.445805707299204 48.66337493971942
90.5286535404125 60.879389481032376
66.76847496953685 81.29748806883556
88.33176413013764 68.22410020008498
73.97304916989698 75.14002520268598
26.772851054162018 26.254148506223117
36.51220775651836 13.554082682618162
9.483116472313235 56.17816649225805
88.62759354186973 12.023797763993759
99.43052688343785 58.993602040045246
31.2564365683892 71.7403046555853
73.57508506031341 18.69763302404831
47.561962217936326 38.15607167379563
90.43364984316945 9.840937506938607
98.7461625197095 65.34890171356913
38.32523456922811 70.4574952285028
93.76221253558715 41.11695625291958
96.93078489013926 38.11477741581108
80.13452435060205 73.69248000017627
51.068495273944315 46.832654902178774
65.18539287197981 61.715711280191
57.703919466342604 94.70019844927674
59.087479804038466 54.88699905313082
99.39490381927814 33.3454320953901
93.84746896170108 96.36201248967112
9.664862918819672 98.81902826623151
13.798729577861424 63.07043138468571
13.297025745513935 64.44304954205646
4.314116256783295 30.956780639113802
72.11060182247238 75.81682811190053
74.14222365214675 50.34705731065841
63.093380358678274 44.20540947364303
87.82708101822806 40.1632232115284
43.28972051568128 98.87294094827044
45.828223579559925 89.66524630652025
21.831916896367243 55.717838355959785
10.731966266805825 97.13642139014362
55.52563573074294 69.07556697313949
23.065129296483178 27.65102674699367
95.93678302657372 91.38827182560951
18.45627319191452 55.16840060550356
64.88467548349836 50.68089173491403
93.68570748575794 35.40615109726044
79.51540639039519 83.83026578844368
78.77110235853152 79.41032506229602
17.46791281945359 84.76807157492641
61.214930728562 4.0046494376203
18.347966048038757 90.54067551313781
80.27584583083681 61.54411488494224
34.87829060525222 6.070420556900757
38.046698689295376 19.000043906131005
14.216653043543893 54.69983595630875
22.283937550449362 72.73197124297172
37.62461123898559 6.453363672328405
26.30242844317473 16.383048159583268
66.97021617397397 82.59399238684881
23.48913562964364 67.91109823903182
90.41255291083874 43.95736217609228
32.90490175326143 30.877640938001182
42.71679690707965 91.72035024793527
51.79531628428915 35.131978362144814
11.19207347977894 26.608694874945694
7.412348262827861 28.893732263713133
54.089826730290056 91.13559494949067
14.78662874561637 51.94264128625727
88.47418215121652 66.31135048038136
45.36462702030584 10.538744537715017
43.718401961606205 26.4611394452415
40.65295785854991 60.18257737340604
3.6994957808992313 55.645930311766534
58.025376430811114 28.445842884079052
8.662082018754557 70.28426295245977
42.603937197161336 70.20962586980086
18.019229690610285 90.78796303618579
35.741841624455105 6.8350815353134475
48.281390743747856 52.830058167558846
17.175327868059178 99.81881702968187
73.85333162965831 68.0158599827672
81.62113129457948 99.1870894851295
21.64576089147915 63.888153646826815
71.3013425143513 94.80458582863692
19.03341051026406 69.2775420401383
84.82090117915952 35.66928507711721
56.88864310132852 18.66231508794539
75.50348411135307 30.93005760859856
99.18037752512461 8.278943479489554
22.18623684906905 84.82909014492608
63.747009795504574 79.86687665202135
47.8196565036205 45.79127973284125
55.84702895933995 62.11300142213667
99.1290847126419 97.62842110477042
68.9383247494187 26.917100755381973
37.33892807814291 12.560331116726086
56.68942988386804 79.77148893072136
94.08931128935566 24.822891313792617
69.94808173625752 38.432964906621606
76.98077471188984 63.9154388177413
95.57277643619851 36.84885660609427
59.330745436404555 56.48689089687444
8.543649499456496 92.1714383578467
41.45827713816175 29.017461836788392
78.10519875863825 46.06974129493305
36.534786271379424 41.187925881708765
38.82142532735606 13.811995636250618
4.583103680958056 12.091157598298953
61.367388056144534 79.88236654072959
45.168466258380704 7.993488993122744
42.494949506735956 47.47516561218684
65.06054753606405 70.96869436111011
80.77088983390865 51.993177436087635
37.56395841074473 36.418929185750684
44.44367049844116 10.26923547592592
98.01012220774862 5.975989851425068
10.334480773255716 99.68353300621055
87.60304213317266 46.67959425441146
71.84879650686888 61.402514971317835
65.12043003184125 69.20213617224773
70.74067697864939 0.03373215055210155
11.208617313355852 77.09537621747236
18.635668790388916 62.27300151358669
1.2908471225707152 94.8036132975365
52.83651690516423 30.385611077440377
