105
6.851991250546508 62.97537002823549
20.48699166917102 94.86035290869438
2.720612991885041 80.70227338589594
29.074729013788303 55.142788914626195
9.536506750617724 59.233442454379016
94.87310561903843 88.48550049101846
48.24432490447806 14.622864455989948
80.69744074365187 87.15079908909135
40.08473145683402 79.36524796487056
1.5879257652346213 84.26005831037384
34.04444221682783 28.64143601005186
59.20487197714586 9.206917930980197
46.95247817560525 17.245181775746676
42.61949895075765 43.35812192215885
88.54183555090226 30.89213799686288
93.79398161290257 44.649947843362725
15.841265160549177 24.379746140350676
1.7981938776984285 31.241318756754467
58.01540920728593 38.905314768125166
55.325999619249366 35.82712761175415
70.04221787159352 74.913833476643
38.100015424001974 4.463871911045125
96.97999495581739 11.124464885612994
88.94483476429707 68.56922415185944
57.07775022065509 14.094319294411385
90.51709881954415 27.616524166361934
58.88331546454457 64.63079339664554
96.99334737446536 34.71416087796747
7.2561157343950855 80.88773037876776
69.96215545898 19.48405610075865
79.44108645500627 78.73963721560145
13.306088845180353 16.7299446016727
41.34792102602935 84.21573528321382
93.31665666871946 55.42371900306906
79.4292751793827 77.11815997747547
69.11177637916795 46.302108861088655
14.48227002096597 50.119766500355844
9.632305430020317 35.16869963144597
54.198792606949496 29.56728483450066
31.224270018709266 22.3305827870532
14.435772599888564 18.232213268302356
94.13750088414787 2.2740520163658906
60.37696057323453 46.07541383575665
42.973455743696455 80.69494802831744
47.91238448734115 63.7629289849556
7.81001737069158 64.83942306993052
50.94949865869411 38.8470225552914
60.37409948045243 70.9724015863617
99.3628062262108 10.824430383459516
22.42485556961715 89.07439317830226
25.789069721702806 76.45878138931973
23.078505991975252 71.76428502614206
82.87216816141674 93.63884170962197
79.3233701301017 18.87391128667729
61.74032303787003 12.78348392310571
88.92319752456368 71.05353058478275
73.61074062469446 36.75138330506681
24.845932785587987 89.63829316495284
26.341750427864774 33.28863252047252
17.74216546712428 5.058399764117826
57.24430471248255 36.16232574615322
4.902233687573232 24.661227475129664
72.99815370167688 9.661827046315496
76.59916869450225 96.24548838125033
81.2840610867147 46.12732002406885
25.294626201464542 20.259887254288046
85.82714929279358 67.526794930552
87.24315874184057 16.282110036388865
24.53289254365718 39.03231575465346
22.362507867491388 79.19379267866182
87.09015988488524 12.697279500911451
84.69548777970262 6.4193374684013875
61.673953771105005 30.61187366688175
91.03220089714834 26.239541361350426
74.31057078236107 11.647958918929636
91.92434224046305 11.841263358023557
5.315472540939059 21.604912846387315
62.995798785421876 38.01181067205375
24.497409143661386 57.48037959271838
20.381020491539235 83.35369073130569
96.79023007926297 7.208047556255659
99.1660673794883 20.730732080280568
37.819965676547376 26.22534448675664
26.140789182026413 71.484675542909
38.537146626089005 84.8470123473051
26.00215031110683 71.66000323015238
75.74591215205433 71.8061768544945
93.34447714763019 66.0214688192245
41.93016160663719 77.45065856483937
53.9330951850791 66.73784694430869
30.169209517314243 17.965490880562772
48.869120630928954 10.56758479326515
93.88864257010997 37.58730532519735
55.63690330369161 7.197951167208149
39.837104885170426 95.1149679945541
68.41517166718464 8.209500036612837
98.50895520795338 84.32111046582126
76.63833590033714 9.165336360206533
82.64644739470666 73.94923039056496
93.72732766445412 38.37450082182687
89.80947893128372 12.367128711419383
62.14577529110652 72.9743982043877
38.21254862384025 39.85201041456791
50.96664211087454 31.60482785230794
64.71091895945405 33.166887584850166
