179
39.40483170031834 66.78264397915846
23.57402341843031 75.08518730358035
60.97956760519615 59.146173743254536
83.28256003753405 9.37324124363139
7.21058817703506 2.402608374765769
61.439449273533164 36.61068412198766
20.063431960912027 18.46278610242734
33.25175619245172 29.251600395215714
63.912879491904775 75.63980664708933
66.81342310922535 53.06605564708733
0.658174542801393 19.376153290789233
42.588245491817936 98.31212529189452
61.68538339960688 30.736365434519918
40.15544781085622 83.82414219045592
20.402921224475833 39.72031397293828
27.04011009841929 80.40978402766511
46.94187809525019 36.93783459777323
54.97619042892339 18.517730091391684
56.8091518079509 69.51983953146627
12.290391023767278 82.25502723336098
14.238391926820547 72.75630762668123
19.261388765686995 27.09000223771242
76.88165924773556 58.15146775710708
34.85142699415874 67.22081839629543
51.394403222592025 73.81274732146649
78.44683410120669 60.10503251492321
85.96859037692731 56.34335392472938
58.64351856025088 87.1435208262729
77.7558214899855 81.8253024081327
49.19618828618161 31.47348897350055
95.9119840024913 83.57371935890164
69.31268369690616 23.358136105219597
41.071351360352374 10.748124785503277
33.94789015867873 34.85867463132893
82.28487879308788 38.87569915455401
57.008817260139864 76.17310207399002
42.25857755954338 6.820619958262175
13.382788734872387 13.741754787399795
43.71108476108031 32.104399393599124
37.79498688910275 1.9056282548792325
99.45395263235237 24.50977032023445
26.442987786421547 33.571719631113176
31.422259669131293 19.23160774299557
5.657853261868562 49.906073609717616
59.884411366804166 48.758208482613
83.92874507740491 53.692180620206685
67.98803046214756 17.708363836200224
2.8764121351357974 7.6339516307636135
47.785881858437385 89.83495646904312
87.13258305670675 9.01216382332548
85.40945842060802 54.17735441717699
4.6331225217959515 72.35861786234075
90.06636210505927 26.904117676447182
29.98173582078616 2.20984201993607
26.49447349498907 24.677301370477057
40.79205700733654 82.2881163013604
67.33248509272079 50.06275031162879
31.59419216359999 21.048916828066943
95.86029743092641 44.58079059555114
32.97622577395085 93.50452983543055
53.1927000636671 59.75847427856083
97.69727686766068 71.34761937679731
68.03372899443728 1.7494912238978366
85.61843954163699 3.6498484108242746
26.11585118562717 24.453200103928385
28.502201467819376 61.87956584648331
19.520619492494042 41.670855928988345
45.50378619240658 74.78818958827141
30.965365274767187 31.49125623138471
12.486618152149964 30.04482614010885
43.057060250713604 97.49334780509483
94.90257026582682 33.16794422131094
29.41038726580184 24.463410592283953
70.17905353129973 37.39534601925371
67.13965178442098 21.318369976139053
51.377273814949596 78.45383225161112
69.002031691838 10.650530131771951
59.55260884433156 45.45083321543755
3.1267969970030673 42.34925922928807
40.584745727225155 73.3634215952984
48.42803524235295 78.91948876868186
21.47915069047137 88.30973538648944
40.64894451813616 44.38514755923719
2.309236520325053 71.65758765979847
3.4392238174648537 8.565608462072571
14.838336791193052 74.72875131758218
85.93359349772436 50.32008112367775
86.10163470341112 62.34631049043655
29.56481422733749 7.200652742523017
74.31021885391691 37.17144002913722
36.960467184493325 35.7149342879882
62.0099037556369 63.838354043964515
33.51221112625002 17.699962200811804
5.189559470185589 84.49324746217071
98.57121328367191 67.12591833093956
92.95329417249444 44.605243607821286
18.313692759347234 17.985731801738545
47.78858558714349 55.6741474709859
60.39401210711777 82.0574756619907
68.04277258237371 43.28088655090809
75.95584514673587 97.99300076977467
43.11794180738519 62.618710835155
59.323725698663864 23.816999874571675
47.544901614810264 74.81770718583898
16.347919808774357 50.5587800831166
74.15112215640231 5.996724702298605
47.151973960606455 51.19291022880124
39.484212968611885 84.56979954660524
86.98823051837105 2.4298984761566
96.49236326249243 8.942808544871339
39.87605688447978 17.906306910719728
46.3307259158666 98.43497472815079
60.95314475151443 58.93399741834726
22.660211391671925 26.68116044346126
91.8348669765935 58.68404270546132
91.57180157070074 23.668581285125867
17.838384467535207 38.18653729155458
14.569171327030395 69.61785571232373
12.365452685987998 30.14694464884475
19.003392764689085 94.15854273506875
30.53602704860675 95.75516034340713
55.332724148061 69.87306006610363
19.322972041628926 11.646907523925954
90.33404024837604 74.72815578621497
30.876953189151845 56.28895648919253
0.5286122359971168 28.763628121871598
59.193923088678865 24.46338455912884
47.839615398231494 41.47239113294342
6.847630228168833 59.27938631500502
84.78466050328748 22.463244509964365
49.56803490899111 86.7385983020786
71.31948295603208 95.35047353573508
66.64383090747309 40.224535419507504
10.55970630835672 25.10759342550246
76.64590799945032 81.53464796640321
83.98276694506639 88.11487542100356
46.08991139929313 1.0706329149323013
20.600167699600746 57.04105728070916
55.42183242117991 88.53593869939066
45.885959750193564 70.83142910513939
80.59866532085638 19.47806556865289
97.48017628335079 1.5878598259756571
20.791973131128028 65.44678027711245
0.14772949617076758 13.12498483184028
97.70832851951434 30.406961515091346
85.11621828544864 34.25512134480876
36.82263972930409 1.7833601580055647
25.858773679512137 87.26015135836904
64.75892587804817 97.90164065557134
45.50900738829079 45.670805058502594
75.01919979253762 99.39304753617634
56.65592817326599 96.1361473170661
3.726294521855944 97.66735798663163
87.78595232122446 98.42590216900048
11.195514520960137 67.8119854779221
75.61876883131598 6.273022261784611
15.924165623801 9.65363799402057
73.7657243326854 4.408024777299335
50.74644191067894 68.370058778806
13.409013604387843 76.79877006372296
87.60194913620076 72.75928581038268
86.70990729604439 92.76810591149626
36.509586920976155 92.30755358208988
60.70801295161095 95.21721619888962
77.28997588056305 62.309970311278505
60.88090394696849 23.06097651817526
29.944864329427055 43.025957275055326
56.43683941126779 28.160799873820874
38.08642140962297 79.86630007969637
31.856225834978414 20.858936128566253
86.13911626801118 85.40854467555286
80.81682699928898 71.82108241785946
70.62570942979636 9.334505495629465
26.303300441270927 3.2468774180632654
67.67388195083696 85.70437386896714
31.46626426614346 85.36373266518348
54.142471972767225 7.512573451623261
58.759808837141506 49.318018849724176
41.94830627407955 2.987166298337385
