144
46.77739225412033 81.89311563501876
45.826857558413636 38.03456831859114
99.50396507522248 91.00854872904914
23.006037475394912 26.49945192339794
16.070480619383577 4.73872503455336
28.12024867676651 33.37635790252813
51.838452838510385 6.736400925663311
67.1010988916851 86.72211514928424
29.105520694736274 73.86012042965523
25.84767028442423 40.46059970379458
3.9434469021087493 60.75836735221276
45.192368484640944 23.32863825068905
44.54461400436557 95.37810266072697
53.60492405226307 44.40747380467583
46.47603207464982 54.10854072067151
64.42351879326334 8.903738319139832
56.98948285903145 16.42638882884373
70.43187731649418 54.11116427447208
16.10847562814872 1.4315095498001362
40.070846615262035 16.09255904897554
80.11922212490448 46.091677422047184
84.0535474867018 21.692656090718543
80.07178346837006 27.01912875125434
65.27284766627662 11.56101028168085
42.622392362917694 87.09319069815874
34.41443822144622 27.27656252416989
74.20440022528483 26.552645967080302
49.769266430144924 88.17267163001235
98.57366574218369 21.807273943171356
1.2135829780692498 39.990042481355836
27.80157569294317 63.91667443784187
79.32961826019843 67.1309502534625
3.072633361636423 89.57338614097495
80.77985422738571 23.12403385473366
96.30918551183319 66.99570332998344
75.28198039466677 29.988475804057956
84.87464498220335 87.10332891410388
32.66314892656826 86.60729266451239
47.817674035188006 44.91457580863638
7.785312364456686 10.398298405740913
39.180347895096965 93.86599699571664
46.61462533669795 88.37278877922448
42.22851542091357 19.657169552343944
35.04322225506673 57.270475192216594
89.38251266902532 14.616766992895847
74.58639053268911 4.769785783677083
91.76514627253484 11.802600711403699
83.29397848575421 62.940090253263016
79.68213268713885 6.250654903982811
87.57257872038174 69.83882662872173
77.52539251599396 79.98205894399415
30.871956888409922 85.54879802683287
53.726961307351154 82.19210892268995
57.58287563949348 40.84148876105843
52.694857352305924 49.66672253444477
76.48606861556317 43.85852409985591
19.799961705057033 39.447707609504214
9.002722650880635 1.6912777609012108
58.30832250742728 40.94842449220546
49.22781745484441 40.172810848145424
53.475442150183774 28.140612893868234
7.265182128459335 31.460107508456037
59.085878028310354 70.9107781587831
36.36843593383973 80.95855493052719
77.35365971651802 48.368764441181824
94.21401520796641 53.111636958698426
68.85037611231613 79.12331136053285
29.0913669955976 17.01716070212429
21.013116035704805 69.2975995897083
22.024989902275017 46.628548616794355
28.4639529461018 88.38920961910095
83.86998436108527 93.56852426631929
26.6859593396194 28.11176156085854
49.41932880039429 19.351149722164273
49.617899815303325 89.42339258671248
57.91440171281628 23.419859449399183
68.45770332008229 38.765326505506394
35.0282437888202 41.640252414590314
84.37211998951109 25.625763198588714
87.14773328616499 94.25052498855938
37.27462622407636 31.761953578518643
16.340086357566076 1.066874559615294
73.6931054380276 72.27690374696635
84.34899102558656 18.279611877644964
36.81293318338861 72.74307709692856
5.988545073226437 76.05475608486914
38.76187528368143 36.481787948070895
41.708004602319946 61.076333432948196
46.81165497204002 84.72271318375516
64.79787292448653 6.230329567852156
32.00608136831723 96.56498000471552
6.3243006736492084 44.32345887020832
36.214771339070495 81.52759378800673
44.768167720379246 69.19616804636775
81.30187921266518 37.20405861287864
53.644835770522235 23.83362170149853
12.593857239729411 53.0457035773775
52.609314119765116 69.52498773950389
59.76409745471262 83.57307590132702
85.51471424433903 53.810197748582254
74.38402182915165 10.816587000585287
98.60608597807611 99.72747652479745
17.530615636326562 86.81578240603916
24.227570919143538 97.02061120478798
51.59199119215471 98.78475767470911
26.196594592519105 12.794580725563687
99.67493053896757 7.940773110618194
61.47811179962759 34.67842381438842
98.41394030874845 21.122560999950256
41.958457717130734 55.32566249753182
59.121871635431425 29.79705565897036
82.01064878297466 68.61472928200891
39.1596138268263 25.618137372989125
81.69779916765548 93.1509940167546
54.49270538243353 11.951294765284693
26.192807974029687 98.88085816564971
20.325678781242974 84.7002477911434
49.220094978978324 85.1138751300675
3.8343962748079052 84.45721907735629
41.10670567368552 80.41417769875517
86.38594779256599 87.49970632693221
9.44003223492389 19.30307044149866
73.25990381225563 25.533006959452585
12.212160695810493 16.282509027911086
66.62900519369184 93.64637582525268
46.225891794635984 34.60013838195584
38.71782177034796 90.83110895506461
38.25710466254305 50.47215926563896
22.89544364741246 86.73321419413712
17.997340119787342 64.41782193453463
85.62106282446584 38.139318587746594
15.149071247332646 94.59858098727148
69.4655669704756 26.73984204591705
3.624742582454854 29.42017722564476
55.84650308611142 98.01513302828491
31.89558277574648 4.492839628878875
43.9580589745653 30.697806959631137
73.54770901576599 15.264839126731445
44.28198658361359 28.903139113618003
34.286694909331416 43.175257784055276
57.18063922295352 89.14735704787698
30.142966137748562 47.7204721376793
82.94640436022334 76.68904064907052
41.57375483517889 71.5030056640596
