14
85.87859351986492 41.033149420802154
40.685656162511776 55.65637694462659
49.026717867591564 64.6884724837229
11.386822905642058 25.537756507387744
8.19942327344777 28.66907349277711
80.54198977666107 70.60293378378206
77.09018856241818 13.129005654856918
61.76789767576064 45.4353824416384
99.07768059389095 68.34851049014944
47.77604842652294 80.11054427732314
56.70461839305807 56.43107685846191
0.9972053540565295 21.725838501021023
44.61146122562175 43.17615759375967
33.73619009035419 25.01453193961545
