122
44.619253918962485 31.802139656066785
64.93981218079986 35.03437934892971
54.22750786658575 62.077895734250255
14.22156453051202 10.922279762742804
60.534455423002385 15.338021186274197
14.408885461644772 23.04231391805619
65.82293854243558 29.286941487565986
31.53904083715011 23.904024086641684
96.2365480635291 8.736376379585097
88.34128978690383 2.311235844082471
8.964288503375094 26.180591914419626
11.040668371739603 46.175366146173126
16.565434398870206 63.65673774451327
19.951427143973632 18.606774214486986
96.7884378093239 35.53818171517564
25.254715093743695 79.04158551519386
75.45630187467843 45.03068927814186
48.24161691313036 75.88357903255493
72.20336757227147 46.90845535226861
15.597345324609535 56.598807133735384
10.416816024062358 7.347787740850853
46.694204909257984 22.733458815750296
37.89835519423031 68.333250814888
76.5666372434288 96.21814450395928
2.5918237512708275 29.03537238136923
22.17344247190651 47.426927425205335
30.862505990006273 5.0671825946994815
51.403728625841985 49.00297177358356
34.68185700014704 76.90231596908443
45.3388849117089 76.10305041073046
10.337304672654568 77.94540082686682
21.099401141670814 79.52124977722796
23.83238282467811 89.41522883729044
91.34406157737943 42.08892478029866
64.04424907188425 4.130258875285497
27.072265605443533 79.43236248481193
57.5180863981381 18.9047210740924
83.06358751009877 98.44229867306842
87.91408935200408 22.775243270459754
96.89763736255304 21.77031467645264
60.11499663567279 96.5481630672435
4.397163608168708 39.55171783731547
85.62870508996292 65.23145901287998
28.194389043959355 23.560953947666242
15.705742519295175 63.801211870922195
66.9602803427205 23.724797341352044
85.16356711262705 64.80477648923126
93.47619602728344 25.49002020076456
88.91632547739563 43.193503138357904
88.64780845938452 54.083805947501
98.80002260651986 76.17936567354504
50.98496792152384 36.96650487197064
70.04862957549155 75.16969545379264
93.4345255064432 19.595806801343596
31.779326122063466 74.9330780619139
35.286865559520564 66.943228002571
18.20464377842135 7.40339173267378
81.99938755778201 93.5335556585509
47.468307568470024 42.7533246489397
39.55845405466019 11.648878462812606
30.58844974015672 8.411772447712373
67.14095569038612 39.06199577154862
30.07581430048547 72.42423430413042
63.50706176632208 72.81780569322981
65.4372951864891 27.869117929720677
47.85708142275972 63.99115182499692
7.8307302722417145 40.837890649439586
18.49429281515954 45.36375218895448
67.03418774300943 3.8004784573704375
79.0168665469847 4.301434533045012
71.595536474308 3.7781263154264333
78.96309963921426 99.23936425433841
13.504504125689309 82.4943408323459
13.040019446522965 33.315284906117505
38.28630351839307 29.522105512770246
79.96286180954945 10.134173671775882
15.496632383470688 21.553400547940214
21.678323833501622 21.290543457915945
94.20570821879653 34.37363545153504
8.322811060652512 51.44037648321606
93.71252485368238 90.95517535725442
85.15159033563008 57.18200269581827
63.185235767228185 99.63088691419458
80.9310286947473 39.069084726850875
29.89309463338804 8.173478040742065
90.13026639219602 92.7300940797265
79.90112250500282 19.08948779991978
96.49669044874007 57.82242455625192
98.67203351788326 45.883652795027054
28.179950436878386 63.781281319554196
56.94700973715759 76.69404650731073
77.42280351569786 87.62185128498695
33.26034832946413 6.392577525393284
96.59621315625053 82.79861040848124
87.94121013949952 76.82403517142808
36.17889933691087 84.48073811079026
35.669964300304905 41.02883722340776
76.93908571575199 69.65639338808246
27.22659710187152 95.87592381557344
18.081743594130018 2.3413321258918596
16.59603438107602 41.617419600786576
13.4338057738003 17.494402670176925
23.41452073032769 91.95497559094198
33.119988597937436 99.66765641579157
40.19706594087816 41.659643001583035
48.7829724756915 59.18506252041744
26.302814306040045 8.52220995427535
66.36804597493988 94.59613024869292
95.00898469347625 21.52392166113645
68.35022985881841 17.041693224104836
32.91095988846728 98.36266515181356
68.37098983295544 78.3202999265575
10.596133112565509 59.84972173121803
9.473751862833723 0.4943911459895478
37.229214885761195 57.95551058350765
99.50505769947104 97.4574048525913
92.63945396664927 76.4953753060787
34.211084076668264 43.308167127470696
44.031012071618214 82.27838587488576
36.34416921378632 1.4663024240265332
25.804119554039996 3.1738217329192575
17.567545327284762 28.39041852387546
