106
56.528965275206936 94.31874506901194
23.860250244386627 8.79475667939219
45.6960537622913 81.37127773196706
39.578568347305385 67.07732874106324
74.20115023332198 48.36593374571589
72.6782807364436 59.54881667118086
33.55064610210336 85.73723689134567
3.426754419747813 35.00086724084445
87.09047810178127 77.81062611228043
19.536796947923342 83.00277543572531
4.513301813151194 58.96467669366344
68.85911459591135 25.035313197300347
82.87963450987125 91.6560134217842
5.111468689791088 52.69264990434262
14.169689442516209 36.025532310052355
88.06721673190859 38.504007298744426
75.86280011569482 84.44686777362348
31.303367278874173 76.00024824152584
27.99269895306483 54.79579355622059
80.86565374714313 5.6613671020356415
34.01738548089429 76.51688033883705
36.85953425014365 61.845612201520105
71.31355013518026 79.3922763328289
49.860890426544266 83.3493206920725
4.387615825977454 15.70309561223634
14.14726137707869 10.667268663874353
43.149399903703326 6.012352977461433
33.07011672992899 33.093755925398106
8.082319066143583 35.19517298002083
17.33417707327257 88.69090835926121
89.41829953099102 11.199563754382446
54.15651097968035 69.52468586614997
55.00058780826581 97.95563962431066
62.40349128245646 35.72767020450377
28.589715440781394 33.6451411205044
32.3655068127268 62.434955621999755
79.17910184174733 22.055597724026565
91.45151109735227 9.240414443116729
91.27272848176317 13.897015173236216
74.32347175862805 29.117712765298354
7.704469620118093 42.26181227109039
96.46938505228472 91.2172974282097
18.83406227928849 64.40317596735768
12.883567158869557 38.85181443063789
25.530370715994934 61.950937593999555
66.86020117993137 25.872492639853384
19.19437979864704 97.20402315623485
86.15273635506365 6.500828879245935
0.6141302593908882 52.18597761915829
74.60319968730215 54.680604753861296
24.389755304241113 85.9840942709654
18.02627514885381 2.3626728193092417
22.256971952741765 46.34966199213994
65.32562286385631 50.888875428258764
22.074035948482873 44.37737465036253
58.88106392133516 79.85498227790815
33.05241249859046 96.6978289294562
92.96645662756288 21.219603862792123
24.642901490758195 39.42130957877528
27.606720717793852 3.1705577065111235
91.73056575701195 23.2312406948737
16.93288297418041 26.622620342857807
58.94264490954829 50.151394629182974
90.04148666519798 68.67286377837002
78.34701539830384 16.61592239508537
60.93605471687603 28.238151550613498
78.2883230425268 8.390294928214582
69.86570005067676 31.929475319200805
94.50439041888987 16.620867696871667
2.9770837656092453 66.3982963330277
27.748991596349303 17.98130577862509
37.5283030145481 39.574900130737376
47.4806607869687 84.4692297962676
10.78222325743684 3.4896665891553713
62.67314757052578 46.025218514283225
67.17509806392111 14.822548612366294
21.191650655438423 80.7542723140093
1.078943554478562 84.725697405599
36.75409420792063 53.1269678925615
63.15894609283419 10.997472093475713
3.805512498906405 93.70397553687872
37.60076818179988 91.84503805915676
35.47285244615953 2.029564544311613
4.741590589602462 47.83657298173459
51.76564015227368 71.37569097285377
2.6896058018441416 94.89528038977221
24.730274425113485 59.80307558864292
98.62569500578773 51.52660843294321
46.60101284734369 45.40159947116528
10.101540887818583 25.060249304832183
3.494902179466086 33.85843504659577
85.09041816672557 26.656599469292463
33.66154608769182 72.1188025315187
51.70825519966827 85.27155014277037
38.69295470857149 41.78408341795502
29.255196549812712 90.62541480097047
18.33411317602951 12.522791770262277
32.15682366614963 42.63122051025956
70.57487306010646 71.86004282301116
34.33631477708264 57.13357516730776
93.81789771948858 50.05892108313618
15.237278075108652 3.2818807137102057
14.183159662941215 76.62653260704523
22.938474722715373 77.15178756821074
10.436382918520904 54.92616207986152
47.10091656194626 59.831380429708645
