176
8.818032910007345 66.73497295524228
9.698904740280634 67.55553877396065
24.80514254765074 33.08813291419963
33.412981480197715 44.4453677388226
11.183369549464928 94.6712532819643
61.326587446159785 47.92112645441699
77.79073544424708 3.0608083059035174
29.37738306401406 60.86076441500058
95.40364352340582 70.5558156060351
15.329203993720109 28.869494936377727
37.40846823179853 86.2767210569255
52.84037865633214 41.46534860130351
74.06165700165234 20.914710188267836
1.766004899278617 27.55945841699886
57.680009661775934 17.680618200903996
28.27783363100478 76.1877976982503
33.07525991443113 88.52860324761707
32.15182639539034 27.62021701439129
25.368892528565855 71.42250915490153
7.253856252592195 2.4566317013061556
49.50608244977946 70.05968570624161
47.60107305983813 20.77821422628351
35.350179828509475 6.854526664127181
74.71703134528704 90.59237242095676
94.97584446925016 19.24626244171661
35.59674378402532 22.6927747107306
2.4853782011370007 35.55992546778624
39.33445641594775 54.40687584956648
23.347171174159865 78.44216726752859
51.617547523042276 8.875275029929375
81.32674671684453 67.31716952597868
53.71265682386475 84.15296951514269
73.50169601358304 96.00983761670292
59.77270303901471 21.162863561712097
43.498588246431794 63.21833620295065
81.4207488158171 1.2955323286942377
33.05125576390522 67.32031184945545
25.46349975943364 58.39616527163345
73.05253138303082 64.61740907719613
53.015432185337374 33.312067640501574
80.40534167587904 19.831115187130134
42.59098674283378 47.02431377497134
94.81783558029807 98.66889118125678
90.9802939925846 86.74772468333553
5.230847783361581 65.55204217460735
95.07269352885196 41.02565063388292
74.56407298853664 17.814783672278832
88.2397770309253 16.19250828069586
60.78374155719286 21.3738308545672
61.799858684013245 19.149350031377487
46.41018723572655 80.11266869478418
62.35990692004837 27.495031024275974
10.470498386327233 98.13338729785647
95.33176664287997 52.501153770548505
62.77634376630268 94.7137283691923
2.767300778921311 39.38246201863218
77.20689848283918 50.05955089380184
45.412260141943165 86.19299954805548
66.68822345018685 94.45224777642551
95.00133924343423 9.004707803070833
34.10051234555196 79.6317375071914
36.07461759724011 14.396078726616757
24.624657818331976 6.835057272076783
74.87314076949933 44.392278647129594
77.82990016149925 56.12442239794277
51.65715266914142 53.19243821956358
11.259916567691597 27.50157009563392
28.37448888759505 9.436441129882645
58.06422685327498 88.74047043397752
72.46411332917069 81.20512212929867
38.36199393833131 26.267459761370393
59.6699046203159 36.6590609577891
42.72285146620549 1.3456788252043772
84.094596056933 51.5288332781841
40.323441127693116 27.132227908452133
69.59685444007542 9.29159739856884
53.477864955795575 69.69930514285132
14.585591768577743 27.029157522483217
99.24004703111846 24.95993780113691
49.21356750862928 19.14516837497633
48.539037792256266 38.053219439894946
51.13987005757088 49.25807199409591
26.71506155411876 21.325884438272457
33.7703493196183 55.261734991026316
69.5893063203363 97.26917886151934
38.0216897987566 88.76357748524742
93.99359000431996 79.33297940168987
90.52661650428468 88.75119468988396
17.861567822929548 34.195376676686784
51.559869355867825 47.293172605737546
20.938085272909834 3.4440315546539924
1.883947673954034 61.41285278510904
17.825537025989746 7.324643682405696
41.47272167797019 59.0666270585521
58.978493052708544 15.826552487697331
74.1841381425178 24.85597366050396
13.784413029405352 87.70690556761443
58.974441929344664 65.3942731826883
89.44838307659172 24.46479614730144
25.452744446145005 18.037144550048
2.5395914422982835 7.643930320997749
46.2826338883497 25.56829180406681
0.16157008309878318 86.010740551218
9.608338118143012 23.95668514389453
64.47639789003574 60.14129474102573
76.65395410221022 1.0954925909894664
73.2478096824367 39.538413143246466
98.02725193908273 44.14631059834383
67.95260503740543 31.748201128352004
84.6200173559905 82.94867191841868
78.85320035315324 67.90554908019672
36.61046476310044 30.93555064618405
63.447757073766965 35.16503570047009
7.08629041011366 40.71977336414025
16.17029466618318 5.292373199499312
42.72048922193705 36.72897469641933
97.50473735083045 71.39845194049029
50.541500553407346 17.216428182561437
18.591420343628684 16.07066768555714
25.964470129268978 29.578140721390866
35.150250482636494 73.26126477894444
50.728907654809504 55.164083619023295
65.08299251384587 37.19048022547972
20.467886365378064 16.95234605194249
45.95618850532468 94.43053616606811
28.354695053245337 99.50369434555702
67.68088980824919 5.9248689126890515
32.01192292353531 77.92144776239972
33.726230586019824 92.4744721624214
21.735834857072877 8.175180988947162
75.7007009753215 84.71272062900256
56.565972367356906 57.21259015650032
10.082639815265448 35.63524514415665
46.744080088692385 15.07249706954129
48.46358083254353 43.50607460582474
40.890569235233244 83.87439359612438
60.584643019735175 79.32892387452812
60.08330077834739 63.56336995211819
13.381863110375736 2.5187280760769593
94.60791872137445 39.016137814654016
76.22708860997109 51.86118655791624
62.52973223370907 12.213792026274305
90.64360204127392 98.2636119611397
91.52155257003382 30.886765437988284
48.07098422234128 23.132420845829703
35.10375331740114 39.8798769170278
47.11849607539994 9.809662437505807
34.12339058238708 34.774402366624116
64.32081340256003 0.4533076464065422
57.83839963008213 29.521200486036648
23.51923298388816 39.22915190093743
94.88576468351071 84.93671161289691
86.5326122689869 49.38344009732833
18.550702531869334 82.02192953126041
81.01919560535313 64.5923510970781
34.7578327329183 36.0967970793193
21.828151681310104 51.26589372425103
81.45807783964385 30.73549192424072
53.14156576986453 10.096206679334818
49.17903663783287 54.447558705001484
63.4053650894693 84.99934240536156
33.69015170850299 33.181817628197365
58.68968980641167 89.0121568308863
45.462940341229356 40.12236113570573
85.32029787427032 21.784780932541782
56.06434943149689 43.63805825366246
97.9681432895048 11.702354830847284
93.45046364995082 94.51652291887697
22.56198695565773 2.5445354030672607
63.670290175064736 40.64349307350055
34.518377878492466 32.812059149363
68.03992971807826 32.99959128968924
55.24096996842207 79.18973546986416
23.384720641273894 27.11879804299402
89.26401914907245 85.50466506428181
78.38063752095144 10.72620668151889
