115
56.98195345721542 76.56161304013902
81.6485086680071 72.33006941529203
64.22595253204317 61.806388470970596
54.99814120711572 70.92426157569874
46.4221624814138 15.693106171628479
43.432607968419845 21.997505420566053
14.015965327654389 30.25883014110048
9.737299883812668 95.05911825747206
40.706289515594015 20.407263327078407
21.62686764112958 21.05482092947334
90.6126759497234 86.8693494480096
40.759076417069785 90.56002379818709
26.49448765037441 39.377357459317
17.684999005808766 24.204480155778175
40.51926866344918 33.32234936756166
14.794140144515456 71.41632017157536
48.90810996630472 83.14439184272383
29.98887282576198 75.5056187734841
5.385263859423539 57.44889014054113
47.39206547731612 19.32477447330522
24.457797193637443 6.055609017362585
95.39461292359523 83.78459953091767
11.932646563468996 95.50502098681353
15.321038600877712 86.69133324452216
7.992924600218965 73.82081216894795
3.3266327686504282 84.71575292851526
79.81517720235175 26.50990496620863
67.80807725267883 99.89695461061878
81.45379847171512 64.20633581131028
40.35160206720744 45.65929514745031
30.47385304412774 67.01933441621775
48.51689987124811 59.54519248102095
84.73584227146623 59.794020825492275
69.5053959371901 12.830709935533113
16.458655619198982 62.03292267655336
32.61670191917653 92.96792696550273
92.62890054845754 48.66086972744259
16.111553089750142 26.07361810658233
90.1594587199261 45.44141506838212
32.508748498099635 6.803283495409895
88.46833814868165 97.29959055438793
1.359283949146084 72.78789029547238
21.681955087711458 55.873292333440695
21.08946175754759 52.00165843546666
21.099726289060627 11.025484976300348
68.55950161843035 22.22631573173295
26.674068903648774 1.4788015380213126
55.41038423659448 79.98218381724465
5.315398247897152 42.4291911399926
72.77990823069806 50.82755039810672
17.233494810421746 75.689738160563
85.93064022331927 86.31961235530036
61.409958497382675 30.302840084084792
79.79546674314413 51.588071055516224
20.991836523341277 85.01659563591933
15.370187770169874 81.22301341790975
77.37435504667847 14.124588367197022
53.721999785922414 33.692675174127785
28.500593602012348 92.60949275237923
67.19220780932086 19.131791337101678
62.12155736501697 80.5838291076824
32.557982541205874 69.17608259206803
22.274828651389868 95.19957942910499
70.08434492233833 39.65601007777472
86.26734038593557 97.60969242978189
26.85999542897013 84.72322665440237
77.27107766204989 45.368547252535244
33.898847928089445 56.064952430542014
43.39054628912049 4.86578089246793
52.58450804939656 53.46518240199156
62.1625347274968 24.837469862117235
82.70590644342997 74.59082961528655
88.12248492283182 98.38744933793733
19.791658734817286 52.336520351997265
16.087542322851967 22.4872876696956
8.124129061608986 61.58606332192081
74.05354934924306 17.312281321116664
62.10504659864326 34.741811855468676
68.81812788504595 19.495092222953623
76.82033994203282 15.745841262502802
17.93790389687938 59.67604398152358
70.14514394158667 93.02871979982108
45.774237764416995 91.64970605556294
89.63745994090894 41.82334786521934
72.72841746170312 75.20999027551217
57.13784186572492 65.52851232085484
91.7694370925031 4.9922822205919815
66.13790698883733 25.648808032283053
11.858979696689719 31.680417789721037
68.6927664475373 15.332077658824407
4.570754846786551 51.69802307077074
55.18674343869312 30.45056113155704
54.28907978619081 31.251791532995576
81.06333580645261 5.417706025009428
51.85047119573267 54.545605104081865
19.480005718247106 43.821263213974646
46.24829457149752 52.67644113289723
45.39410458161548 10.666882774131858
72.5694860240559 54.4677277075654
31.94656673481847 75.31762337926247
41.242561222666666 13.79063437242215
15.87585021947515 91.74215616044994
69.9489813968791 95.62813122649236
96.63101615887543 31.925957576152452
21.41681089461929 9.997258625333306
79.26520630719092 72.47533530665952
67.3839746266315 56.961436822861664
78.32006484211726 17.188860627268266
82.01075512274869 6.595730971592606
82.54263195336964 65.15848690531313
30.37148136604103 6.715721275808972
98.18660270945111 44.6868366200451
62.2858730268795 35.23268070294259
18.37640891865989 12.19796970994973
56.56814417519197 12.437278728441914
