108
10.900694580150883 62.69881490936513
16.630394213776366 9.970996742653204
80.37534054314003 74.88026187572905
7.283396782708107 31.796933049535102
49.253905428414626 28.945528841152523
0.4939157039976161 9.972208235964796
89.01921537320365 45.52991920538349
21.43570079682975 45.31497673675188
30.782507294846962 71.97101685950379
80.51208008354 83.44283704947675
38.01292607522877 32.94531491077428
36.826058449157905 58.76945047892412
66.81217339762152 80.59812220753756
43.66806589953115 98.5182189019123
59.383723904590205 3.921589969039696
47.70671309483278 81.25957051323775
70.46358737820071 67.15679332193692
85.28318112638782 45.40333851616778
99.64489926518262 24.82703252132398
65.06572216453014 84.9171959330342
36.34023455345115 7.1380427371745325
45.85580333455073 63.46548445529123
75.06834227102279 34.84187907937108
99.38706147845413 52.48730497059427
53.0869974017972 72.95615130429428
23.09641730924694 72.00759451141796
78.33527652717994 12.490351709741955
11.73893546012128 99.01156693814016
10.3449802665594 46.124040469079176
97.80573254743014 1.4874065187494567
48.484825658504995 90.67424681691752
3.3468406263926 94.64065663778929
71.69435537897034 96.00016319765942
84.19998279857381 70.2972986343702
19.411576695835453 12.083017760038949
94.60170039151834 8.880746434979825
14.928489849567871 61.57540674653445
75.45247081781255 16.397372646289377
45.44312623373622 55.64039626063344
60.47390150038655 31.782592665474063
9.899330037616139 23.763888688736813
17.24139165459613 13.494668234630325
7.260175695326709 82.92807382510559
0.4762526415278523 23.114015503289455
9.276202009847035 9.687633594915923
65.83877401252285 85.70670671349087
12.670628052947652 29.31404549689135
50.05483238821541 35.99641659850336
46.71545952433044 27.079316109284413
51.35301504276395 30.75048462892883
64.3246545331228 79.20559923537037
5.6186840590980225 54.603423100288516
93.57407641378774 80.62619268259198
51.70786613716673 19.320646268170595
95.63321202918172 21.93320190542618
17.300478174374888 75.97039286217378
26.80914797450409 62.43536996315816
98.28753621087664 48.96963685801534
51.61264386096979 90.30045184988272
34.33421990554584 92.92914140633373
22.1459330140202 15.275816353631955
27.026877278638906 1.9504211262039162
53.7354464076175 73.96122430716595
45.322857157474196 50.117981625350815
45.6576365346939 73.09346544849093
9.684983298471185 36.124203873301205
67.39200411556537 14.819469645449168
88.37668242773391 78.05747198758347
95.48031611599674 3.1498657263291707
75.14993705250565 92.34021746887613
29.631464474382152 83.82124681683622
39.70531160180264 86.96424602160945
34.928383154370955 47.21980815153408
57.905739489250465 16.41276838484166
57.866789712697596 80.52183672785979
92.78038951421111 7.352761603043434
63.07107735768503 37.06207551260281
67.1833207561379 80.23812107741408
48.43734051862827 0.1126123887047692
86.80033625991686 88.80545245384212
4.437786880369343 41.07591596769167
96.58748536670615 22.336824458413616
6.607705753597514 4.280662263822821
99.02247180332941 51.04888813804263
23.04963182296532 46.19706811947298
61.264673226081 23.568863217444747
95.58798915921778 58.8391062190593
37.12039396010671 89.33817851411986
58.841017753138324 90.29458197864378
28.451666236429308 31.439943029110474
15.812450136340484 69.84883088137488
94.90191682839125 61.29678956854787
83.51427707264453 69.80720296554193
40.52992530512702 76.31722995119775
40.4022911234805 14.720756362468334
62.33925734128203 28.92442041506067
91.12526610402838 9.627614985008282
16.20514866987268 24.73848202261012
64.80852311825802 93.56178931319444
21.01881518648263 28.8545495895111
94.60601828535812 8.576486166962505
75.4613837797237 10.253258472051996
66.72145312859439 95.42865970586365
42.25752799612774 4.038009393956821
35.0398984299832 15.435752345105524
22.76779727677879 79.03749210164024
60.713410441958146 23.209416061385134
71.98991669667059 99.6735443944739
