170
26.437827492217693 26.67989698358545
9.492886044853243 82.2295936151578
66.91646442913428 56.12257562619498
0.2904613903793818 63.44801806537818
9.204225904011832 66.6838232177623
18.97505336829697 25.12483100192442
80.73704344283695 26.635535436506498
99.68063985641426 0.853595500786386
80.91018655717384 79.23863069548749
65.17167413722673 70.19393877571505
33.840045850297116 41.34467768866605
4.561399794936016 75.52454541258183
73.91128954693468 17.465233352124997
61.21397469710046 52.64000512516904
74.28810613040912 72.28864625138277
2.0521254438333303 92.0398813423653
78.29996397812111 34.789155150392915
36.264670107145825 26.741318361615683
7.763499365230187 86.37753243791387
39.837384237546836 56.10868106049958
55.89383587496438 86.71548860285812
43.56306517659597 31.06781900958674
36.77040490033342 54.23976540152101
88.22745130257164 12.710679441938112
32.04050175213289 72.41372929909305
72.08930891792335 11.919884461585495
98.73900790547965 42.98837898221345
77.16257608661995 67.59263613750454
2.604938260662759 29.930430329440092
34.80460593375039 67.08400692981276
9.738580737936687 32.519705564270694
59.75594749163273 60.401239947754156
77.92426678096392 57.99353217382254
0.7399539791556387 71.88585028550658
27.197539697707697 57.18587562138248
94.95800019999767 65.0537727909706
16.65544734514195 98.074024060315
29.167079029464873 45.11755672789616
81.81393458596764 62.290671759437814
6.007971415273294 55.41485261809459
48.163798964194996 13.90110804097514
50.51877178621468 80.1240607551358
73.03187841438665 67.91452695639116
13.658574200842589 30.436678500052107
78.75555341293112 77.00044950953647
50.17830605863006 49.49733366596675
9.141187647209147 53.200263616120736
42.22647917445743 22.872322984132087
68.89692222466631 74.44945459674317
12.82251116131129 49.961677903635824
53.12710853558459 73.51287238156381
17.04891838105478 53.099239331354994
15.33749636152053 98.16242885676473
61.67221988138664 18.922210394152895
39.23307538527217 23.23680774854866
43.10519307594901 41.09321346875324
59.15111798673849 79.61940901897465
57.16902667357968 62.64081476665718
69.62967568451477 32.195366075894036
95.10416454399846 27.501998346095235
45.5056329479087 49.27688314846589
49.11409622781476 54.88855124793185
48.236155457848064 70.15527395633656
6.857851901403366 2.813853987808579
22.097343289778003 49.30476513954205
78.7186309262817 62.14227894432515
40.31766512593106 86.8831158365158
73.83864141621945 29.269976186174564
96.31368571498506 39.54588218489922
15.30015188783006 39.562948637273095
87.61338870602692 89.28756484602408
6.945075601056228 60.619193735457266
2.044470256285047 15.063609460374995
70.34443755106881 96.24143238382158
30.805634639172517 26.563311206647967
16.333096619494547 79.57458195210684
94.60401744556629 33.46989082152422
84.49734789750401 75.31263968166309
97.7489133987451 96.41927036593813
35.356514534135066 20.779315810974875
51.20212403665087 14.456223301593852
92.6349137757353 49.71176879019343
90.87148330486144 86.56939809322954
41.82575612495162 55.37002669837565
0.3186613089656398 31.088124711168263
26.690514195478354 79.66327549348561
48.15547753113029 50.92336165118826
12.750905710074377 18.535781145451548
61.6624432787491 76.37705606928728
34.968721601110865 60.32525914588246
11.563710116231407 98.83693143847712
42.31497027811758 83.54495068311977
53.91308057356737 99.92307646768323
99.36228181155093 0.5863325020345034
2.2283174754038404 10.672021414756417
6.974619112771641 31.90379945137375
31.958507622812572 94.64240859713517
10.542828844937524 93.96675621827619
41.30920859676262 33.86590247159702
73.078570184434 91.53409567314746
95.70862566895002 88.18462664387151
25.026277391174347 74.90277447811528
3.286588265421353 49.54745654955188
36.210068724750876 9.884655596913806
28.060058978578095 97.9144365052136
61.29588914833515 29.532435894456967
58.94682222611832 36.468619009698365
1.2420820006553313 41.119109172560066
60.19672498470624 23.84421398056249
66.0956308810356 12.975402592369178
65.8047919256015 45.48752255553264
84.26937733622557 79.85022321012075
96.30804871428221 86.27692608038717
74.8666545430495 52.37690041994002
59.97061585019464 53.32892927095808
28.588769864983178 98.94332635180622
45.4701418664886 52.782599629667004
81.62346751882279 16.505410790726728
95.57918071724137 51.40769287498185
9.976648827575085 66.88229725827495
90.87628179690147 16.593963808537904
3.7262472774525213 59.60261933633966
96.95171651665845 83.23736731379111
83.45299115753383 24.465266537092223
73.1682059452034 62.378375329563816
51.08615749797052 44.443920636917
55.88688111526273 82.10720015977743
72.94203844455326 45.38382107657918
70.48446331897878 84.12938353956795
41.16666458987559 89.57273550130063
64.15456031096072 7.699675987175237
48.96230675382368 91.87868319026387
41.64671876679997 7.964508685963645
6.670217631332253 0.006915898679937804
66.61309874472381 81.16507591508544
53.74550856442014 30.93431414821859
49.047923510963756 49.514908932561966
70.71379410462102 45.436006957917826
59.128940502734075 76.96740908568748
6.713763071145906 70.17163773460157
2.3209119860612026 96.3923381243067
19.31694299124037 73.89986961883443
72.6265331723975 5.576634966265059
23.03850136616864 17.186487671643714
81.1799407140954 9.89926215997471
59.87495171718902 70.10913233511073
57.907796231822275 73.78150394530529
3.6793964267102464 49.93928283782125
12.086777855661502 75.43076427872886
20.15093096968632 70.73930659765016
85.6504343331197 94.10846324301376
21.30682882517241 38.549532248830985
65.23801751938414 9.824805598747965
18.513671680686738 79.1743562509561
20.154015391959888 18.487640857579756
13.719963044771234 18.11933892279668
11.489130652369239 93.63882707770614
51.04052582797346 44.830341471068955
15.664720054651394 24.101439266061508
73.5161385260378 23.40361324444067
52.971598757804784 54.887315774039735
76.20287668960856 56.91414040538453
57.112592985897074 99.61512376810688
13.584346036964368 89.39793213346785
16.51464016224694 10.82267456474243
70.47442258267877 98.78913640183364
63.91842232653826 17.87359239573244
94.09167996333733 21.38194590511243
67.5409475319766 41.43970236398927
63.901757501429245 93.49345808391759
