173
28.181260492607805 52.6966619720627
59.79832670236917 37.155437639418196
71.97152514809208 11.104911208765866
75.10848581309389 32.52810710004793
93.1968761529832 23.36093867594775
6.038356538534728 78.66356718725113
25.339884076574947 63.10464075141713
31.499388393926687 62.81728562012332
16.689570866626923 40.42550745966994
6.325873296565321 63.531415242864256
13.156110914161944 92.89091662997649
5.835329679105438 20.229004502897396
69.1178680235602 33.11159079010795
66.73231871067725 34.46319061546495
63.70777308879089 44.96244215391575
71.83341969022233 97.39335225397066
22.744900190404017 50.93745100725632
54.611036493015476 25.72151777327093
86.03782796753613 45.30370004447023
86.36932089530922 65.19861534174318
14.41243137897439 54.04253328261963
79.36828749384215 38.97940564237028
29.45292901755382 9.173718777588169
62.01480009893713 84.31283000428157
59.1965244669436 9.48772573412926
14.144734161693052 63.9637766044511
69.84165225988421 23.602281357794443
20.464374180782507 39.99526473071413
57.283251823287706 59.7157900003641
74.69067385733089 36.87261962707596
27.720959971580584 82.61511140756735
57.720713244300285 45.330439647135144
6.326507467644538 42.06568107565823
75.01049700502193 84.60602498526393
49.488725690836745 88.75270425961959
25.143667931867377 99.01629203166233
44.9713615988932 22.897431584773685
29.198463041977874 84.62139202276833
17.080953033904255 96.78989966584297
19.068298006853503 19.627381086544048
80.90729088099155 8.515088710134755
86.00853572336226 51.92293551852553
10.270154272771649 67.3068299712998
75.97597287858922 27.69728307971685
64.020004689879 76.77372282704506
6.66697893181124 25.90762240151697
96.70735087971059 94.17027750064696
63.30550117901309 31.04340852425932
35.443693054637414 48.058521347383156
49.82511078662226 33.04945181612516
24.747972364601488 34.82299084719532
8.25515451397022 93.53329929564651
36.7878566139453 25.022198196642687
17.012805975971766 70.44495318262885
73.37502483776026 77.0848025011355
55.88429455755226 99.42992363192073
55.617522310754666 49.93601188984458
90.36141298077874 60.12458697947737
23.247887066506667 12.189453197699917
56.06172175379223 45.987661052839854
28.485424574703476 1.4616874936448698
27.985632332733324 17.869334224764522
56.58807068851588 81.95225222241822
53.161819114628415 72.84351414391537
73.39421583806146 96.97433758068951
97.80980097483808 43.09056414837826
91.89460446665237 39.43708356677128
23.35924761871476 11.124063145103257
78.56645689819607 25.26475895133241
58.38470549107241 37.87813723711329
30.537332531705008 80.79837309183982
61.35107995657485 84.51131107212592
65.43591546916495 65.35064252545524
60.18544433049128 79.8123521687584
47.73625305088714 85.52508729138702
67.94901912418032 94.99942145035887
90.90287345144887 20.18103998003642
39.63325499833873 53.803689452928836
32.53606603860817 75.47729639985793
40.472561758266615 51.755257495230154
84.2265334074549 88.69341800088247
23.31407531168995 2.805522268324534
50.550578950826555 64.92806937292347
95.2922064978104 25.313300050374533
99.16010071007882 1.8558473605506665
13.752203598018609 72.7949105330042
65.97587479649458 66.33474111823242
45.20327441109085 46.563169297147425
35.56237471644316 5.536082219479566
15.23191225470686 24.97482898888763
54.74735455622157 81.91966439751158
26.959330099974622 60.21999042959932
84.11275406254798 23.070483510095595
26.646280150341816 30.092496692596693
40.82888848302695 62.10387959780551
39.805431382450074 83.36135405635636
64.22386167057842 31.267114454705858
21.221655248244186 49.276911886690456
25.473571088887383 36.18300860397198
14.794498334244356 2.3618552347093424
94.60150384859517 65.84254734059773
67.91039073296925 38.917518742469845
97.95439054248047 46.780744883877
66.38283288951575 17.766516004579824
81.55311846845137 10.565047103977154
52.069179400089226 24.628981265719794
82.96325829529285 93.61086920139525
79.38313879698529 14.588149133534078
90.90432933551271 57.04129340842925
8.619146101490449 35.76614030130306
32.17256118032672 86.20385926863719
95.07404131781225 42.06257710509183
67.4179304263366 2.6214643010660454
9.75527356818031 42.27571352642493
6.256168560353704 83.02397390172844
46.79449302379568 96.89171994555366
90.44390242855621 80.41616316911932
51.16511906150218 53.33606147378952
66.03525402626246 81.27346542757084
97.2768461207188 75.11357056688237
21.143524182762306 37.734021983215186
38.03725284069199 62.051538130237226
8.823835036307004 5.757253783804583
91.39517426527604 65.08480219659434
58.50954558353255 18.680746156818962
15.282885573064354 98.76192704033484
27.095220718835854 91.22831991768436
68.38218392335216 0.44107812765411536
35.59003677903885 75.01957209973943
19.983865952686163 40.874403039295274
76.65747449642518 53.31989405238067
21.36379917079243 70.83396485422115
58.54049456320911 12.5272658314878
15.581120336359987 83.2956650033929
96.85175843815223 33.55260009391652
72.21703230574428 40.3123257912103
52.18957638378321 86.77445944481738
80.17640025875993 50.46247742735896
86.60351275088077 85.00647988187589
25.921267020277504 28.252134266618757
84.77778238549928 28.64607208789399
99.37715311620178 1.3404456075262194
23.183141391698705 14.155978199203744
29.59320337820173 24.023749921153648
41.11139811580493 53.66264332371167
52.45104650061357 6.701594032742786
84.4808895927202 87.86099310277599
36.762158897476894 18.32379753020068
54.109264627271024 4.496082147842573
29.15695942636448 66.43358004018813
67.06380724594767 60.30029589801204
84.48534585152598 1.591885145748817
3.6561339650088343 21.11314908825179
91.73509176538958 42.20428979997156
13.28892315684479 59.98372251218292
70.49249839282487 62.225682062276064
31.590857805462115 57.382092746862476
74.31341239108451 51.70001077861688
30.64280137336306 29.159314105357904
73.79309873011567 16.588738369860778
76.52699180485027 9.013498709276025
74.32099776623964 92.42055836671068
76.47402901685123 24.949477737099347
79.22121345563224 84.76258770507663
29.45540288767835 15.720923239431961
38.44408029313383 41.241494980077356
40.293891126623215 8.655627810154066
28.930847067675657 31.53964248153629
0.6642982853590662 23.858874414068655
81.66724389863604 10.706215769562155
65.24475231677076 18.58916758221245
50.61573335116395 87.21043197292022
72.44822989673547 58.79507272041763
