121
10.854977514902775 31.869459678749323
19.25314040914172 18.28994006429174
29.20098639059454 63.36519675001049
30.030399602295066 66.97368450557445
60.70991704587547 93.14389012309378
86.37738285235184 88.8553181603852
5.910768845353176 81.22177501634944
3.6314218616304905 22.734792707140482
23.281594824150687 11.96048103591172
48.67364874980549 41.39676872843562
50.35866445141319 17.00808024042344
19.427278875313515 31.422764313426455
5.652617815243211 3.3553788257162154
91.05790699958327 95.88504806905927
85.84131630467465 33.99078124414964
84.37067947928817 91.05325892568266
48.49579596111104 54.8494580960576
81.10199058685168 81.15832813197254
52.268947523761 35.21637463904573
55.558769126219396 70.99480801062145
5.039157398167815 54.42117772271063
30.903691694358372 31.13402194018333
7.854471756891412 38.21318590216984
45.26852157981703 70.49913994000246
88.14229430376022 54.86949963902789
17.30246931293423 0.6638915420195457
33.68604101522942 35.46519850650145
4.455540220859843 18.57011158668398
7.987963888307547 96.6569895040018
41.903527494353895 78.96532646201231
50.769255884457834 7.27846203730802
92.22249969302482 69.16830885646941
59.63212690961759 47.21763405267683
61.39478560663343 84.48572029022719
85.26187807522075 38.17962478394639
71.8152253950477 34.73089817617089
31.915287949388116 48.08216095853607
15.818456037179107 88.36758106491469
91.08102788837994 86.5852790908345
24.85682632015568 64.95920556804897
56.28320749705491 44.78856418623345
77.73447340246302 37.05361477091162
96.00676492445234 33.310124602957636
72.04266325494316 48.67087313099022
77.21155742416873 54.11058585566636
34.9651877504544 88.15290037554709
46.59064948113751 97.7534781739394
10.375571693808183 47.23881039437011
28.798155550408765 28.619481009055313
45.18456723100622 81.76147875208716
56.714741258299796 75.47033381819776
21.19522137418445 16.1194185886226
80.72230896066912 84.85509786188352
38.554253658233165 96.19961721216708
44.22255473230051 76.71551341294631
42.44836854288343 61.12464496753083
86.40274720133725 49.50569472129482
46.96309715670009 46.162467369081504
79.27565235195857 47.86087165361671
13.119296663069358 56.66310704974028
66.14707725261287 40.58105424492344
31.534702859478426 67.1945890054103
60.41776963502253 73.30462577452356
6.880131235172748 33.61146226566868
59.02333295777432 27.50774936288244
58.017623351787876 93.67352640734164
8.327888082935731 29.022578280342437
54.19674574726386 64.70680769545069
80.72460620773724 33.959216129702554
63.67861185997564 9.230746628694032
69.42084324329421 74.18965967229695
45.54180749544202 8.801740237264033
98.50124565087496 26.84957364994027
10.287606064627363 94.25172723784104
90.5333570288382 73.63440622711646
63.14233147141694 51.25579143728331
16.841292392555985 29.26462388694233
4.290681275191943 47.747660085318344
78.40061045731454 66.48972867499474
1.5801860028838322 3.8548582162205913
39.70955235346647 4.759030784628592
93.67319082424459 6.226334460800754
63.82148960452151 15.609772639085984
84.91740191611865 57.65936107839271
32.21240116142877 52.514937435904066
7.23040340064699 16.668058450440306
34.739830178144125 46.11029939766292
33.83198479524297 19.204484586828364
29.614529108583586 12.297957586737185
68.59183605516762 3.5954120161484915
19.264181636429456 54.21467593408974
20.315439270672986 8.973356654383203
83.60323046101627 90.22929259749769
1.4897575448570288 25.11930181586184
40.17582001493326 1.3359235692805282
35.83609102715653 41.01856493616839
72.9365918799442 18.19234458384663
69.08841492842464 94.78940598483258
7.876214819773564 3.307372634357153
63.1999546880394 41.69145761526845
32.598262487784794 29.500779333656478
15.40183386138535 51.96933445973243
93.49719388610568 10.319825557467045
3.8681640912835547 11.63849106090915
15.402611274541233 25.41958935433607
85.7505554357371 24.671008483200694
75.95343983195725 51.65497496859963
47.74173821063642 55.74680794153218
1.1870641438420981 8.490142502401222
12.27932635913358 42.29878117130204
10.181564634925255 30.352433566357483
15.047864016139012 73.02446261064239
46.765527288717976 93.6489021644168
35.04699583038292 43.094511009000435
32.940664368367244 10.029824348088978
92.41267685122756 36.21599716510844
87.1713881639765 76.55279742830173
69.99200680531769 80.68191241181908
13.073046628489315 27.716518602234586
76.11526121591162 46.63753516905624
7.993167293951342 49.14547717038019
