184
61.55244940929815 64.99271298523287
73.19160390647636 35.52994953794811
50.73105064506911 90.62024324688925
84.61508070707737 37.71728995617934
92.06599733436778 78.07098350380363
77.04213194311235 46.8256147335863
40.87168340291413 80.12713166536277
18.16150702939241 30.14033738035836
50.312686153765206 52.07455909255573
99.7859261549409 82.14615264053859
53.532055581775005 87.0446677993078
11.312191689141859 62.79282064171162
4.3679094296421255 81.89135135361293
55.07902405551531 77.53636613151724
33.17076142741663 5.349517341824262
77.69701827940412 59.2757203360177
87.34122997088777 89.46814617894299
37.41075238495202 0.10419400790767641
85.2058372835533 5.153148363424109
34.64013433042295 97.43938516404815
21.576780759425574 57.99867006285348
7.704922459070385 31.080504981891053
19.983501822141015 27.037099688590082
26.743526442493504 50.71124394349004
77.45091851015154 98.98732525258809
71.45989372707353 49.289785996965065
72.62107405974334 61.51641755530984
97.90189450474007 80.4156356745352
91.85660372273225 36.036259902716886
95.69570518433022 27.797381209959347
21.009205175633305 72.95052911701715
53.64633341866478 24.112023549999574
71.10649633271655 12.92097171611819
46.30184872786023 25.975240008438337
8.206856847370114 82.92635030951762
31.19866030183298 69.28483477528073
19.641886983311664 21.854498290411705
85.49667881258208 52.66476931783638
95.73200347189345 27.551378697357045
92.2759815347532 54.24857172151351
45.85603787633974 0.8962963127943868
94.00473812890586 46.853398025897754
12.149058660929835 34.07218985354889
82.41899474770656 45.02461242342931
23.105047470895478 74.71343021575161
34.57608414104495 51.724640518553024
27.121755560631343 47.78500492674609
84.69732339622264 45.58066560072241
33.28948683428503 36.88958012253056
34.115982580980706 31.806092097477332
77.46703366473882 35.97132633062854
93.48496948702034 77.92864634454425
49.96764654750038 74.68546297672488
31.36989376864041 11.197574447737201
84.61849827204952 32.55620229031992
15.960618727456488 73.46471516060635
44.3327792208856 98.38034108910398
18.634678584432862 5.288651398394373
32.03017184691978 95.15625155140283
7.449387696289412 12.329452485066062
71.3134976400502 16.764619536633386
22.31655519531951 69.7015575243066
74.30377714356855 86.21492092884392
76.74679350949825 32.99160660704676
12.539451469311814 1.6126505333561636
65.24257789029949 88.3628161937103
80.15030625843994 80.15104405196749
44.94068051389323 20.42593654485707
11.899185507121256 55.44409400965623
86.7690345151934 94.56327956935212
1.1865971107191786 39.50959132013821
56.269823639403526 51.54257141576486
9.561222092867416 91.85081415223287
98.93458720429035 83.00979320236165
47.91077898610758 13.429740638412902
7.463388930361048 72.39447447138153
66.52086373065224 52.639145344467984
43.737918382174065 50.269566736736884
87.68123632842827 64.6298078246891
62.42381577757885 66.35646923100394
74.39103274741514 62.33405291264552
50.588004444370426 44.75263395928849
78.12488579399138 4.549698626565446
62.67057524734972 1.2801876353276564
80.27308087233656 90.97699682705925
3.1674415913848564 22.52275906702187
81.34836773470853 25.370175712557153
81.10099815744309 3.6818020559175157
46.26616792328829 20.29761304069745
19.915859516492574 83.22111244112837
61.36708054154183 83.88252953519653
58.26220391888538 35.43745571568516
15.75525538097441 19.43009541034971
18.30416392951183 15.615394858947141
10.973174789640849 79.56901312940286
34.112058120423214 46.45578144901796
34.658962655995516 25.98529306146563
59.35581126085627 78.1444756435468
32.38369557143712 8.837031615149304
38.5608039694415 92.47249986998129
83.73098152597825 17.858629804529258
47.40498376314609 40.245301913509
76.32726131768376 7.508609412550005
3.343484855117318 90.12589851701928
98.01023782263971 83.96270648945963
0.1927024765180252 52.21460506826781
74.82674840546551 8.939278055592926
90.86602536862442 87.02111162330858
63.85089454424255 42.94276716677518
19.53324879788849 58.22890333406521
9.281008625371168 57.54796035135278
23.6735676137798 11.053569921672434
39.538522570876246 11.217210844580928
98.35602008870778 52.58391682463264
94.93529429491188 52.199156097027924
2.717875052970875 21.416157134103553
43.0190265250326 46.911394473349176
4.20882151544455 79.52402629865027
19.287321040580817 71.27121596650572
38.29245854456199 31.185558610132336
90.63632251194753 80.0631980739714
6.498218081789675 60.90772088749924
12.127605018459919 15.198818181739925
74.38367551093943 24.5697604889883
96.11425580706867 29.16508618569097
73.78371822320862 12.266654684504063
62.41885601706425 53.54411850922997
22.710102734715353 66.59025132750193
18.748117269289498 20.987383425910934
40.23067361605749 99.6889488824478
58.395849550994264 19.844428223057843
18.0377823106441 59.16053734691049
70.90313191157686 3.297020783355642
93.93342994038926 74.1833916440986
44.50776298997157 38.02705408633328
10.930642817588732 91.38900332645517
18.43014775159404 59.04605451111783
21.7350134668701 3.691266900359247
76.79704999137664 6.966502264641239
79.0374862129788 83.65190933370755
75.80603368494744 82.4731691100283
84.37416671244074 2.590610671634941
33.062137275364755 55.339584998839385
53.92642382420401 99.60092761689579
13.762201551176723 32.39429124766775
41.4969731614001 28.88092889130536
32.54031284341794 18.27923531271347
64.74731556480263 47.50220549142292
87.93511738667189 2.0741797892615543
34.88067857776027 33.60450113234885
8.082624897226465 78.54339239269915
27.260510183910124 81.04574048703512
43.35443015297542 75.83363518715035
92.38879291042583 19.305753382502267
31.44119316908258 30.365753088079995
91.71255602442916 76.60418850569324
53.08720017699395 94.69946141176825
24.591918350366694 99.93318053558903
18.056675722000215 71.3831464434938
93.21009786723002 57.364597086149246
41.21170652204459 68.66596933630838
70.19439889475704 44.32596309317539
39.94754793326689 27.436055030731367
16.723472085526726 33.5980247088372
31.21457919213674 30.821265113629902
66.32281872577006 28.12501140454945
85.69109036909548 34.51876438980543
89.74603419020418 10.083823963809646
86.17573154895246 91.82479090812818
30.18599408112914 49.29739031077366
28.41803878733502 39.56300461302904
23.565761436070975 61.788583062338965
99.60252528076083 82.21221008054172
37.725338414168405 16.236353132911063
3.299263166194677 36.73153684300385
22.22225050856276 98.39577104456735
77.45063640681438 52.99626865369566
25.254496445981466 97.91413816876488
52.4473344711905 52.66504671237211
69.01839891996364 23.601348161221438
86.5593800555433 55.95313735832674
24.252731714283946 4.484439933511785
66.58639106057946 39.17113696307375
67.7600638506143 78.66113766266227
