116
30.741316157804377 59.755778435714866
0.021576113113930262 26.336262295491718
3.8903697987606844 4.35402555219131
63.62697519291736 17.496330690701267
83.98931009243616 64.93566885731987
38.6949903889418 94.99294435171075
51.224998934818146 86.27403185967275
63.6884543925363 85.81780511678025
70.555894459719 89.06278561447797
91.25090654871028 98.8660099659001
86.53131633143897 73.18508417335785
43.350983147691615 77.74008320731144
43.32140812449965 27.021602353834794
13.076403224226373 96.68236253783607
82.34935893964919 88.47108727556628
99.82932575846174 74.96679846063968
5.906104202273365 1.3697590602526843
10.883249448538468 3.31093284590378
23.508540915608823 77.38923802678711
68.81706829714392 86.22618979238325
38.04779517577966 67.05712710857335
17.17745486436051 47.26155078744119
32.93737685075353 32.69571356649719
17.48229936212333 11.22528144727889
94.1725838990483 88.48132199796113
39.10809201391042 60.91420827681815
49.80431554616891 96.86400368637716
90.84894518390124 67.09637004795609
76.75285404075858 47.402487629635395
8.355586943265036 90.3442590367185
70.39402917337392 80.4576748786458
17.093461779626818 55.210411364389046
70.11245668218757 93.91965270919268
50.5194550477506 86.6861253074129
73.28524898792188 19.88486361619046
84.82733441755428 55.92433429137854
8.310815427166107 90.073039274384
7.763635178646611 80.25532980210994
4.426564843276182 13.593938109365677
95.44200408383217 35.94588477264106
51.716555778263874 51.476991297649924
3.465849272039334 29.74172767403511
79.77061434924492 18.659878436691358
51.31765692461301 29.39784112208673
48.65498488397647 75.25990945928339
81.64418598480998 9.036771269438548
3.7175108709681104 0.45706633897885096
98.71548779823009 13.65982604993402
29.45306970148507 93.14933357072024
34.77827086240251 81.98930318802049
73.08894435553938 33.39137094656594
65.63681763620598 97.15118021572692
72.35105650934263 96.98028145731192
93.67452574533372 90.31412059859795
9.312788734004428 48.04150708747941
69.10567047134832 68.04105864244406
79.78825101536364 12.549153408899238
68.77858344138387 57.64349463555733
43.629574395845424 61.03195917609057
74.5109801425702 27.387250371653906
6.161937505469317 2.3938427541492557
62.27091722987797 97.7602587436956
9.893728472936846 55.63076358795471
91.89385799350563 15.744571638520355
0.06623752127683513 73.98279998064962
12.022530231464101 74.42506768444727
42.19886103491325 5.8271244965864994
34.80029875852876 34.33753747271766
40.84870362006252 61.47504465688725
60.67022442864506 72.88966809876804
90.1793250698812 2.0587145778483196
4.790762982573648 94.60479433040739
9.058633169813291 61.550351767621656
4.974663850577521 66.51624376382
3.899888335742263 47.63650478493838
99.6128865261558 91.67718288077647
44.42019349873745 44.80563963319394
59.95917454831137 76.70416898858035
28.411625073815127 68.27732060885072
59.63243082396801 0.4466500844877097
12.697320040793104 43.37099489414962
19.54111529063286 9.679363272616081
61.14744177177843 16.168596821105318
36.24830777596313 87.97651299903396
91.43541377064994 98.70641983597733
82.98749499363852 4.369395001350773
82.95536095545481 35.68403468403142
51.35111621640887 71.7418236051881
45.3886513667064 14.478196559801571
15.117020629632648 69.25935808104484
72.02809390575759 58.77817073538232
77.01282303442638 76.97070738224996
71.04007212086866 27.53839948847341
29.781971948664044 36.6298043298425
53.16771719016998 57.710217275446695
86.26265849369793 22.31199610098966
63.65439648973166 49.60637692781387
24.78603241414926 44.163939547165796
24.517063027147923 4.08238039413491
96.70836639506825 55.28748092656528
41.015847186968955 0.08452396330504985
77.3407345891776 80.33563839885974
60.80707211084503 24.99724559760765
5.187717504817013 65.67668786678107
88.69031996311058 1.9090001043441829
23.189513579290534 94.47681566676948
91.88436661030968 67.75666061743661
46.697427218303304 5.598449063246836
44.38023511077097 9.417986211803363
19.285532113903926 84.99927933884331
56.180064372128136 81.08014860837328
47.802015034915776 14.309504568414944
75.08920438402656 4.907304181703598
60.882806742477605 33.19861562571018
11.468624744676493 98.16303350046326
32.026283646181916 87.83365442201439
