125
69.77272513226225 52.074956003258336
34.323464981446406 1.2002560983210286
55.79804683556189 69.19214742258029
51.03410537840467 41.86396655663697
54.41775858418782 18.15116291852773
95.23490563830747 61.21693599969402
4.406179654437237 73.6739424884381
83.78778954306603 32.535263970537024
88.26191700087139 90.50392837908076
54.27462883781602 7.230550535357915
84.95063222152254 25.168302837719402
76.53995987785255 82.72299813006849
47.408787247620054 61.747484808677186
95.72386150129175 71.17226422827186
68.62644055565652 38.04935885444971
38.009063102823895 57.67043848539928
57.992937095788285 7.227084048990529
41.424553110768926 67.66555044269572
20.902107289920103 98.50539944486759
65.34455461586337 11.2127503406942
81.48850233770358 67.7069842266719
19.320527979106995 22.04249408564526
78.86499322346167 30.226110295455666
61.56666840540655 76.38286956788023
50.3776219537452 46.06606232656323
23.121270158556072 83.15033036472514
24.958768945296328 5.766889868154568
97.51940896316074 5.566441176134129
21.561400274715346 14.831035757898302
35.77206700384225 19.49511666773075
76.54767187246676 72.63389793101986
39.86545259648832 18.993582848248856
10.6178439672167 19.255145402142702
87.87469946863551 71.66032114980952
97.54206898638242 33.51705610096629
72.78602086003467 57.02502205468337
90.4936809504768 73.96759075152941
35.104236686374634 9.833985192147043
89.3099838739735 23.083185777420688
92.50814866390857 73.67613294341632
36.262294302090616 30.468538057568082
80.78202635627304 3.2722909820235846
29.405763651568385 2.6381645220863392
19.866424258691207 15.044780731204476
35.05609493240447 46.516042299645974
10.430956261772906 75.75657114214796
38.247579706692235 24.418501751504884
1.1754979110353836 45.03892208848873
3.3554591163574288 15.049457454012249
53.739275753097004 33.80514643111526
68.44328225436529 12.873098028150032
40.81002380022607 58.90798611710868
83.81405035853449 23.323418569936283
90.57577001048524 85.66047194968588
66.1603828782825 73.7251378435887
8.611891156427943 94.40795587914462
69.68123322553934 44.69345497128192
28.459137929730826 39.20560090542086
26.685113490022093 15.369323071905372
15.153088627160349 41.56195329340139
55.84773704141277 30.68642851103428
60.656659209709886 35.38282462661417
93.27384064052747 42.98649552033091
54.58818180487429 69.69154431540788
42.68456117488647 94.73130008417098
8.671302252733515 80.2919594648457
95.41942738898213 18.913580856769652
17.89510984531453 4.749608037994612
88.68649910815117 35.816891781237345
56.04751341047249 64.40285735133905
2.8649861180364167 98.48135352717019
11.050306490704154 85.76038793251448
12.162328715503657 35.6213338742335
66.67360756698443 58.1904181654223
81.8610586809541 64.83755603414755
92.13063162654923 4.190137712649511
57.536765388538846 13.140321001608001
72.55177181137041 43.043452385155135
7.116437019823896 43.0990648555416
88.34616785172904 68.57783031592555
65.26317446806354 21.91205287855251
16.51006990078917 50.42425807733429
97.04802008657029 97.49667384022716
64.47260110743132 49.12189543845024
79.29079613940408 29.619384493491573
87.30433816326466 72.43394543376611
0.19652028660871457 10.127687186027767
73.56969504014424 44.048744222396564
17.71616643488756 15.56493341270464
28.989918152327178 22.22749070765201
24.402858029691565 92.68878872719898
34.04099272449813 77.9660140179609
3.040617491551012 30.569206086175804
81.15055883278322 1.691303938862565
30.146912020386594 5.476341391458339
94.56293059192485 42.18438936091985
26.364118023354145 60.54069276629591
19.483606530821294 38.01533163309416
68.04912545078965 92.49423501686682
73.31776791595969 91.6420860565011
11.222087813541426 72.4845862001421
16.146723492910887 55.39316170848758
73.818424682768 64.45228573272125
75.56372468343878 71.68162620834211
42.533983952783096 31.16195192112514
61.862032336407566 41.50518055586696
32.26024254125511 55.489546608643046
58.87385290320199 12.26278968324519
27.850086038306078 91.3415005636526
77.83169986951538 46.02826072856936
97.13639473744418 80.45610784949764
86.55795261229807 70.67059484914586
47.81540577091135 8.442135094864922
51.53612509327266 54.655689883982404
51.018951099288365 95.539107784584
56.45936370913049 63.768288870445566
77.2136132287551 54.04285892761632
79.62254748764596 61.387168208259105
28.15219311791991 16.259404902680075
61.61587322465368 72.37863864164306
72.12869505477512 87.71959030649278
5.251638093816191 45.39121381392279
34.748628004125926 88.42549739459606
41.043003763120055 57.367669642672034
19.46644903237282 76.55637948688127
