164
94.18825661354323 14.53633114395203
66.57809938282557 67.56454290221372
89.32797455641463 78.48950805761112
0.801973251016419 22.34818965677332
75.0931805433211 58.16530291170409
73.21943869494338 40.04206495200236
75.71349564092607 0.9234070816463658
82.16690132143903 58.587481898333095
0.4260528235154215 88.89523903637556
28.695409643735704 13.971637802175474
71.88971601671929 90.31019030200713
4.219059182222185 47.17588260921111
10.937976997884459 93.41842890441865
8.361859326979404 82.27733380794771
41.85672774121305 70.01308603142367
29.171667505063414 67.80801571644159
8.207921947802665 51.63644148664564
0.5908111195075172 35.96996760320032
72.77877301484024 2.2318847437395872
38.135686119076325 52.912041302134426
61.280891972214704 47.1670606299735
50.794913900820504 24.118568345854275
59.91945156256465 54.47493501149926
44.58932501712455 5.273692197142854
28.256510732974714 12.346075446025528
21.293982644869057 9.112688559668891
26.667406219817526 5.599532335199287
98.8173350742674 45.82924611525944
67.2603549643443 25.978693791049047
68.18023673307219 0.7526320682981313
13.557101246538716 10.76081505539931
86.53322089594397 97.85957264258147
85.89235311311819 99.24628954082284
67.17791817378277 24.162979322985688
20.2604343857832 76.84059743562047
25.659028323547883 66.25317832932566
60.56866001248766 36.100467757907715
55.21784298527809 57.20564911515221
63.07970585082647 43.43404914456632
28.39093362729077 96.93368115507157
62.06912406802015 54.664050551824495
15.169088597885894 87.2971482014723
34.303387205849 67.05838861113565
22.070465233409454 84.78399327878337
26.689064711986276 3.735674204426598
88.26881403880529 66.63996959139551
7.4054719724513385 32.180368278786176
34.45944115565969 88.08234087984243
28.032866939890756 98.98524371722375
12.119902385683645 27.595591167646806
61.24983549154743 15.992016943578669
4.646317262870337 64.35147423612759
82.98970663196371 70.71885507190312
37.49203334923003 53.0122214172833
12.806150222528224 10.82067396782902
3.4127252343024828 96.81322625770474
36.26460598819423 33.45945839045772
80.45204497199478 93.47231145919899
86.26521210026755 9.533713694528034
71.11220956594332 13.334341403438954
21.16600176854885 11.333477451650143
11.862996084174304 39.93245896430603
32.40901065677616 73.36704183508604
90.48365507516749 2.12453680630994
27.188584018237915 85.11662538007938
37.53543322276026 22.054440024042286
43.71897514601577 59.988368638540344
68.37464960918388 57.87510608541746
7.170139601349579 14.833330240779663
62.58591422089361 3.44625054143467
87.19764504541216 93.73014475855815
8.976013079998102 10.604002302263805
47.26007754480178 81.55697282960534
94.20161464114058 98.0147817452993
42.15276609855518 9.656819333287615
51.720404897994754 61.94708587695923
8.962346376421703 39.19890920930423
21.359426938262903 10.441340138754395
55.06968969325931 50.342593373707466
54.12012846066282 6.034175532396158
23.73312590290143 2.29212364129483
22.433024370584963 2.4679910658803594
95.52320950923277 7.65539653179701
50.65994844021942 50.060890539322266
47.701189028652934 71.91017681831775
37.19585015813074 41.84822958617021
85.99104785662159 29.456610677219174
88.92196820186984 19.111297695159124
38.31471103723443 98.80910507299888
49.09137074661991 9.729506764296868
9.91929702591463 26.81889041254909
78.57031821258231 76.94349848752381
25.943164395942897 1.0622058151698255
70.10546640545611 11.44760384924125
55.27498685695546 7.25278130841287
81.10503189813298 39.096856864818704
98.02605991522069 21.586901761818932
89.49433120532396 21.070015279702538
44.7335137816608 12.826993135503638
35.13453681889135 77.51566511422617
92.62594335075839 95.57572363481951
30.400420735952682 9.358090177911416
79.7121896090134 91.5084556360903
62.27084119840948 22.97592221819782
89.98539118081617 41.75758213832427
66.41840258298761 72.55362565639166
89.29995756251142 90.95689825112935
8.749020495603387 5.065720390526973
73.61694186432234 93.2555967231729
20.100866905126736 55.98256974646
92.8489258396304 45.52173634180844
85.85446177745763 16.666410284996747
43.66326260334847 24.56323770468921
79.22494578344141 18.780414177315308
14.50290794493565 27.721014446794157
24.053444851191365 77.73803688584154
82.86628504347806 38.843923979913896
80.40738200582392 83.30958532381312
51.484928020652006 8.161712851414471
56.0035544614882 20.140050450170456
58.73336296853419 97.40132613901842
75.885893341207 77.78635627233199
98.84844010816718 8.92177247613758
96.5556434648407 79.29893214133547
61.48980007875565 28.579586274998302
60.57532985359584 43.34747123614061
31.77941031431766 58.16172034668195
56.18445582256447 48.556774643652666
6.479599172464878 73.5489014690996
30.006206235211906 0.023776254247731554
55.73011368904906 33.97656900014435
78.79806452592119 58.34410401236575
89.29076606002752 6.123908791907196
8.07345325071347 43.340238917357176
84.40132348668882 5.5379333777455635
55.5759513716289 58.85542752822628
31.63817720778781 50.662534597814535
1.1458217765888734 69.6980676265075
76.05291323110976 82.83762741799967
56.77785550456568 16.58844495028321
21.380808659616303 51.58123527104986
75.73375780216969 39.574964786724344
35.83651332705686 38.76687964528952
10.386870417942063 17.472552076939753
43.900973702810894 86.02179370658668
77.82631626969402 19.72908107871737
53.295605920816094 21.18288272705764
17.370964721807415 81.40690464481865
26.439592634153076 48.920615398579855
22.20272454637138 92.51342004765506
32.74364870991203 29.161265760160948
49.6318956283398 34.38653067546987
20.910316645831895 68.83580171892105
93.0158631719872 2.0207219473933447
6.680583491948788 20.913674821009785
9.263136188152988 93.02614609303996
41.71954482142285 64.44879155494088
16.799987258981208 49.24490662886064
91.59593320549251 43.02442837651868
4.185512123049639 64.6491763581024
47.71590841066404 57.61596591120011
93.00520291945877 13.567901257706183
84.10920533565461 93.71332102332387
60.84867622854555 32.72481349138262
