16
85.6827500607018 39.784359117873095
70.25918458846554 86.05579244374859
0.20087535010864244 96.88305006887211
92.01319914961175 78.74983017788634
69.53205898104471 69.04567209463637
3.44282463995087 63.126832557411205
57.20558862049878 98.71292751876348
21.156865135630675 61.042519004682006
84.49957948194742 90.68621955163954
25.00360107864004 83.80345747419216
86.03160891075326 68.91296029215951
18.171828544455416 31.146026139126835
11.350413041379849 39.57618113569497
53.12603831476373 77.43353015703927
41.35258984766509 27.645707176722134
68.13640550352615 44.58762242185534
