150
71.78804318926247 63.24561856358441
58.329474355696775 85.56893237831335
35.76565291929622 78.98906940889805
6.5950275039878825 99.76782192359109
95.34608764702593 73.19699524566211
34.254597125019735 74.34440452248558
45.05937247161964 55.310826910463554
81.38341857679279 6.675465336443532
42.18040719160678 96.90430432263311
10.82001413550896 85.97145070974209
21.635360937800996 73.56918579121367
6.777188747227325 87.1073984678795
11.698056248708244 6.316276595484805
91.61980415711935 3.808011155157298
67.35126824713484 81.69910117409744
0.4223440292388303 24.262356123946493
45.77927871702787 70.8121081863242
51.60013945306823 29.327648193399014
42.97208244788217 0.06153878490180453
21.693893364260585 45.8096629254285
37.73987858681295 59.071351643695394
63.19412903303166 44.6098150550851
53.3567349428895 38.284678237948974
30.39041734795349 21.47400483577161
80.36254005358927 36.6258274552272
71.69991757081733 22.87777379702898
6.459680339823581 11.959857895378423
75.62568027582371 74.82200988387928
79.62587557903386 83.79100178438735
82.489384736597 53.09510891720235
0.4676906451576479 86.34656369587942
26.41528417153427 67.57603198881425
91.11915932114336 80.00716135223898
26.611493075789085 78.49840096010497
98.56339426174226 50.52247620171574
0.7686824155246352 3.2322912052157204
41.08836772382166 85.28298468666488
52.21593114594193 77.9052738215645
79.58546193996715 58.295480710608096
38.35325610827367 48.53110213895507
24.050230462823517 45.80807093513525
24.757051996109592 15.7097972229158
2.274578590412668 10.831514927471241
23.349323745671036 30.45536436911309
97.91775577791763 93.46490954729023
38.470327329699785 7.662260929681109
78.31097259524253 75.75776454985994
24.180566471590026 98.60486704727194
59.68890155665417 17.687106089056424
47.30226074339087 66.16365724358437
38.21150437495119 80.0466275641219
48.93385378855135 53.976818879573806
84.30568757245572 3.5179360160359052
47.282714922492715 51.73369570931013
42.68452842732178 93.85555668444118
96.48390317198022 40.710941137995334
48.864077113267065 11.951546304241212
39.33517455536738 82.33174438300426
72.52619809683495 30.01137137844827
71.58938025803295 19.998961983882545
83.91440094083201 62.44499095539903
48.82227872064936 21.23843046557392
15.906797856777965 82.78721236787464
33.186883838285674 47.89523107048775
73.95098733879853 50.29217722350137
65.00045136896327 51.689897978958314
32.30520256868687 88.20045702755249
58.893638954044626 86.97128885488837
8.973807468094297 90.41957390166228
84.03296566049862 34.935342686941965
75.34875470212629 2.145066555648656
55.47055052623311 10.135072288658165
8.3522145480314 75.6273073841887
56.15320910032644 77.83762562056403
38.33919978919168 72.38297360651259
50.468011923065404 14.291398770521413
36.7347204632345 52.57234604473565
31.177345619733753 86.68226469408708
97.64772787864035 73.92231949504409
98.888772468917 11.523781773159335
29.320722076802053 35.83151653553293
13.794117591910238 40.387133577556135
88.30496126355608 14.741978609520146
93.79472912464162 86.14610849407825
41.3886768363068 46.72423175170775
34.24727971292961 8.910693995392926
10.690152506184758 93.85150289304023
95.69707767630055 69.26911204604586
26.60543166289845 97.98185007428356
30.296372579230578 95.62702031401298
91.309952945464 72.38865091720291
55.07136668208092 5.030891084438382
76.37776170391831 29.310766472594363
39.83982817938967 11.645072814206914
99.47512003286093 40.18183731657702
43.028469292429115 17.102783527879893
92.28208795547957 6.374509229037473
54.25461814862535 76.82443332047949
13.39577564045693 98.79482343240903
21.477158714629063 35.37369286085942
52.91210854461682 92.22946542311486
95.81378275647172 95.89240019340691
39.593802716606476 62.45405657660428
97.15061903864918 33.74261316269639
46.00213868536033 22.554307758759872
96.47047900007738 45.891055043579456
23.816100289282193 1.0927231397077297
91.79381117500044 52.43022122378635
8.527164188002311 54.27284796825661
19.600528656199955 19.855275220884284
98.39621158621615 41.499908739115774
12.75520951028687 43.27127554225974
2.90732978576268 44.340637396840755
30.524911750683515 38.88652849321193
82.23609019749998 56.51605021238241
27.687597846113434 55.61306970024076
33.745915974132025 13.412272066320341
65.71784735740059 29.101610748426154
63.465396917157555 40.58758175518196
81.27237742018544 50.05345362417276
70.00132335549355 9.629374902283516
56.236802783860654 71.32271184462783
17.66192093255774 94.39471735243859
17.327008678818444 89.41450672778288
13.174346829432281 85.54845733521486
91.21251028090693 57.45197198519701
99.09088972276906 40.16662284279937
38.75895397208622 73.26569748859389
23.99946690541843 36.61806498399366
90.17685459637332 95.71628742667782
99.02244345430043 2.4672563241689427
41.68237057787741 43.90638125977422
68.09018185673881 46.693638768806665
10.904545126870346 43.067672401723854
9.5747221518106 4.587362230999226
39.339859275386246 94.60930415061488
22.95359103237139 89.70265252974342
11.292639308618146 64.86137056939582
83.06621694006782 64.77665730941534
59.323621494164456 17.37030296121096
9.590415190924173 52.05115587811794
68.55387281078586 35.32677607273674
88.3783136097129 0.6657749709575556
19.712886508598938 68.69024323311666
32.02005952027142 10.912448343419022
76.98424362967266 33.29928219422478
8.424691944609652 22.68635280412853
79.16648961953192 43.49527566813004
91.03850859305086 43.33448917407973
39.68875247454618 22.99757358873037
