133
38.791700310914514 78.19218714074208
74.46367205503216 8.107507831393113
71.56637507381409 49.79075116084937
14.800158737252422 12.877581107801339
26.801620267893867 75.95102549938396
60.341322806252485 20.83446618431116
41.13083975524226 35.99884022078585
33.069418867539255 97.53952085541468
51.125092237396345 89.01202971911547
4.523514953648333 45.90413079789079
69.21633730187034 54.256375963935625
88.9535278238007 85.86341595516791
99.99155459791602 43.28860608363563
3.8651424991705152 50.93829745914348
3.376226962767015 15.161405970063868
96.68841445448 99.23395361957027
24.265119348020203 97.80552382729168
10.430710002092836 17.446930740355903
65.81676321934545 19.628342674424093
50.217513982736065 52.7713716180517
37.955244403413346 45.48672080178998
74.13709875761715 96.84430870926742
75.03040621712519 17.277142887754604
6.2552634858372596 7.877084001639734
54.336846094648116 88.43788476443865
5.586950360608467 84.29784662247762
87.98330893293165 89.45531587837058
14.255147874298368 50.39453997084758
58.50164662771286 33.37761907638198
96.77393162131035 53.900996178580776
56.38002951735769 33.101338799986145
93.35879268106567 75.28867407430565
87.30909079822665 52.01615721213315
11.811076508517804 27.823887462058927
11.20133728946422 58.169597446584696
8.61103048529558 59.23293747691197
68.89817433013795 13.43339281940602
52.04171781166812 95.00602338212887
5.3655963437622685 82.51166951405095
17.984794810126203 88.8766239888198
15.36836276632676 57.848085668739536
60.39224397540133 34.82560711886277
83.44146540216406 6.997865395525393
11.799094110872954 39.63173291267352
3.3995462391700704 56.09407830260589
70.88010776167766 93.98118807246337
12.689038417944554 7.875107499155232
87.94928319757169 4.040365961366621
82.20889286753487 57.60245423726727
14.086037494981873 35.43604577983112
21.767557801464864 73.88884661498783
25.745702570510687 87.92125705190077
80.17264642140233 11.807818380805823
2.9098032823982822 77.40675007999242
23.023647273340366 92.65855503084552
46.65285352417544 47.48792420382518
54.84758292390589 6.726827238548349
23.0872012316498 21.428337022282374
97.6307253506518 33.83423451864268
29.72043005807654 32.950294619378475
54.05049997005109 79.88181609930481
59.56277792237364 47.83509510175886
72.25873507021865 44.771434953620556
77.248310331637 98.39068557303061
28.435855862062976 23.01646759861641
37.121783438009444 10.686214003304006
22.9555438347434 99.14045224111968
59.33623116786158 32.11470549045099
96.92933185333695 77.84632008234529
14.774978750209689 87.96084288036796
80.66707048231258 5.141570868985212
32.56723533723561 77.34455182496069
95.18944715139249 75.63691209337561
13.996262038821005 24.898584983053862
32.04643038257835 39.9502353710226
97.95294418734638 21.49532927887997
79.1826763618683 80.70760001516739
69.35983576773071 50.82710454331833
80.96923982398182 46.41258350759991
55.564047159298546 62.0563314182811
88.94019853512931 99.40583707315514
57.31160612416078 62.64262059683379
44.75007183301678 54.02597810941341
34.55842081009719 41.748335446717974
23.75922419162656 92.72612892042254
93.35169376941926 25.495196826705623
27.09610601895378 56.518759324505055
78.95210585197584 92.48955312758105
79.82004618238955 10.106078204766977
28.115006035263455 53.42764568770259
96.29326986809805 86.00681259773505
96.83473253402535 65.86430758737615
53.06560084777385 17.270937892521154
24.02906561378225 63.75986168011008
17.847914404954544 40.56837369582599
53.4074272445799 19.62088618815445
52.650512544536184 1.519877397478564
25.398541738261105 81.26070436546988
74.69491758777157 62.07137671438214
81.75054274286218 13.430621516935037
4.749052310127288 3.3241797384563454
16.966259010633056 70.04641039146341
30.09449802673103 58.94718492717708
37.15459635338827 30.18002641737819
78.97231497284325 10.693370902390342
27.92906556457342 26.651720439819705
52.31616012886728 84.7050740550057
28.0023604383267 3.077222779303357
23.720529473590958 24.599968309288023
55.3202579447991 25.546988203532962
78.25793673595595 68.37096782128442
15.993668504747017 62.27136629020491
65.89551752668002 11.96190822698815
66.12255447767687 97.11888075547523
44.668473873848455 22.317070122890435
42.78280287895492 40.12016940516329
31.44574463966302 73.80178663357275
59.80803978628807 83.62637489224134
13.518697177868422 35.012685453117
79.66836886197505 69.50882138894417
55.09445634735841 55.02758492607549
34.824431666725076 83.57915710468185
53.01951398146581 30.29133934836593
24.740267779390223 77.37076478127162
83.24960704962572 65.93707576514875
62.98496930099648 62.076432090902266
22.50598330921334 41.392139731959844
49.21256344104522 56.5006344497826
61.64631442760478 68.16836476276325
0.750278616443234 85.69977109433968
8.970219488619124 94.32120210068578
59.450870180189206 16.927450517795684
30.111769407049426 97.5315253506934
