129
30.95543843314321 38.4844237068668
77.8416875153858 76.45661292036515
71.98976085098823 80.94946885508645
23.980641508135637 14.169728194870057
13.143315423472279 16.823186440781633
46.215827776063655 1.038820718961453
19.161660104958667 71.84845769942669
60.68393632639015 83.18634667341654
28.78572167461654 59.44989589542842
9.442851068212699 2.1407996217776226
61.06368901123728 81.44168890491241
74.82392880458458 87.83633234035639
59.20586753254855 6.577304198720557
6.496763650498371 83.29753622178292
47.62739706793555 38.35789010496175
14.120283743625206 89.29093776036635
80.15770830978872 32.341488331408996
20.752675858023395 45.15854212109549
15.39298439496205 7.394691724539603
60.84168921797011 87.51280485053051
69.73180125539439 27.373951664281403
26.78893835665078 72.05237217019393
41.28280169454578 50.07212447681416
35.19601743117017 97.71283865003281
38.11849575774575 96.41864515508846
97.4971040958009 45.60989824230472
11.077438690908526 97.41592983285713
56.1581466195254 76.91082602877277
55.64335995362716 42.15418709374633
41.03969025783007 17.17011932819804
75.63399175160046 6.004426074834157
41.01810149900847 92.37217652035609
84.65663040037683 43.43325073973786
47.76329536707491 98.10025463816423
89.94325189755152 44.00162412958998
77.8832287559725 1.4515018977135585
17.40040240385784 29.32555229887759
79.3879606647931 73.06066758097806
22.101292362595682 57.54361577716106
57.192574635619465 68.13260247928062
17.92790307419435 39.70273402539879
40.58188588910991 93.22674491356607
36.37117301547869 48.23705054875176
31.12427337882665 6.291221702026773
42.02551859913264 32.68803305109711
11.854686248190404 28.882374388783305
99.38962003583472 96.85698062170351
33.74033462744782 2.46404593387779
31.740790784318552 82.28868665423768
13.392174371272125 48.20580990178175
65.47545307161602 69.93230815946754
0.6052506539975244 96.23845919073327
65.31654139072907 49.57015776178408
13.623052477417952 21.291242150757594
98.0400270038956 36.64462442820508
11.269815461286537 97.87791809827475
1.3691764985168553 61.2185457866529
47.87897379975779 70.89908236774671
72.8384959124462 69.53714447663847
11.219440665955549 70.55330612923701
63.351788691238376 91.43292553926456
23.053161308936065 16.213270618366803
43.42981704480188 21.142616540567694
12.904755570704275 76.96460693702298
97.72844032399313 9.153961887846451
89.17617385753704 52.26004447388352
61.62432465642892 45.597953842312
83.73483077440696 78.16104297000815
35.5266395017852 35.25331139517299
75.29035063011601 59.65492299508458
8.892182640802758 13.742546859969506
66.7607431771931 17.882093091883732
27.667948580593006 8.159727083257117
71.71446541655753 94.16519544747908
97.17186485893569 92.29183896229891
2.249294721262418 49.674776680633094
21.438254882419685 91.05782161056212
21.095742217137282 98.5003714730924
71.13419692483104 90.01952035910983
2.9292794975002923 17.488873741437395
83.41180508131289 23.871451297756096
46.91471612572485 86.38009940924796
24.297476052674792 63.097716350944935
30.320008018538648 87.1478291207315
87.06273416528596 1.3866735693128018
54.49529680917252 62.145605579644304
49.38656192084927 76.62215219083535
18.787818061633534 64.24363671802082
26.370943263203152 86.61083961451385
55.00578974385334 62.9158853823718
39.63816531264948 50.742002410044115
75.60531355730576 46.879472731090644
13.56884612997693 71.7333933516814
18.0218038197139 88.37827798852105
16.708455935323997 60.25365413372947
46.17533258146658 33.361908232637326
31.942910331979313 16.87012060924349
49.57697896549453 28.840615628447676
19.466026237731036 32.15354826499925
10.445948992172704 53.810249322409994
5.640608563367322 5.659742606481865
59.989845281548114 14.94053573856472
39.25641574764344 22.843785144498373
17.8777298598762 30.107624053749205
62.416912878558236 8.116259784141434
89.14662548666585 98.38417940712077
21.20197718550838 15.027210175961415
94.21507406921857 95.45754776504954
0.4045221664401688 44.44980916167663
68.55077351969359 64.40842584934161
62.95364689425883 53.22000624247734
38.736056787068804 12.937931414685988
92.80737780751545 66.64761418894255
94.37655536528959 74.75324609478591
37.31109214726449 34.88331932184157
76.80664791760354 16.329819112038113
19.897925964437167 26.76040982490713
50.67642870396503 61.59978411134849
71.25988147103504 12.841054404972684
65.97319548549146 30.436974452791343
90.87266782383288 58.788659483275715
93.5098006343364 32.7085753141241
45.180306816015005 41.140644730542164
10.460511740907085 36.397182121280835
60.686306873013216 79.38942317912692
61.200989950384134 63.67031854895002
43.6399227788404 57.70455004924862
57.52890682134494 68.33730801078742
90.6538324238243 49.59386848610395
