183
63.834912118699116 2.3016305488896216
30.533405113129454 91.54128316357321
14.720079146695076 88.17712950725844
33.46467914545547 35.74845025859125
92.39754928366412 63.328774120310726
80.7885357720525 85.9203185511461
31.105332280913125 52.845317350165075
36.607100884907915 7.27509328517878
64.9195040543425 39.16858300092192
61.77679945787025 25.76693288633053
69.7181150746199 94.3632671543851
64.93014518909843 71.51502680511955
99.91554935467273 90.25427399546685
41.50712896622538 17.982012994521757
86.19929674937056 93.1491514961886
75.90067630259925 76.99773442923113
28.4419426970453 53.28667739125446
93.15646157371424 90.6538858102843
45.59547740488156 49.39034799951083
59.40675611018039 15.908059757940652
4.843860903067087 53.13878826881101
8.176044050308484 3.5953745226725786
77.03992277773389 95.64931629315248
99.65057380087077 86.11326485562417
7.038682562547683 26.281032828342777
8.433708562745878 95.58967211507638
35.88099954201959 29.08503280313409
15.884310125158086 96.24534728530965
98.94201059323736 36.73004954965232
90.97139543519373 16.9068947776589
0.5954509123151208 60.435283101369066
74.91483409147074 20.96966138898374
48.72663619455275 87.89880440156065
31.606922348017164 46.12686133012511
27.422602237017024 16.74422955061936
40.63362169544252 44.07736070362023
72.7810258881769 25.54800928372387
76.95482245210594 78.92778031683059
81.03908199131462 10.691729343957835
58.21371231696647 23.5648512903888
84.73679394096564 38.47084908481803
14.738458504711815 88.79624547144303
34.77557229877656 49.04575561043595
56.48306000756846 94.65790254092293
33.54433456368508 96.2086355397469
42.62894047231723 45.42335759871106
53.54020436454326 66.3067697465409
71.83847759317365 80.17344517107418
94.51431643416554 96.96283168492883
81.97102771230293 54.41626599048837
47.74409621231405 16.014382821767683
77.62933594690467 45.36815687138552
60.61772621841658 33.75556023867201
61.05149021803277 62.701905051575345
95.16875208599652 93.17017162536683
84.90780918624303 62.318745382583316
46.25757331167527 31.26479346383013
77.32997639936558 56.49404780228996
76.86447073523857 5.1626545487572395
38.77082462306273 49.33125922871341
80.80384722139412 90.95275547682176
88.87689095170033 16.042175458433316
0.4672989215572909 22.904550553132776
22.14971293005028 96.68021944862033
70.56882134887674 65.03527946695448
58.10494989664748 34.33511209070975
33.393622531385304 72.50834075526413
83.17387538660374 39.05209622408812
18.38587294613894 75.80975135024627
49.219984914728855 50.80400024263375
17.577741542868374 12.378432543205054
63.45642494501254 58.2760910913913
38.178391213383954 84.61297656949861
70.46601846080358 92.18475303033348
77.08012469744449 29.09304409918829
39.13056520934778 59.93504509387056
73.71522963756159 14.26240158142974
96.82000845230243 95.10798517827389
61.512663222828735 35.88208614910473
17.875911557612923 59.29527211359338
47.226243813661014 65.73665601087721
89.36265175043161 60.28631405635954
96.44517047744176 42.37237429834927
48.35578224470392 26.794096408663048
22.47470188675874 41.887746890065856
5.018499738222837 15.5858581463592
40.44837295303997 33.85321348304041
0.9904011339770369 47.22160294674129
91.46798069263832 7.55981313489481
51.84271390310518 31.40195782044959
37.89381959249766 48.98724993105807
45.09491033585504 2.4282812605801563
65.88156333912299 42.025368575345226
59.90782507085021 11.162264269557543
28.750336913842855 21.92937724802617
15.526327345826296 51.34616561750346
66.63184897042208 74.80073893060434
22.889070575932678 15.087367403046581
15.328816744538898 53.17690008821505
18.950555461149655 33.862762079097685
66.97211250521697 11.941587372925188
68.1893108078961 41.25133027226582
10.137353173716123 44.03795268295764
39.42846643857075 33.328069517937784
43.111808439498404 2.580245042285789
48.58813501156498 74.45470859221453
24.68763223914967 71.23028845363594
54.36769294221051 52.2799001240362
54.907719619090365 19.15707367506939
83.74039217429304 47.134059930908144
61.96931010341519 61.92072491814452
95.26626059499358 8.368758405812638
69.64959638725571 55.70090852840303
93.99932174783383 66.70979433667303
69.54803952682795 83.9921596472032
14.456478393044836 11.597926394809189
59.90776611703117 71.21934318223609
24.120724731491205 59.24855218866399
74.88718425910925 96.97436966519963
97.50900148284619 39.93008831107168
69.1435062211982 62.81361729290269
5.671112587572469 62.06942415854103
39.309012793067424 51.101140903427144
90.63072138162015 18.259427074550604
35.48799455430345 80.98510939217954
49.82708732799232 7.735039707280045
11.976253452466533 64.20625200799645
62.2380153322837 41.505731567270196
85.19073169901203 47.914679981510886
61.442075453976344 61.67151860369068
90.4363333705059 78.63490924772822
16.890872590492002 4.634292118142492
12.231027297244657 73.73398821959147
36.236078730564984 14.01202458924672
1.4353963088583277 16.72323883356681
56.89940520920669 84.24040061998654
6.571295101813823 1.7928824476626803
89.53556379851032 89.07788104221159
96.32838580307471 22.605685226423123
36.74222245779772 75.71554109948643
27.830060957941527 32.394135933308085
65.37277179804646 22.153123517885764
98.68512436530676 58.51492821946695
8.323563311702165 94.9533089148924
81.16524365901454 53.2415884825774
33.5272907144608 47.373885119099235
86.42498818220218 71.56479929763726
42.688346204704594 9.853286112914827
82.80698088935252 39.48487540752975
47.18362053571402 6.251046133834981
29.216857001779527 65.6732398185186
81.58379117304825 41.50303113436404
68.32675085726291 81.81673623128495
62.82695603493886 33.19009946645073
45.69934000461882 16.547381770946355
90.37111537600198 57.707410242274406
66.76896717008898 96.86011894748536
5.2452807241683335 14.065528000799555
85.8502880689794 76.28279623110221
35.742270621696235 60.44768282823168
54.51294814303089 50.86299870791034
76.79983101970645 73.42953903132955
91.45922552461487 93.82779702452217
79.2841475299328 25.837668403066296
61.71790137582187 18.6154059366636
25.37894458205353 87.75923269641804
72.584042684518 15.770855074741853
51.0875697424587 52.705855434442164
91.07529847549026 64.91952433409162
75.10940803924454 13.182724851822481
43.7748994359556 70.31291778853252
6.7625590602251595 42.5236641438689
94.1368877808919 52.8953026147991
33.92484455738608 72.1754724502296
24.88780935870807 74.53536311864967
82.00026313571063 77.35451902985086
66.84485451603913 7.251887618834829
97.63167924803614 85.5524378855348
1.5727420212428789 3.848610309360112
44.98187874476832 59.335675269220154
63.973355149166025 70.10674815297679
84.55295624030875 23.10202784455
74.09243483481987 27.237209148196474
