160
45.55436842202501 62.11271182998937
6.84599104162531 49.510671575917854
95.65775186383453 79.02131047723469
53.3291635480727 70.74815342315279
38.50746613244572 12.038123141724256
96.31854707901523 69.74902071442713
3.034099458351347 5.842821632469308
12.879788146016812 73.48283711106343
79.77427552049848 1.5130649853998257
78.89926776286386 79.54427515643245
16.939657694043387 16.189493706318903
13.29977658872642 46.318684995999305
47.33421586466269 75.57750572404207
82.47303422194369 85.09126409321549
53.49560515873117 96.56201729045257
79.06042969581394 36.11381990271637
41.97532239932335 85.27465660843957
22.72347255220568 43.368876194132554
55.383184564807905 81.5386146083988
12.508381590052565 65.38823312401374
74.69126214414355 12.441079064150696
18.290050242566092 18.761417942496838
49.84352629393649 36.953730405109454
0.22587909648649207 78.92182225984952
68.15325288682043 70.15644044578329
81.83773615665628 12.754974222568393
87.23416408682965 56.11637410436289
20.569853353366973 31.85873210328983
30.780422864334135 84.4495968879061
44.87198323796074 90.01242585979948
61.159336853878244 28.307324711480717
4.111753689753894 71.14882740840298
35.32157409917757 9.956640812428875
80.78631729839404 57.99851088434692
90.06462935047952 93.47084430776168
78.39348951274023 78.22767081696367
89.31267151049323 50.42353725375834
51.616239235125065 68.58800326335374
95.42772964560193 93.19649646767887
80.95572503470979 5.822776291508469
3.171289123155019 84.81839326576535
74.98477655205022 10.270321914277735
51.944844792163344 52.402462905800384
54.61417256611006 90.84516348675528
9.984210519295933 50.89365616039759
14.743125709951832 34.03095393769778
42.52842068397863 45.54016912454345
46.84908970174164 53.13164960288855
57.24712894866798 96.30041269731133
1.4912809378503589 85.93288142668465
52.05486319334602 89.65457143862267
94.53003580301528 77.58395145188692
35.81481127325497 8.649256747033496
85.19938419644109 76.13301793805523
65.17523552966563 4.557061577019383
16.433272872394422 8.616586384218772
76.74129940546652 2.106259438374236
92.11960280340696 29.952127304501442
4.411495301651868 47.63731446991225
56.76959380771574 22.421914821156907
57.853434921645984 16.839778670207608
31.204921551206123 67.12821119711816
28.535462452980774 31.32309618087167
26.371118882430554 4.474297101388336
89.40914697071851 50.33796884754005
76.15485541693337 64.79445000365908
44.33610594433509 66.15856906818746
89.13079774597071 87.58000133359083
96.31779694853887 41.776225478504024
86.67983085461191 80.1975607149144
69.1730129493565 98.25632976651755
26.567004730795553 47.8217045444793
94.07397534566765 13.899388195140661
62.57211611044519 81.2314804057701
88.9021170376646 4.09034308837537
45.43933866358314 50.441016842444085
90.09756872153197 89.58434992552007
25.180142736624777 24.63867094996487
7.4588133047469025 26.66058404871071
57.442076227677 84.68955134071604
60.369791159511955 25.094105417453427
35.95342412601246 81.70788959361957
30.183340286405514 89.60507685228782
58.21548810157747 17.496886340915417
47.82372833799161 64.01227255036306
77.13434894981147 41.132720003145316
21.863715837510068 78.57270466240355
51.23324728269898 11.53553123296579
24.444203438146815 55.52949496046528
65.75327881580374 59.40376207573137
6.53626018449226 6.983797433009475
66.34709224100119 31.363251305526163
72.46689373448433 49.714464890355444
46.91926932331103 96.98484404044679
82.42041766935021 62.147087974918726
35.85608226974918 30.651460238734252
44.64323208308011 21.04433145832424
12.469994071875501 17.880831908149407
48.127005055687945 87.72525600513823
74.27598532243977 51.32140550647877
58.04385592038934 58.33066364360544
47.03450879829405 86.108058189377
59.03514732523193 53.94949738468788
30.92812861738532 62.19034756534786
35.463601770956075 3.960710145465507
28.293065710292343 58.02479630869081
49.77164590380194 61.35954045793627
6.127586490219416 35.44422336104469
50.45981548475355 23.6809683384664
23.638124012840944 59.65286218874941
16.062253086126344 94.58428781427097
74.69642800466251 44.77349023364674
26.893312458340446 49.13144034576372
38.822730674552375 40.41821260468892
78.8468871553713 18.902089636374587
35.048777252363436 46.13075636739591
79.99386844803297 76.52468833108671
56.00851508261123 38.6253898374744
52.39657348904441 23.862267013695295
45.34060070898352 39.5081595098457
68.99453581837663 37.44694491908606
50.469685178244895 40.89271447415088
87.82565476730092 65.05719467381333
7.825827139472475 72.00791746925827
97.0513459901437 65.84209738652386
48.31585602470098 70.07118414964494
11.950853074671086 84.66352699389255
18.076531739231516 58.479810026807954
28.386005214339992 17.04156524802113
78.85623736326195 80.07359734261598
13.433019320967421 0.05341174891834166
40.82034693255925 38.666169201984125
63.83847459172487 79.81350093551029
59.3126550336885 99.02793084200106
89.39810824581758 19.638693883461443
66.14193358995472 5.795804695913953
17.572905225581525 25.54051597653594
54.79255054271106 78.53157388587618
15.702909508536479 60.022225470285406
90.62297504466451 60.201265024163575
77.19404506362586 65.6051599058281
99.35786503218186 78.1991438988035
50.85286103585589 33.30446697688371
52.94817079443055 53.55429322881289
27.272881054513466 80.45919095160232
78.22479243589727 35.576474885776264
91.98173254912562 86.19021195774249
60.92368880525413 80.05507997069897
75.82902484340038 98.10947214371527
74.47828004986654 13.015012630964273
16.847987617496052 68.6295303568308
87.63931883674222 51.384546430770115
27.457957401981993 99.323638059259
29.4647075066649 50.00617844072106
84.41480991862723 25.07458732313157
35.43624275154348 21.836107038579588
65.0656069032257 31.317578823266356
31.236514814014704 37.69027058704758
43.30933322928732 93.33079890976215
46.796565390184995 78.5939210003901
