193
13.149430706345866 14.05061099085877
46.66648614183566 7.761858279034605
26.296132720492583 25.816584841496226
59.923575837212695 69.47253957182058
45.265324734548905 99.14092519023394
11.393726947734583 17.79006100000158
42.180609853236504 21.093608592468815
46.39074778162943 63.36129888263766
76.57132096621001 19.351905009097848
7.6792551535691755 50.11112202682959
6.986023271666042 52.00915580524427
38.54584980268295 94.9804527122553
85.47036197331308 25.09249655051461
52.21941729030113 33.41960959673417
25.999841692495785 16.728100818187407
23.776630720813785 52.745670782113194
27.16330744564942 9.36731699519705
86.47915818807644 86.49380213329584
55.03873806121289 51.21857121244828
25.044361616373656 38.842168925258825
52.71485495373417 87.78281030111863
52.6967560127258 69.6931351434265
49.48573595265084 47.47454695257043
26.544702987184586 82.299214513349
95.7550214460599 28.154067026432116
54.56015645327078 78.3514492621689
41.246228924242445 13.076609539529581
79.36498441568904 11.211853974211117
86.21024958340293 62.5092922134962
33.622401848953984 99.25179959156057
28.8453050256658 72.2291570820515
53.12120252475574 96.3193318632243
60.263758200388054 21.941171980729322
49.28324042880384 64.9503764645533
28.18450515612332 12.070613652997519
19.398466384781464 78.19124884729042
12.4154490567707 40.18438167343693
16.90900966419341 94.85008849049846
9.697368043721877 82.15849002970833
31.83668890034599 16.06351674736146
46.527463683919656 46.45651598997039
32.72062873835797 95.67568951079691
95.15805724484436 34.98335711875603
73.93661973353198 85.00875158325084
6.723703864566033 19.22532307223559
2.559546480697339 99.6283424479484
98.0399677932981 99.6351972288396
3.0318526029709747 80.73860845601615
7.571537639334824 52.635633896388036
12.51149196306699 44.128546399004584
1.1069616143843053 37.267885720748886
71.77603474429202 64.93396300228615
30.578726885007256 8.642839499689048
22.248146206314313 69.98123945580211
51.2217973164374 98.47790214753354
35.45333841375854 40.871658918946416
92.89377429322255 9.083411742364401
27.137426527623454 33.85138822434974
82.36616068866708 75.34421092631297
17.83590077081678 83.08695615508196
77.52222248994191 63.506950911419565
54.83875999595661 86.47056749887476
6.051324913714251 92.37181290793626
40.66760178216785 66.37977441314295
26.877804770142433 48.066003083326535
97.71648162871341 44.67546938969213
58.457940442032275 70.1428506745167
63.78720969967433 33.2547436338328
9.584335596068904 87.87909178016417
16.66589228172691 64.58337144839356
62.61616169386672 75.24231874539808
22.70920243617377 66.64318690367301
65.51007408758956 27.55964364227026
33.31804652408176 49.705580248544464
11.896589641703459 41.49716062563359
39.5427578375317 9.351656312397871
27.364702967823384 61.565586078090185
17.163488727678676 27.11794942852146
94.29988867778592 78.74967848442112
56.752850700313026 56.50815122966445
32.37640364263248 12.231980708887647
79.54512149377337 38.00664454805644
81.33006293207762 55.19449478936187
6.261757220396369 96.66741839916872
96.55565949773397 92.24257031404593
6.341336949665255 47.16779061458533
22.926299038412367 5.096390873822854
48.56628208372413 81.11398610840315
78.6390530337519 16.09264465764355
73.89941309735927 22.901430321714123
36.19841659821702 96.37872157761484
74.47806876611514 56.590294955823694
49.49309928001927 25.587327839807717
40.71971060430175 62.96236095469
28.783938199597014 57.8613690752112
56.03678233874111 15.707462552745033
33.47591571224861 63.72762742359842
62.46418854304333 77.4449400663211
23.661990657395016 36.52565962024838
93.19345274023428 48.81638941451173
22.203810152727353 48.9829107161072
58.58339256981219 17.685520155231693
70.86439604303074 16.75636772844733
77.12015801473976 10.848736860420283
33.24700353082682 99.08326328152178
47.99622185669954 6.342012428708765
60.305407744088036 70.68055392676983
88.17057895188071 79.54133272524679
59.53817186849095 30.782678539041232
12.827520923922132 45.74443156351562
35.90740099738392 55.70671480145886
10.203962636316144 86.03884338893201
2.6996201152594046 52.30545324127907
64.28395985868886 53.72604425032098
71.72480160494457 69.54297700069051
12.528316440074095 55.512172668225524
18.216259555441095 4.363049481123548
86.03587410508482 4.339750561833111
5.674597815047755 44.55854467480105
48.88711858013335 97.16587662640242
2.0585592467780467 1.1726161582768957
72.24106788881718 25.698833328868442
52.64865296819379 65.49944081208908
32.89308311612375 36.68832926098927
91.94195084734899 57.67226919926046
62.45669157844668 99.40276929413696
77.57587389138651 88.51081856897773
78.3970110241477 39.43802469370975
31.93375039995082 56.468779561713234
62.29404705331491 86.39015666708207
58.49588900123135 18.322100548685317
48.0910796499395 51.77451318566884
48.79051327856575 22.561990233548723
39.413764828523654 58.92201563121806
20.151605545568984 74.96036539628476
59.20625472992192 6.311858401599202
20.73761573183083 25.40621630739459
35.55993002664162 7.178711742016953
36.625198673299984 19.881169200300942
55.82344819808163 90.16749319842422
80.62772463713142 99.56655119205958
22.351100910548173 62.93148977789497
19.85732079842826 68.51904775858323
58.229878014436274 79.74634071796693
6.792439700113462 32.89499928301037
23.82120920278814 55.7675952294108
6.489797990131541 58.65415159472448
96.65968818494639 24.738058316633726
41.2471876092897 23.28609305271675
83.3893880886453 8.668533198520368
67.9702540559344 41.28849404922876
27.814869003467436 75.82635663612632
98.25317261047036 87.63994773615362
44.89651531861263 10.985388280488895
49.448672934425694 9.797785755281318
22.923987113843435 31.799500444017948
90.1924677132433 0.8482229991637835
40.39078513668129 96.08106481612897
75.56536304602095 98.48679800571696
3.8005291554616294 7.369357425335998
32.343012225550794 97.65724062068564
85.30354853190573 57.863109294857196
70.15726931398284 80.18997996385487
97.24640724785289 86.68863420873222
63.87762603629924 80.59810372840012
3.466193304626697 6.813344823504841
23.51919436186143 18.337040627524182
44.57213408610835 13.244572254691745
11.784380448523601 27.251096935948926
94.8464500546432 25.087115019416306
59.86842945438977 23.360197343744783
15.221279311604441 70.25166340114485
5.434313661362788 74.13356078153072
49.77477429324051 42.05428560412104
93.81378783150781 69.21414008296038
11.555357564348956 37.386049879242464
91.32153176181814 35.07090869587913
95.80298228819659 31.391481098509722
90.97746051904751 34.11430529478112
74.96419551691213 85.7410878505521
36.53296275243115 0.6373100669755272
17.101867223682376 67.14636388747918
19.520409362267067 36.86509327869418
98.45888892248244 21.958857952825028
92.04936931795554 1.2908194337354129
25.718608146075695 15.674609117894589
92.18932570184913 39.87507366824119
86.5976972786919 18.30589623779144
0.6703051152932016 77.49271704742279
17.153156164856643 10.870526135421843
76.2304671945561 65.41761297217052
18.095705359434543 44.5421976001245
19.759339357806194 33.780191588692944
