171
82.20679449519912 86.31002154989993
43.63209453088675 82.66776874061792
48.9024261388451 69.81868628534154
81.11071850027425 64.04396662713076
22.213671634538535 58.26877379202705
6.327788511037092 59.85798286179881
62.13301436967401 56.469655070341354
86.10809283246982 34.203529882043604
15.762801450349428 43.47227377342041
9.586814047468206 82.68013788268908
10.448169555186947 12.787284015256917
47.14961915394787 35.964038650676876
72.98525607146019 5.022905875469286
58.9480846797805 16.50293785385649
4.267461121475158 35.73841122026703
67.22953911903348 41.81545298485902
65.58215460551364 70.22610061230252
93.59821475433691 91.09199609210312
14.130279860542828 46.64001958223653
63.66189789094756 96.0576244971471
49.8414934372443 85.45843914952826
44.560089451911786 52.982338273157026
41.283100707485 87.1922913456508
70.37130636686622 78.56070313698665
60.48761464484045 95.72028790866386
14.70247745573724 46.592836289860905
19.33843023121775 36.143247307078255
56.820201402935155 88.83453427289213
91.66530509231106 97.11750711428427
3.8792508444450036 98.67523612230782
33.02638335479955 74.90420818059678
9.186548002568596 47.24257695799683
26.806525913700497 93.81107461880042
17.940885883265377 79.84911971681177
19.266087246152217 9.941240009655584
65.67424229534217 64.747734812906
56.324398370722626 24.425204930943845
31.151830158168902 49.01055568713269
21.16946412336351 23.056030155219055
20.957485592936386 50.02803672868872
3.9340766727742227 47.109415079018255
45.769559519897044 90.58583473575148
60.12439882450886 52.37358877705894
78.94512010816254 64.85419983888556
73.41599583222593 53.15901798044189
67.1520559189602 66.86489003372715
56.57335786412302 28.447949364222424
32.43305727251774 44.90036289335888
17.232975930876705 18.708732117585768
18.277688926826976 83.4386985086319
41.82224283535562 51.88596480583853
54.6302042304785 28.22625058399433
31.10045805321716 91.5288593330654
98.91247211423956 19.662131664268923
16.551413950414428 74.01432453826627
93.77905664912147 5.702259801013543
28.9560615045783 90.07418134696147
55.27321807129502 26.015545758962578
81.98302481351354 2.1222428695237827
30.436069080831395 87.1509495297204
61.93317856969814 94.28214417356577
19.30582442870922 66.78498608161144
69.88716494015509 99.1275423737575
26.90696459042424 10.494712948846974
92.86295454969449 60.335851841236746
20.26607287276001 34.43369047817137
83.18695507358962 7.034847842712278
59.07611393710781 70.05644429301232
11.057386895526367 65.42475194729967
97.85695031644111 92.76752781423404
53.87545326914933 82.29599043823718
32.54057151651742 18.55637439294997
25.64576204485447 88.27628198786314
22.233439753212934 30.925522180019982
50.00241097341671 72.7627139752521
52.76928245766348 66.69170971300747
22.543567366101957 50.38898216849884
42.9062374752822 64.05260634947338
68.46766802046686 46.8843634539903
77.52259687442454 79.08385077774446
68.32302637269912 36.28294676300828
10.626499648415944 87.90956267747573
9.237474022402136 22.390809809527745
36.72484318865818 80.48293738466083
1.6619180393089072 95.13411747477643
66.96037926264817 33.31551667923791
88.14585282601604 66.85842884165275
53.30731189691868 63.13363453980845
96.83280383199427 20.847671611122
70.58783294654795 2.2895564617028796
94.87332816543852 60.13609494687747
56.06091530842103 34.36116959455693
26.21394085236449 60.670951449535046
56.57302606917948 3.5119821953368713
48.495913182990535 93.08381331025346
84.15845778060599 57.926492337475075
32.138930065788394 43.86724463785996
18.660312797457113 55.53598758723106
23.403338770048965 58.31154974947703
94.58230661447607 30.272783404880165
82.33387316222121 50.42407140180891
75.44399810176363 20.5133654533198
51.51320658586577 28.29553419371409
24.19895526682264 39.7803234753833
80.90687922534549 67.24092066650107
74.02406828167017 76.76824230714948
32.90045362595579 71.3396516130766
47.820258667452954 38.463081275888186
58.86477140147777 25.11012276691368
45.03339671336056 46.37881919607092
58.33658071934944 66.10599185244155
95.16239958689431 89.80530921719192
43.286117081400675 56.38555682761246
41.87274406076226 80.95158297885406
33.61783475435568 74.63856385001901
69.4737479485873 3.061088550006019
31.954485450677506 75.89169218534045
30.130019447197665 12.011989263760947
87.24398094431652 12.40888421471884
29.6605084505546 2.5280497005602864
28.472827534327095 75.16166764988557
88.5397117104336 45.00986755490556
22.655136996461643 81.02896776303034
73.69588773614335 61.977548188893174
77.49252741882545 62.04724914012245
57.14371690166183 91.35187289862662
62.24415809960438 79.41881145935336
65.68355337747876 89.34026962921851
32.94164632165153 9.861179808208753
25.637818063751318 30.355725632994222
97.88669071301277 40.0454136106076
1.1365106409734316 81.76023214355827
20.01173729462594 59.84184203271512
33.900927611774435 99.54447063485931
14.439344114345943 19.790439721437824
9.899090776722186 86.58511597036423
0.25202878500737436 65.9412509647553
33.76903785012135 91.53038302136014
97.99911162866579 66.76267368544484
60.37940954096265 72.97546064316832
27.00191111315987 40.02929680934454
40.23134179468555 44.65589050716344
27.588191302998876 11.828616494198762
95.16784526968107 27.9646442294641
30.393654855683337 8.414324502117243
23.210498222857833 76.31193058589307
50.3718594294246 31.75722991389177
67.19747207169185 39.09621884519979
59.91062167221985 22.882850105694253
68.91073902306537 9.128803652630324
8.52723884814479 26.559149584509633
40.12687156507355 53.830933506443024
15.70970218027986 57.48036290324684
6.915770909841534 81.71724072306571
70.06013467174536 2.3441589913828498
45.13503666137094 20.667699731535492
55.44510985700079 99.60645807502331
97.66087536531448 71.15067442029563
63.82144232568391 21.16925890836281
67.82356379110308 21.9366907172741
51.86742075022062 79.40491926129178
66.70355683985194 14.862000085505045
16.699313470598653 1.8595181379488346
83.57329226396917 58.568519385223304
67.78870098314614 85.93805926759649
66.6876811764031 91.28586704936198
19.08858845021062 21.771834880882444
62.025589842629984 11.782936841855262
12.219267318382677 60.26269601287312
79.79327238970173 47.42879738929203
89.57981084046752 79.22651279007243
