155
22.772835870327736 2.420634810560418
32.09767954026368 40.59477558722037
4.979761831476703 27.597480460589495
20.05828776754466 25.801480866991376
27.291749453808123 39.1045978621393
71.93780656596361 10.709437826314794
40.992124676237054 53.32816397548139
8.395987966324691 72.31633150845997
0.14704352443228874 87.4925541967983
74.22300872071621 93.93947221841948
17.93547969936119 19.070045338588326
43.810981388576664 83.07388943303626
78.38490374678607 78.53947021698802
83.01438045153138 55.73387490281251
2.9180925163685756 4.299037214454183
87.19781387562338 74.68402245712451
55.97050749889415 47.80765372685805
15.665683659575713 95.29309390477924
55.67625649070165 45.75103708441786
28.37801843563572 16.60396297152221
29.450344803208097 8.135040650141212
49.907488920117885 54.399395446003574
45.798385280531704 69.36302876009263
6.140913391821812 63.047501516187346
94.37824600599288 35.65181779184088
29.261384339000664 33.96667611974657
33.71127021072361 54.80686710072232
42.63415591591472 16.531703073846383
67.7083462462056 20.94450472361392
86.12684156615809 34.97498625707905
85.0472062933195 57.30311946308414
22.479160661106413 0.7174894175306479
50.6585199110466 10.109611371688509
41.30544940939751 4.959682576389213
59.49753070299026 40.53757919231842
29.40596016432625 21.143360771194263
3.4295661833330437 89.57195891615183
72.41695202434259 95.30997780144317
57.70024934893259 75.73092543929367
87.65003446677781 17.309368065835585
69.40389236093559 65.00337819610836
77.85217144868727 98.16009624020565
36.220568748283185 15.263237404028674
17.646410926775168 75.9218407521764
90.12089473571717 33.77119225327271
29.8942125350527 76.42660761834684
62.80661977328017 20.90864810313211
32.97748443987779 24.587694039872687
67.63997075790311 51.35330098753208
16.919906587433985 67.06156529190332
36.94506925512204 60.35568726747979
31.09760048409601 70.20990158681546
43.10638687248157 36.46946462174093
39.819406807325194 7.250524043451234
99.18244874054109 7.304757200575773
40.998943057393774 11.935568497696147
47.178098928242974 27.473884569596773
81.44822691300628 75.92132334413965
96.02647845383534 76.66086071642275
13.234812716939215 30.533969692021245
0.9844359954328863 95.09402396369748
90.87515656635684 58.81796873676623
35.13087540960166 85.46645190588795
8.827300461624276 82.70281626439163
25.841915329898935 95.2236550772411
65.40663658192383 45.49307894291791
14.700688713913113 91.44877608141286
44.19442460980406 39.55183681306054
47.82373528605931 52.92058505121725
68.16038071507276 60.009145068705315
99.34984143350509 45.20986123548477
31.088891098115255 51.63938296626559
16.62128167510234 80.31597648811508
24.920873178203518 80.4133223043552
22.640687711703755 9.583185037851127
18.02532315149563 39.378382182451475
39.95919822964331 79.25228779095026
67.19225200259213 76.43182659274221
83.50300387137905 63.73083000205415
12.959747799372046 65.18242053357235
2.4068487231988844 13.922702432643607
88.08239734326713 19.592090232281922
47.099151005203275 33.86426473059968
64.89290972464478 93.39342518568526
46.54877446806355 70.32803946140042
63.78179086087749 63.23406096331854
48.925504252820254 79.67832405922476
25.54418580785266 33.287605586954584
8.274318102255373 24.25455051312625
6.816110094572236 81.81516721414593
34.13210563666351 34.57314679719187
69.95399399006389 14.680897327684239
13.391421034560446 22.226815393895315
25.31402726322114 39.86852316143358
28.102824181865405 36.86703486904847
60.58285196954878 54.837162719394264
76.42944414990977 77.31474753585778
84.81890739813535 24.555861556536318
15.76586736880008 15.984684313568698
87.59757563812623 55.10291378190896
23.539007171187897 68.18121367926886
96.78819518026494 58.753971533366844
82.29141130154967 82.40580571586443
96.72954630391484 71.33940475861178
36.761248961102076 38.75934459457374
78.41484955970365 79.1753758815214
73.49130381220516 69.73650540325703
65.51396833610922 92.26239965544222
45.178293161727744 65.8276298865147
3.933557045749536 72.39176064126227
53.2214394977739 88.43905659819933
0.8626072128453788 11.273797183190116
6.269259629754775 39.539043043678944
20.77324812729825 43.25375282292231
70.7627438206747 0.8111074618697978
22.466560595492314 31.388322572021956
56.540525822362056 72.29821170582306
94.04009616291346 50.40369002016798
11.486303162787015 66.0197907684804
62.58074203995222 30.141139504704228
65.01325396509124 75.66811503376427
11.593331154111898 30.06005138280742
75.35075950769382 75.16136823718739
14.243934775129164 3.6379136330872863
54.57262742225154 52.98746273586384
15.462367804194589 66.27484088307146
43.67156689103319 92.2148814072242
31.778996169554695 17.40500713555557
12.757791135230146 85.29876262401855
68.03429281800167 19.697281497029394
83.78742430181369 96.73033432701304
47.432494038147254 31.3349771733781
46.00655974311939 37.73581319135453
55.71675600291036 1.4649133966911254
69.57535967831167 89.54217897989798
81.95105908714497 5.482328224123423
21.402959897603758 38.15866060745196
45.19171563638981 61.16690141487676
49.071585552467845 94.8344366766005
52.38030243235088 60.05259464597823
20.393101981413754 29.241655160906845
70.77920206302592 78.98705254898915
60.067235120461405 10.29365012202057
20.329503091240596 92.5126650882554
66.90349718053533 41.81009531369533
12.555986678837773 60.763031901890166
3.884860585656047 56.12491046885383
13.654336447069293 74.18775255158081
32.936365259798215 38.89711257886121
97.13435905643396 9.129852322049182
69.58100879309332 17.624729091187298
95.0444113915519 98.00071219756418
16.214749883591615 35.70873935779052
16.578531576585455 41.19156991574601
51.71435914027159 94.07473654212828
