169
12.62203305588513 62.08559942258255
44.23878075572486 77.09309947675564
34.06115356475051 30.09775435936497
86.14553204796775 9.509698475799755
72.04550098158835 50.09393664240466
53.107392247390386 36.44593911593432
84.87688069425101 73.54044905888503
86.3988144284543 90.34748578355926
68.86090843935274 10.133800813354455
97.05455609946335 25.245514563239666
33.86481875010953 24.823084030089284
77.06863200395622 81.7145556429536
95.29613484474284 38.48842469253887
49.57556776075241 65.7934344797698
23.42300116243291 65.2062695421266
5.65406774678393 20.013108291325064
89.74113989348407 31.896857502946364
37.757003912913014 19.60540935549765
39.084545862426765 86.78698254351843
13.96487926194414 88.99039565122673
86.36606545276757 89.42777462353682
84.55189632300456 93.2024097824953
21.472418906656422 8.735980538960398
23.341572902456132 74.42710055851069
27.878514831190337 36.84099950895977
15.802518498122243 20.05155510916924
0.6197859030406372 23.489888102345724
54.5657647886909 22.68935807675542
20.725821770066645 74.10447320053684
33.23647326425927 80.84063179210551
5.5875291561902625 67.40532236558326
59.385479195547966 17.445252957224298
60.251605885002476 32.73959227340999
8.817672660279674 85.14455789024818
51.73981404926838 82.48252204139152
77.58541913179774 7.103350536406805
31.377279130494195 95.49978393491998
16.512664480463357 44.63658175371247
28.749153893039303 87.62752468231793
40.53339916480449 20.527408500628407
50.75283543949439 85.02439475843705
76.35623784281445 80.5294700525431
85.47132448241565 16.851174896312028
5.958024096615033 13.9606757574119
99.36677667733971 84.84055232069271
3.745579330841675 50.38699674140219
1.4178724676147558 63.260424562540926
31.692146277231213 60.03303274987991
64.18718232585535 18.81488190005982
26.41563398536525 5.663778099787975
64.78763689213804 94.17794984062618
39.56764417716321 86.68549153822538
41.49514865176306 17.84510792948877
22.652985865581233 30.530270940370585
49.425931900962226 66.32771658956777
73.64954688754939 49.66158843158167
49.00138875886054 13.328451450227563
38.00527165831775 44.32969853394311
46.388105583558534 6.5930555733281215
80.26008936276531 97.98726105517858
68.92025262816722 2.06925322136009
87.60336191346431 10.204079563909751
75.31799140209937 91.65511228918686
39.49279289907782 81.07512732412813
48.180859951275764 5.6470456572147665
43.65753930272002 21.8507756253147
85.44040788696383 33.193016436528275
2.5159293036916996 5.758710814939116
30.886354865686314 76.84569137539961
41.426466678942866 30.70434631299477
17.59687588037143 7.758663315071557
6.149352877298431 1.072955740949444
68.1629609602087 75.69956654758116
26.495434282802556 19.187184601842766
7.071210341714529 40.375329440128816
61.618489433896386 69.82621714242653
35.63131949287918 93.83730998282653
40.45599204554024 9.800420583110348
17.02298453024532 49.172181478050405
44.982209906785954 43.64551801462948
62.10406370231561 24.425789648266772
66.0550092474584 15.102078634366723
45.22286469064143 29.31007671522542
75.4661409161003 98.0829414729134
85.82628627802926 92.83710990138876
31.104690879060094 72.10251232922738
45.95137990094146 25.85808730869984
76.35071207443018 30.012691156623937
32.87454306848729 73.06309075589226
78.4374715023263 73.40093352301642
9.00596201510272 61.68498434391392
68.47119690443945 35.95589550338525
40.071822947973125 55.032469435799115
47.46595292812593 33.986166271749305
79.04000075824341 82.27464349535481
58.773584934926006 48.087560673676485
39.819782015229 91.8040316269824
4.9236714327041025 35.49527103195646
59.0866795504359 79.40640553580285
62.06282082582493 39.54382880596494
33.37980990886423 22.77626786036173
52.100620351126196 66.26564168437133
74.368703089608 68.05838676862656
5.903248275414863 32.08879481287896
58.424017080231025 36.068870040043244
5.444719125040065 87.19004307711697
98.74373008821917 71.13067149879271
87.11415370819454 27.351617729583786
96.03409344817703 98.86489881728347
93.69837792483217 26.731797422673097
5.872354894772592 91.69157701487867
33.02610791247893 50.715565464409806
45.68004849258478 12.311665490248592
45.89703906783124 42.98432443626241
18.621228156735192 82.90447034018686
98.58283694154318 26.505529079170653
84.4557222601229 82.84769158029857
9.005235147562507 17.955645422299504
21.605739192127203 99.16557108880178
69.1529276561601 9.647618566205207
63.982715311184826 31.83942067299592
64.103053149086 99.03334909506914
18.94971844096712 24.823937548372264
80.6768110644285 65.32442403145981
91.85072673694854 78.9833823197391
51.508207855754996 19.35913991025219
74.23672121622435 17.78504683097988
24.66925272897056 84.08768497649113
38.46142219869178 1.1584885309720683
8.132682999995588 96.11867602935995
64.3933153847204 65.35867248057602
1.3960179390762884 66.86730537920063
84.43927733158331 1.5714915727989776
39.7722726384764 51.22732839806823
26.61531160611438 79.77953197898458
59.257297907430484 96.04041648197185
34.45007901602186 44.021679630780085
88.7173808238286 1.057210718100321
88.90844828541347 81.8210008146895
72.16601429351462 90.39930650120183
33.5813992737866 62.34007242852345
24.280895343815835 60.77626120352703
27.74620506741269 72.78710623313187
24.167795745104513 66.24648863239344
69.37178868440695 60.94307240487308
63.20870725086435 27.32992280187866
53.69086614115729 15.941769043901777
11.990757843873167 87.53918933069258
14.280522139234108 0.37063391688212377
20.130324387364652 15.966122145065642
77.74413842153167 39.517948356944885
74.36927237611948 67.2544176485756
4.905964410054242 27.904892120360646
82.27724010942947 51.63104944911978
94.44342827700764 88.13860513882912
6.140302697102051 97.71981794122918
8.701499940736834 65.5770215385738
28.58105126333261 2.3051920078081545
0.8088085037952997 52.20566087173805
81.89626966622546 40.99375617768667
46.141564370724765 31.482954935641594
58.099684491928535 28.818508521517096
41.31700313933591 6.425685387301083
86.2600833496872 28.386447036936925
91.6387656936439 92.92763877090071
1.2032103407527917 92.98308306583704
21.50315146226671 54.73680678913758
28.963757733724627 30.659226474407962
31.37542583968059 48.59735315342931
