175
21.810092840015937 62.16417155421038
23.783263571764458 36.49492184862132
53.96928077736906 74.74942225750549
98.3569220220289 99.16861526403272
90.47329279469434 26.459666076545485
1.060446531919168 9.936096173820175
22.963681128310032 51.73761184334245
89.32202963167352 89.8529345239674
45.76008489569339 75.58010481565047
60.59573301915724 0.942669592136891
21.872395722849937 14.799775413634265
14.204057698093997 43.85093084807844
81.87479181199973 29.73981631408624
19.713714450640595 1.7272221218907369
59.9211345732893 12.936775403723576
64.97942590104661 69.77934732487677
35.85630128529972 30.681598693263744
49.829475143956145 97.11347411315793
2.1009925689066233 92.35982570633875
56.037939900823694 0.4031254494672787
1.8162669497282735 36.85571087956602
54.47596048276312 57.256795689903896
34.795261381323215 28.244927412258015
36.4036385226099 15.090265672925195
57.82775692654576 43.31115641862143
91.81549410102576 75.15127642773163
18.48226484652926 0.6359839419394997
64.7777188825803 49.09143270513767
65.18910053030706 72.72815276710426
98.73844196715073 47.14397779973623
76.92756112517914 26.459430778107517
79.06981615197411 3.537159567690651
92.87567509931314 35.37393709625567
15.313430868108934 83.95428015543914
48.57226603814728 84.54918288725918
89.21321096157381 13.004241437095732
22.081577180907164 58.038103749521966
53.51291469279163 75.26658879742283
40.85523025181115 83.51672911435763
74.4431270324033 1.6480790223328379
34.4346766415605 98.12146737370672
84.01567945002914 48.78745684678354
1.3898094463501875 28.705692850917185
33.945451163372155 64.28748356367883
85.89549683378593 79.60848145727829
50.83558573617939 0.9459840253052354
53.865944434996585 58.22580026789207
61.58793894947707 97.00122375066658
46.34050940002812 79.73217661786339
20.828721513025194 15.842166290951443
69.2900757501718 26.445848155521002
26.019707742665766 37.620993098407254
2.4030617749955296 85.04206283850209
50.47014106191692 95.48753026424663
90.42949703085347 56.43907557554625
45.4360533208107 29.634280576906534
45.35402804678172 60.322750842905506
65.77042033567596 7.3887285962116795
4.3546706302818095 72.60643529100254
1.5588769988887363 32.92109330901487
66.53242802819007 17.80992510049939
38.65735250449859 9.000032843278682
46.75153858060502 36.91410472913756
58.44620675287027 9.686746920312883
42.82589710909882 78.3938500150868
8.110532800964487 61.82221367735752
80.29066620883667 97.51296014699543
40.850464634492944 19.723023720478917
55.026770524534484 13.174941689408737
70.42110739203517 52.67996717006929
46.69635952697349 53.43881151308527
99.7055154102645 46.99402979241584
20.63152427739807 69.78458542389046
52.09882381227791 60.90991055954472
91.37418089488234 21.51253912249921
30.627846094995682 16.807955865421498
30.459345747171174 82.85427132856027
73.26009576399764 21.65875790844699
11.390289641694773 82.88180453503533
28.988941307979623 88.45696086371255
22.575863471091616 17.18517891134088
64.39745453947114 41.75863601952343
80.00381538464922 15.619986066699543
77.77493873874248 6.51648354010087
77.02871859998575 41.05427115731044
30.09118487303296 68.16308812908566
39.182769173792856 71.0897064881022
60.031083123060114 43.334549648025614
55.194401912779675 83.05365064320542
94.7153778580681 60.89896840827414
94.21572266994708 40.142472764008865
42.4870199871429 54.90264379855787
24.231680820782543 64.50125682444214
98.60481322866967 12.837347539874012
68.89722394808973 77.25202785385078
2.895309814155622 53.748684233766696
76.57987497833429 33.96943426464164
79.88780831555742 77.03022146354043
47.736411596316145 61.99314091869878
99.2196561416188 63.74666247596856
23.730914389488532 16.01297051112802
6.493851076407919 86.66213208430122
11.79285465615887 30.37661794816883
67.08849834797311 26.5621938262684
42.97232544113658 20.45481205473134
35.21024692331841 38.256629872523185
32.029689062766685 5.496815716173742
55.71814872124088 29.89699971574391
31.66991450205956 98.00529372277032
58.42316222542103 34.19373160040382
6.175827722992344 0.09795374231397203
18.58177098127577 56.558505356350686
45.32210610832975 2.587501558346317
98.51176783610055 15.211023593976936
74.68386057690735 72.06095239986536
31.395378625113835 38.98985099847459
94.83699188181025 88.9101712963847
70.9939673056806 89.61935597362292
37.51915436182757 3.3652576860738526
8.684649672753553 79.47232930971971
40.33162984588993 4.1800734585934585
77.1231246241918 11.25010513918162
1.7822657843893364 33.67833134515463
96.24068026047419 82.72507563870654
73.60262450448339 98.79046552439151
94.4824953908514 56.09041136302345
42.65766572814263 90.60086280375099
49.95400692597119 1.590801065347125
21.808211974144943 84.20870858178122
77.18721353502615 40.70378529471249
83.35042304096393 20.395267774663694
48.37092698241342 58.501570407381195
24.215917328677016 29.14724015485569
83.37409645688084 69.10843270841063
18.35141803325284 0.5692563599091538
43.70085483718509 67.8103313783254
98.69251437827238 46.33331328419106
24.945810328102482 8.657656814047222
38.21743371437321 96.59923177607246
70.04539730301786 63.79212810221478
18.744613828805313 54.12464481686862
68.6484005103475 63.603728366009285
89.67360320124789 48.06446263747958
49.64565853978624 5.879036995338227
74.03724229980544 49.23685764416905
12.686082966248335 80.80234981638806
41.10722895148654 76.64843739707706
9.388809462148595 1.3630659030407277
97.64453982539402 77.08715437972894
37.28209541385128 27.61078018492228
94.07126692549693 96.8394266986022
94.07800764159087 46.688104448446985
55.006395172520484 20.1844588350774
81.0639778729746 42.19485069688337
0.3749484189825125 71.812133269201
44.983143386087086 89.92016773007269
78.66693823060459 64.97029353598556
17.3153668174698 78.08902242985127
41.45243468940012 2.420867052517506
4.355071914351461 91.19426484120761
16.531315322114903 86.24756599559065
6.626482021275171 52.6946694957701
37.745947830568724 3.4098036219005423
77.05299994051741 11.459695920308333
55.01131572368786 58.93163414996815
50.43786065042537 67.6627853194299
45.11673431745697 93.9312794001821
2.803559262694355 26.286342770265648
21.687705370471644 86.78192019997731
47.83140109628078 6.0196707038646435
54.737829535175486 89.58852648276837
7.955460801440917 33.91236234871755
8.611835104178777 18.734354967545496
38.204176229334806 14.107082544732098
40.74500434927128 76.2301134055908
