113
97.59053248117606 87.38333057234814
12.76403028613583 75.79329765393446
28.603056662523397 42.23904065299705
22.67631588402308 93.25524035692737
74.10600133974364 26.765434057919656
20.711506959347382 77.98397243545614
21.766106853518252 66.16461357728699
32.244666108063846 80.23855804015952
2.174638976809229 90.23433304303832
66.61502312931817 64.2797960094333
56.62476180238699 45.57159178215424
2.353309075824861 41.52042674908084
31.13544793864298 39.02969970221663
31.71289449551875 7.923463105218698
44.922150975758754 72.4499968970162
9.582188078907382 77.81172200839045
98.74534628692679 36.29624245827434
15.31403195712695 58.996003069276114
91.4699530390985 72.69145520909518
20.519846361854334 27.168512778677144
34.02401429058316 88.27109427612713
28.46492544868473 84.8978321613006
74.40674048858028 52.590968568508345
62.309642884912805 69.13438962990172
20.089794146408845 84.17824954895801
67.9327895585713 94.99379271989656
9.222770122997003 80.2862746418747
13.198114115127336 56.02573027391601
9.632112722003905 89.53571048490883
97.82454424731412 58.41685930045539
60.77351527161786 95.46139236848866
30.95557281512025 82.16244985590716
72.64617726366492 97.39598618663204
7.20992107407864 71.66908607148507
82.36705188459429 51.134290833011576
62.62083130314576 2.136880505139649
91.41719290285174 45.037149957070135
61.17373922528376 64.05897126900764
15.61593909523874 16.80189132540152
73.13097461002795 88.78532191701402
4.383390394075071 32.4648283285437
42.172392636736234 6.111742774499862
15.535555176621296 63.131687277185286
73.27030145786165 63.31466145007686
42.77248826509391 82.88307393592393
44.01506051932983 37.90676376427575
57.38446545982296 81.28503882574417
65.24890344315514 96.90042860302842
6.981189996005821 54.79580107527936
39.63050977673404 14.333244127251843
17.400459568328586 67.18278020807227
2.0131604542715342 15.968117496533962
64.38149192001606 52.95230946203752
27.923680209265623 87.9829770633151
92.19895284370358 91.11736609089407
11.517116439669694 58.89216036105547
76.30669044107607 12.26559248535477
96.07762750590734 89.3281902018197
97.3398234362535 66.83426094256339
96.32081667308616 7.347733219042418
10.427182281658942 32.45633613872316
15.284741541269453 38.55842533718978
7.160325870603357 55.4849742599857
70.32941458501891 8.439944331074688
82.73209993499103 28.668348065244544
69.925370499567 88.7633078297444
38.10404777947066 24.91222369481315
64.35973226667075 31.93062816213924
20.813930308963634 83.96279603693482
49.173192511820154 65.40682767138956
52.63333395542339 78.20063998181786
55.84517749094754 91.43293335123637
52.33545050980288 89.51365463082766
41.14534109425795 73.47724368700763
80.61958887210335 77.41330606198174
80.6757415154712 50.101304602377326
52.939038613622216 80.03924633236026
87.29634073614415 37.17739091291175
38.279637459670305 3.050086072601399
77.85653079909865 69.70634331670426
33.26766162269522 31.85986808819372
74.95137304848537 16.356546750884803
21.42637373089378 22.985478530386327
50.05919763592303 79.43964556668703
84.00261308113254 77.86784176222376
23.595008111254756 29.776139690445092
82.11427842461818 74.39079869156447
51.33978446140745 63.630183020432426
83.99294492116746 89.27884546274609
73.41522198559176 67.00411425919926
26.449557599782946 59.40566071863643
19.5208358294782 37.42822889663559
21.522844550990904 57.57952828195456
21.067004407044298 13.415065530730386
88.1463597591061 43.79106028504452
52.030022906014736 40.33502736446943
22.87893791349205 30.503690644484436
41.95080469367019 36.10350664726256
95.57956817846836 79.89827960473391
10.402070822723008 85.44655245599832
42.502131309133595 64.35973996003437
71.52799153460033 90.10757660396443
66.572310444975 8.926947066905777
92.91982144077659 34.4720306099265
92.20172955802776 98.29693747327278
1.7768385464155156 15.938718440877931
76.9192807429294 20.35883969958181
40.63172082478022 59.144144179910086
41.430127186352664 14.281629067910917
82.98075885485041 3.065148452150246
48.306842047322164 20.68592191896674
88.72537167019931 29.576522406255023
83.18957056826537 21.16537629852272
