123
72.18631439929749 18.803623482873544
66.64366597472264 78.72453047075268
11.711257763811656 86.91815484449324
9.902800700014659 47.48129153079403
81.97540276305129 51.84043142010901
20.37402079236854 45.36854910628519
72.33085051927806 90.43262992990091
57.31571726115885 46.480409334357276
80.67223256289165 22.077004876266106
76.76226929385584 40.17142581527212
36.233155134703566 36.11599398184232
4.541489476529925 10.012933884782004
71.27019841249385 28.065036751542582
23.60192149410103 41.41985904368484
50.923208665545694 87.36085636618287
9.62468254605544 16.81019234246929
56.90725361902133 55.25458835195334
33.117284923732186 46.59686474308265
45.67889222151985 70.45021366445611
35.70718181923296 52.60777183786816
95.96258948667821 58.86156130246491
16.296228096163002 32.382331671629
30.059751165800495 45.20635234250116
4.468264446355796 20.715506684115915
14.82266311050533 50.657896278788684
97.4379009601571 66.97485894101344
41.220913035797736 30.181388476068417
84.50024727864468 24.175539539191192
60.63696360659036 44.79385704308989
49.69458064224867 62.767746899803235
91.79260218628563 30.387675219730916
73.90956374593802 15.193357282807195
13.97594268949469 41.58427269689544
58.37279859294332 20.423407581938857
57.39486882405478 56.817885637594976
15.78156133429972 8.673971098342149
95.65975922423881 1.0583629889505342
62.24123545597926 76.10168535366559
49.781597427222366 91.6312055806421
77.71343396123645 0.7585993186860818
17.324391957758124 69.53343550341194
22.3249894247703 85.59303603731358
0.17953899984723964 39.29254082640973
98.09875982487807 82.10348015638759
4.239187510851838 56.725167332863315
31.997112225585834 61.28367314059615
15.407704294660974 62.937957940710696
75.67960066879262 48.584881791897516
79.09808739762344 25.091194825519338
8.32464357899132 16.310354320375296
80.67949980951444 43.86807653011182
64.08063316189605 30.512633937372758
59.73472365675726 48.24936957544055
5.492178746370902 9.061334166124823
62.341657788939585 58.91686047902775
53.456766403599495 49.048894237959914
17.549676288191705 78.104445501687
50.47994807512188 74.92291414129232
13.842076481989407 56.886030635325454
22.542409268800622 91.20818511846714
52.57473635233064 40.12570962332307
29.226064077919922 28.834500755361802
22.19636688417752 93.71422483844113
53.1736728122159 57.64310830548444
50.14073624586315 59.639317971914394
43.131336602817015 15.600147160740041
73.82187275639322 35.56602997433096
33.22645141355167 10.528217161190012
53.36650782301531 14.295044996904405
14.359330332538944 21.677345643219105
7.2491638392433995 85.19984272775571
10.120167877849806 5.633060743312502
42.82706292655168 8.657299516611406
9.32586014285538 22.35068024596184
3.261041524472419 75.76236559032967
92.99738452190472 10.032461553270533
99.68092132716775 32.3971264053269
61.38042072093064 93.50250170279631
7.979585379816234 69.83119751979116
13.45818998520606 60.60182499895264
23.204179377897095 88.07215344932393
8.897228722254047 49.625061778336196
12.605681709113936 61.87475802436514
1.6138585644915326 29.92522789880678
48.02262561073527 48.9337503821641
58.98204208020385 11.013493234576643
76.37301242586999 52.01976595866387
95.06739604189505 89.0819480139262
34.84146401650261 54.55819517231908
36.975750586852506 40.38029816343611
34.44131744532854 91.85186110288471
93.24234474566428 27.038536408676606
68.4431018361012 79.40701724662385
45.8976174229255 39.83260267286964
30.827184240948725 27.68632111382083
83.22774168837944 84.29689443615828
58.31668184894427 16.504441501108126
27.243775011554515 27.611534996538133
32.84627905540995 45.5445188508161
39.66092316447841 94.59287978459668
69.44813916512517 52.111009505016206
36.47428537644913 45.476882081681666
96.33726093104232 78.47154953029086
36.203111504998084 18.390166062318226
4.539790190536208 91.07871531434239
82.856948266017 88.92830944341496
18.449771958897355 13.567690285893242
31.189620449269718 37.43032769582628
69.35640267271009 93.1843920106618
87.07000042729305 80.56771557316604
54.08498967707685 98.86375197189005
96.5927605940566 0.6798102556071495
34.68177104663056 22.744135577381886
0.17946108549533601 27.081455177806568
99.3330726150875 54.412319717684696
67.95092226901149 5.212307399353744
32.53864237358551 56.802864292888856
77.76484939407094 56.08206085205181
62.168058604902775 18.53976358400705
20.319973361288124 81.30282675655077
13.794063528076672 5.237661161325802
71.99423918729838 88.92628070561706
78.56188116259574 9.271525570167238
