172
2.0604349864252414 76.37930841459266
85.87639878295151 99.47135448880499
31.805370241529996 58.130738457916706
22.827031208632064 62.19906686052704
12.373513613927912 62.79657755879311
24.859771330581626 28.959285611661688
21.173685515376107 14.598866861480197
78.29066057779102 81.79143141255246
87.98986911709677 29.69816006663557
77.31861928746456 38.163333639097694
79.71001410765415 14.507287151236115
61.25642966157203 31.42625842050446
13.256472576948441 53.80755266144705
39.548777825757185 70.20671634582794
69.07977530117178 56.502679581409744
10.79344369650409 66.42634164010033
34.85856077760354 78.49571799207816
19.379689017472934 11.023657919497975
48.8004460646048 82.79767390337273
59.4058403831776 62.35614011143937
49.4419129646034 18.98353487870651
19.142889001036668 92.95147354070981
6.510273334856576 18.06512339102817
12.616432427376989 2.362523731966193
3.522797088374219 12.321345829875408
85.26020775357375 25.831070415800795
91.29392093149463 0.9020429035407007
92.41998359227624 47.086777509778656
47.81627690055754 8.868194222567382
79.11860928822414 86.0903278884746
53.881275681643515 12.418503858338315
23.659785664976763 58.89693934676505
50.52478411686816 3.382255321279104
72.56884858278512 32.64911258896738
83.62940756612932 1.584442195496949
21.87410518531473 37.527594058563615
12.496385543710575 5.30468708884313
27.37612114948772 59.94365532077476
63.53828632962367 41.41630268990425
19.287106098001328 36.25819786817458
46.067206734730306 60.82640052980947
19.764279217546132 37.42888546974664
67.26864278864319 73.02461174897059
2.70398095591321 69.02176542767788
10.901643503896674 47.71801641234942
27.78159996039569 98.09681703560942
19.76856567508237 43.519471971041966
20.341247990644117 28.426459623640433
23.76598861087179 19.052158860115743
73.63303422694773 38.46381594073799
22.834889023026207 38.11969531825656
37.74129760850633 24.27302660652284
33.458102132473655 62.13952140886254
6.755106149383083 86.06734815167914
92.70527588042484 77.29488586003018
36.81915293337873 49.50263767465568
3.798313446046353 53.47702393180569
90.01331758025226 75.1103394113167
70.95619777380814 32.626583374189025
17.424959765899995 28.490533956811113
13.713198659689896 66.25044990522547
6.098917069212318 34.893755762083
57.605179864427015 24.583247148146615
81.52019216413036 11.539482869627404
50.87488716950321 36.35347497002059
30.567353202029345 73.04790634345265
20.696249845493675 29.39322184021943
39.87097475967797 78.25656602395196
2.730781283348782 21.287812913780314
33.73309360282663 86.84376241332397
62.65105182236405 73.07456426792098
74.08343692242406 0.2007258908516496
48.549209471977164 73.08484502286316
22.277778762590337 82.43261669139554
24.552699537556233 67.30744160278836
53.431285955185395 6.37127592954716
61.96009270980619 88.55972601036054
3.4066956598775455 3.049306166856247
63.5854556394121 82.83567139640121
41.11118307174827 59.10240957973419
97.91214137580621 16.92768516764367
25.450549221064655 61.961823551805075
10.282432419625076 10.531475709862315
10.759444597455047 33.25254427262099
14.452926322821657 90.85977320797026
36.92396871359076 46.582986343326596
10.037502001024091 53.99890653126492
20.081078540381824 96.08948639667628
88.93729121352737 80.6523363102279
25.879705997095492 84.9743859128772
99.53899174365237 72.5733266616319
53.1104527454069 81.39954054969675
90.40947194766058 75.53764885117589
15.636487843880575 58.04689188042443
3.7379100396295106 91.6061432887254
7.535106566812999 13.41465747622459
57.38504834777355 88.31726187213877
28.597121461889675 59.22056472822545
79.0040112545774 98.93825947030624
27.787613483166286 23.919079823074117
84.48150664986535 55.049233895842434
50.91075419530823 11.856248216752284
82.52401647168568 78.23789524409632
41.6080563880528 47.81789033222109
59.05399567605305 49.05801831814737
67.36998649669871 30.488996688261217
4.2283995886271075 29.568779823138158
53.70807538414753 1.740984200410789
81.03014652565757 5.0830932644961635
32.51172654274246 74.09011739614492
91.82366296360682 54.44558732482538
72.70233944374849 93.14861644210742
43.50010984315637 72.16022273539875
92.95619735948691 78.07591032385254
25.514331377298184 4.5880515964976665
31.78570301899072 32.13203128252815
77.39357816645344 91.32622408736452
13.374628784262299 70.87438621290917
95.25194004348954 80.18225741782963
73.68490026062679 6.138983460460112
31.983508135280093 58.44332045951006
24.86242073112863 60.01737198963109
2.892795814263238 99.47099023740064
12.638984119659725 64.71226008730223
83.90002456568149 11.005761133812031
73.72242982731726 93.60439451924576
43.51328553133938 71.02235373128286
88.67834640007418 46.851798165526695
40.885736534724536 66.82429922465957
66.69758360026485 14.296912803662964
83.0429942950498 10.957186971752064
41.25334478503827 71.70709217293765
25.290628426668327 26.087727552377338
46.11006579407647 26.24854402673089
5.354195501378555 55.0293103857173
91.98088036441165 87.35981124062194
82.85998556226176 51.34334263984064
24.820306933729654 12.329887471514056
86.18005721049363 13.100655397828042
72.46315074205938 96.33462847116857
92.04127172516074 57.976151933219
30.13397821096664 5.224377094862076
49.709470224144006 43.40462763846722
34.14967827218979 98.88160000533716
73.77472124448713 25.04361856232249
22.454244346349583 35.37162780588392
95.0176262438826 1.5094972576589982
28.472241690461086 37.67637487942221
19.93721290449859 1.3793319726292275
54.10016621183708 20.361352938908716
43.629707398991435 96.87580826911099
21.972663259273794 56.87380308040242
46.02294546728033 72.64809993893769
34.419042505302734 62.89087103054858
23.937996913205584 89.19094035783397
72.98833944484664 95.30376762383816
36.88664557427054 11.59014462765513
14.40609484326787 95.17759205023512
83.51718347979326 11.209404023826576
52.01366386798401 90.80237152486586
67.08504951530652 67.18161479714783
73.73722817489329 72.87536317286522
60.091967919397526 76.62107690580345
35.81382687673336 83.97118214057048
82.69086745736817 96.70798490407309
52.75762537455506 48.884309135774494
74.48626979604144 0.8585352961616888
79.71264693308297 66.98302572003396
70.77568558953338 54.861257787868865
26.697507648788832 34.10038336159834
34.45315628080382 31.247125181159852
47.623349485213616 53.6118555221755
