107
57.36472300018166 34.3110378950378
41.80212597937627 5.720231346478776
38.02327240697099 22.028308760241
94.38576721382304 61.598523619262366
2.0871603040095943 21.478059552844343
70.78446626734875 19.34280902581278
91.1957579595772 25.37102586329064
25.434012769588897 89.40590032673583
85.67224913809746 71.1264683739495
0.9575686748398149 25.653982578958544
32.729555126555056 39.7314731951318
45.696371254184406 81.43764079638933
38.8915570689517 93.07108837412142
55.04291240750556 21.503296736783962
13.019743374184944 77.17084413986312
84.8704327432427 40.699824106481785
38.952996051459046 20.318540228992255
79.66299075279653 27.363669834593395
57.200661608434565 31.25868009009286
21.658318500038966 72.87061055153065
58.44422791825126 99.27980480786344
65.96347679453712 45.03090222593461
89.02461201222195 30.261491396455497
98.34402167939905 14.17519710453875
2.808092497788839 22.93620919457756
17.718823727312238 4.2770016461823435
58.987022286739496 29.711616829494847
8.896679886655601 37.253016408827996
28.99448633426417 18.769193450329425
19.420864344782995 22.14997980428669
45.67601395466594 50.305341371596924
24.911519589254084 0.8341252073167715
17.899850312066935 39.9364804599766
22.756234392457884 24.513436716509084
89.85009555329137 57.14936895368563
86.23615098961048 25.08415261604472
90.89074447403476 7.343201343649753
64.63805097624439 55.478273920682696
50.599547859965966 39.71472768118186
19.565339005751557 27.811053664042095
97.52537298657536 30.875495790789266
46.28002703877125 81.94260597647181
11.073475772109242 71.31018916041933
86.00383531808212 74.64003570135544
96.72925390501658 53.41105783608775
61.87925618667215 6.86539578178037
50.99416079649237 27.22884051692709
68.99013595640663 84.72050581174581
70.74987893931416 12.657760489558745
35.538156477585446 0.7951715404855952
76.87988059448246 59.82421447929207
1.4659577049015549 26.099255276716626
43.016373532348204 79.85168255777361
56.43759735069073 50.96079751050496
52.760296367704804 36.565287954321136
89.65022901681151 48.70283433634477
45.64751980105866 38.19483561809347
43.86808339855101 59.21683040174547
72.94695663829877 61.91585551245953
28.051599687802664 61.18683279192653
84.90503049386467 92.82310888178453
62.238619317411924 36.65036800971735
79.39720564927268 81.00055816342513
11.428129736274684 58.2895027361889
84.32638994525136 42.205057597599435
26.678035016838443 77.34227451423575
91.35741053724277 64.73679611760198
29.286651219754447 12.89521347613598
44.065064095868635 18.700757513476063
8.310734300822364 43.934123280351955
22.322296980817725 64.72401734340238
88.59017924767235 52.945722407980455
16.14149200541779 51.165595368733044
70.83427137896253 37.213805468152295
60.14783917083126 82.50762209489028
86.65710266517382 68.67809221870958
54.3358386257371 21.621688947479946
74.01817908333514 48.13604919165685
83.73632092490483 29.08321732426734
37.829097065042475 25.009353220751983
56.54919512928823 25.953173616023083
83.98447068617219 98.16577710499269
83.47447557888043 39.3689554003292
30.564675093125913 47.35640961715853
8.233168761116005 41.57241230514869
12.583229418987862 51.39294436179187
91.83812481076376 49.185130485563036
90.2393143059348 74.7990134693033
64.42639345313282 80.19040506752961
87.28825346432833 31.90676314580303
1.0189315784649655 16.438709475211677
20.541750496422306 48.63250187414122
12.02073769727111 18.839000559090913
55.438122205172846 39.82905201665518
39.76161582779029 8.895063178418772
99.86565410906408 57.87874459750715
23.157167834328483 66.82855966091536
57.49687486106433 88.79078954217606
16.59974198761518 92.99170221593359
23.96443035691792 83.09888753607785
47.33109781409751 4.49534243644667
11.11765040663959 89.04868424800816
91.41324110158814 83.91934236259651
52.47859351714194 26.407588189595323
25.46226429676547 7.610668447630342
4.7952018272652275 24.481250940910073
85.5801668888954 63.51056267798455
