191
64.41422809513261 54.31616518879764
10.372596792334289 81.17567040487461
56.670753996779865 24.75626430364374
23.48041930093192 5.407370057365879
83.94970069960675 95.04451561885155
31.132198116571097 69.01390564130716
95.09962550958289 5.738679836349547
27.59956397617531 91.69394932344352
24.885353427274282 0.03142143395601371
63.72899331912788 44.66549137007239
99.05361608842288 70.35237825825969
43.81593079371148 19.694069405795954
0.801775982495978 43.959853737557765
1.1549002174478185 32.090117246106246
37.74868511411591 56.97618959914139
44.523618593079405 90.39804046789777
12.010744498788895 78.26490470150105
24.157571563305947 16.906394430320926
59.80009082113279 37.52880837892925
4.872464690325396 57.10599048258798
86.52928138999403 0.5469401039717603
76.31839685063731 49.91891697401939
12.817837456674363 6.198118625658722
27.802287568619498 94.65595167642057
19.186750445004396 74.74448666462308
76.60343774676089 56.61504448137398
27.960455684778594 78.15280642172002
0.7107959009516662 54.99590340688732
4.842149011745988 85.33648841661545
39.40085763746869 43.35337151651593
87.24616654266904 14.987336472971135
69.30473202297598 3.386978260175222
48.961124114584976 23.271012253143443
54.245518859422305 25.457229869072606
26.78511767431647 37.206790907600094
33.32463076197294 68.44554188546722
8.842075766800562 51.743947001708655
33.336926718752025 64.26772473785522
27.882063800816315 30.4754437940852
17.43150103463944 99.82524960521016
13.52956606266239 19.72216499526114
17.68562217080585 98.0749306261021
92.43015866120578 97.15058088661515
89.91987231681189 25.446413688244064
22.03138909465363 31.730667880568753
14.046755453502813 22.7751593966098
7.546164906923092 67.37370286126294
52.30293410583401 52.24919030423525
61.16367911308963 19.44285000822451
82.87620987600923 0.45347519943848
86.67546021914316 60.45789610603322
17.2966487352048 9.932570646558803
4.477357224123346 94.34947564919085
38.622564267168734 42.471857729107164
5.08269911070014 77.51627526846056
87.1125111027563 77.14486891385097
20.418233201004465 18.16356484311835
41.234144862014745 5.410340782917511
11.012843202926803 93.63335840263485
24.426240850156113 10.391906877746415
30.419799358656963 47.844121421732765
8.842241975101617 56.20854753790242
0.23760343867282874 39.291886810279784
0.09036406453194479 71.98395909907758
67.8284981599717 6.344810959634362
77.20572786792093 38.93024237266648
15.516591424200076 51.71737236316144
9.388711187454412 25.269929044489025
33.05500929203209 77.88168079193993
56.812298915031555 65.34002675745867
41.431114102609115 26.757846771128147
87.41434637298687 56.61289052622735
61.991880293478516 39.815725528311354
76.70500431363226 82.45324157708332
19.56793563791176 81.22659029013619
75.15918533539444 51.682939992197504
29.52079578143797 62.95747676175034
5.2822293141660985 39.29144552446304
21.362491663974183 65.04653603889918
93.24799337122332 60.70963556020781
42.68231346622596 1.094501439719675
83.02135973556372 87.1043191072679
48.38887233010411 40.47434534435218
88.55604664962019 36.06380873167294
34.78289602186911 93.71880383019479
63.08283635479013 92.18293135576239
76.65088148973544 43.462809606373234
97.5065981014385 99.99329509743171
77.89430049764127 11.856525333698109
72.718057972759 10.558834660390183
36.26099334975399 94.71464717124739
40.60299065826577 61.80226535309535
73.38984375156363 65.21910596927997
37.23174022984574 50.15257445335853
56.98505813739065 29.70580362194394
72.51211672775501 33.4234371818617
81.90107660579264 45.64469279050953
56.04652864446552 89.0073624618565
61.14309030917291 86.55307041050062
82.39700502091559 63.49667616347343
13.827972796623222 53.96350924380376
16.435034679097594 94.08308973672426
92.10227765912097 5.163547511588962
14.294394628311514 13.556656397209055
79.82780577735433 61.24093764864115
60.74230860690448 13.470487103425754
18.696716920061274 86.6643809037397
17.52233656308163 84.11048902151295
51.151150121183164 4.112851282094143
64.8086176534348 11.517515709752868
59.56161948997148 81.24768783758651
7.222864441440691 7.055116360466895
96.50896334767798 7.938470539644116
6.904389954261914 72.9989488599625
12.763910139957845 94.53328732371185
68.38007293324387 23.32064598864084
18.262142447672836 41.155499870062975
70.43374885479459 86.13835542311644
12.706510292257022 37.58892467747265
42.573204818253544 46.8525197600468
59.54899934812864 38.9757105908344
0.9292646939638383 28.269566689887483
0.3373802337382936 70.29300882576214
33.8573778139194 31.535184414714834
35.157293470851606 80.90824655303196
4.3034633383351455 37.16889225767252
77.89921716308274 11.047193484960772
3.418337214123912 89.29335741449412
51.97785307885111 62.7057636764234
99.79854027275286 85.7829537044103
19.419353574366415 41.27379312882539
48.58920996735977 8.839346566382567
28.039478858569854 83.6953678339729
30.14551079930342 57.342270788682434
50.47530083449793 98.06858965306425
0.1631603896904199 89.07509312978623
37.56044127892504 25.89397268286665
24.958847455542564 96.47615478660536
97.13574936425292 72.24424457103706
61.77837381727821 43.46659601338594
85.62956819941385 8.533462735560715
15.187231468254058 78.34283565366785
88.76474874196478 6.589174231330597
25.96236662060084 95.5291878626286
83.23863060094095 23.372367034225196
93.2246301318918 89.84816085724147
3.5458089420751904 0.25105777221653414
87.65031494953229 0.07042719879117865
7.180863201844668 83.43532804145907
99.14977133060066 87.59946228265734
93.62378911264251 60.64789642361432
77.59840674435058 26.30507806859036
69.16206726517464 35.18739643568094
91.53175795970702 61.250022796557005
96.83895098580228 91.88288589514076
25.70419853710456 70.47559244806124
53.984486898224624 70.57654563623575
78.87334233041605 21.01053860842429
2.7781129435386243 6.438532497081506
72.0184811492389 30.504338330159765
3.8004536009924927 94.68152932761565
10.894651272943923 62.503159953401145
37.103179201526025 90.03437252849388
59.158623376204034 64.84485673809174
16.951970669034154 39.29796069194407
4.935091975607808 86.1333668603393
13.42163621133553 34.133157899459064
57.0966664291402 61.8477768705742
33.713873951988305 62.49700202150126
90.64043711481689 58.189827914765324
91.72617164214824 9.769354523653373
5.270473214154592 50.525662609556655
63.16953043395471 26.947210785127552
64.80816721128265 42.88554634009885
19.94760936109413 52.26276081392527
82.24382008674642 37.82450316143312
25.813414808462632 23.14130269431004
28.574457729054682 35.64884655215613
33.263284309267306 10.565774050876753
82.21783556163668 77.18339274371306
81.2344954003781 78.61321756123102
9.313171095919692 5.537998406940869
13.342902533607193 83.26049525939277
44.93142576763785 11.417370237351177
51.019698079953315 91.98183944220901
95.41789858623667 12.364723528672727
44.73273983872716 10.618936698501447
89.96857854857603 62.262572911116784
36.91497908379143 58.465134424151785
80.5727133759388 27.460990140698925
28.6471768454725 2.7654258786058428
