18
16.164436784735415 88.19570236355591
3.433502749201933 41.82789454259886
19.511349027512015 29.79470163585505
26.20568839133672 80.53105092898105
85.20462187373667 88.42390710173362
44.297847975451496 73.92237655825602
66.06304669266943 46.45041933552555
84.2077173000662 71.00070229170453
8.523190480920439 22.94480514509213
7.384289479762229 13.697591455578639
19.347076875283207 17.281103912005726
50.613353666530855 54.43282779542359
11.924098626750446 32.69873372098019
57.781578077727545 29.690530639173353
27.28301565427347 37.83651744839835
77.37663432030321 22.13776935237832
65.84344063195476 79.98067165708065
91.95520434128761 88.38487795197027
