166
81.82036183477518 98.9555521570528
96.10663216866236 63.19391323032022
56.633303314603864 15.720489009567684
5.447235214940416 76.41622310227989
2.913998494237191 58.325631444655016
85.80066306008881 95.51258773336022
88.4073702727777 97.28472913268274
26.19461773013031 93.79862014249645
2.447911746659326 23.54651320314105
70.2185445332639 22.449667240737803
78.70469479931799 7.182591581375474
38.97017299519564 28.217576132193845
44.71814312426151 2.6607682018182865
41.711224653571435 22.13423624152019
91.66339787127225 61.1346034038146
14.41372734065638 28.055554099866864
32.557869334272546 49.3235310662312
3.826655141898916 68.91488768506565
25.40967591731794 1.1474907182158378
19.127347743871148 30.080820895276027
54.88537238614565 20.54940758446755
9.039935908222363 93.59292168002722
19.909993063899446 93.96834146151902
70.07257380594436 47.41188375240761
16.362409136577394 35.81866523958639
29.938491737914497 28.436882022211087
73.3815858514974 13.091792414458247
37.51990090509728 83.5881955591497
7.765659175981677 96.54559190529042
44.63994893723535 72.80877543647564
56.70018662418927 2.1192116150226425
50.88537396055216 70.50989363433372
45.60944558963902 1.8461372957797817
43.50864905249483 91.38163511354942
99.56474799833192 78.9684818926665
26.101608434400703 28.969399825310838
94.25640849739206 19.18589050801387
99.63996560023637 27.93295909861523
71.67222923334646 48.27970417728955
24.55548432914889 51.545467096177134
8.395108362758673 46.151106307341074
4.280143952899462 55.17290826244577
64.75076497900719 7.591317556807187
55.918970458371355 21.85350036150845
1.001942070989581 70.3160184751373
38.29985390345213 15.295303991402898
93.83036353830134 63.68340144135931
45.52888688855544 91.62867647091255
39.94843371562524 26.575516425506628
81.57336732933462 93.13169021824913
79.80364794854373 10.714041896723824
40.863194823544546 47.210516033456194
19.04153038111569 95.64715981666019
79.86695227409936 50.876621938289915
43.75518814635024 24.922167175097186
18.29505343341338 17.366426543437065
99.81421415797004 27.666985811731802
24.87230296132241 54.9690887960699
42.36508951807654 43.37176753763805
93.03049812561794 37.753505362595405
85.86194300917515 51.84990779773919
98.70254796762327 19.48337006329237
99.52102785192353 57.8226427655124
29.99423703462678 53.548900363859154
7.839593697690184 32.063598468859745
90.64177027951303 82.23020825076509
56.64235576186785 85.62206895678602
32.477476492132475 48.3351598104094
29.561296995377806 71.91081070559491
79.29143806147371 49.438954973113894
35.56439578861574 4.090604031633416
85.771753193529 9.47535032229081
81.62594363465324 70.24821937565332
35.98825173679375 75.85100813306975
99.25698159104732 79.07074869138036
40.91606851547226 12.147439389690406
34.71544961248295 9.255624641350735
97.87917827916847 29.791166748108424
95.16405624824154 85.75973152405179
67.72323670718767 96.62149217117341
6.920302557240554 83.49327389792109
29.060102764156216 11.081151150982638
35.16476923291396 33.69558604891731
9.46684946952374 86.50959000079948
29.285574717824638 3.048230566371113
99.82989335653323 55.23870488585195
24.359002215077265 29.60254977995682
48.687156928076135 69.1130810346037
46.522215399549 98.45070718404678
91.35459544411148 73.28034158855563
88.2808900897662 15.079521911425065
14.989723542726697 41.45910715204312
0.011425953283694668 84.7018132091554
22.398793783679228 39.94217854382099
24.360575594030397 9.401668735441914
71.44340212564829 46.13768961764884
56.164564226963066 96.0825743284238
77.85273085273774 80.9209497496257
19.286265215584198 56.08218362899785
61.558097830129064 62.5994064216662
12.565140366430605 19.757503637799424
1.8447472683009059 39.22143594552008
68.75096578772502 57.84347741808801
11.523380958758434 31.66336145348869
60.09729532555205 65.72332870932536
66.89136687756832 72.51102569366508
77.74646649567005 46.857374863600334
95.30552171105091 7.133194515415164
18.905098791890353 6.381537220778344
32.28118112283409 82.96115118576554
83.92907917990318 26.65476867237544
89.63148513900843 57.87113525790591
97.31104419402251 57.40333052952866
83.47567992991846 10.177831241550383
75.97926797746854 43.72278563322457
10.836224022201712 59.594654672104106
48.0473975343642 9.81178146409224
33.902405601173136 97.9133863693246
3.0169316852597494 72.95127617973995
43.548585912314095 93.98587507107598
37.7056034178805 93.86638524008183
4.160940639042632 59.28384429158968
87.24444946903246 55.687699035841995
59.79838037031215 70.91790842738781
8.977539408454104 7.965495816817847
43.18001824959222 21.225560816421574
0.8181105473842765 75.68969905375161
25.86392803206823 45.88583532120937
83.49890423918602 70.2826212932805
90.70830238306425 2.5403998604988764
96.43392746884817 2.9678461511639775
98.73794840664286 16.477365710120328
47.39517995363409 5.823743646636414
4.414893765676764 89.16826088002504
75.51283663708692 48.92818972143732
8.489167623573557 14.85409343398889
17.72219694212367 17.91715199331987
87.22496301079512 29.749898686308242
61.44984341360066 72.1462680470972
2.50886590110061 74.1768027337672
62.07234837073029 38.03032132998416
97.40830181256807 82.97259381920355
84.83590417381089 67.10603997985886
92.68989196431346 86.39292217961592
98.70418057013843 87.38670790998833
72.90143323110452 79.68642828969558
21.99636915222437 36.869108453041314
14.603885542498007 23.428448511189636
34.10389626666066 65.69438837167952
83.18936674817763 67.01809475594689
29.408430339302825 90.8271158402276
76.42955955030769 52.92416652835825
16.4629208469943 5.645771876973981
0.6144631590902505 21.182300072282068
77.935841609496 67.46117515360001
75.56041538278413 9.320157088184288
11.075887996133826 63.18208581725101
72.45072575975038 64.32465421731932
87.219466824222 23.1695015822566
93.73543768392302 18.736772431169634
14.757411668529175 44.55029059346985
37.89885348118036 79.47909140084434
42.48558997808279 7.266221435394138
61.30503040044326 64.55838034875883
89.13994801547051 16.536634105517457
59.5786703476185 61.16814247593372
