157
67.64137988493547 87.72566847035569
69.54916028497395 39.4450895423463
51.01965149511163 85.20096220141916
71.83736331373176 6.228644668609151
74.20225041407876 19.801119107091846
87.2691193531065 35.00018587272403
76.69390875439262 77.18526378793547
4.768033061027477 48.0550796316298
43.84955613296489 15.8395275553327
88.57011439821127 48.28582028824986
93.39021337090368 35.35996628221096
99.04772746935396 69.59667038787963
14.55931514386809 60.00717562406361
93.24640932947058 70.67602769234979
37.755579092358275 19.05576871054099
3.193183058349247 70.68817868443755
92.61792166594145 57.13947468899582
50.74365924785715 83.54172515499668
63.72798675982422 95.69780727099966
98.79913149262748 37.81916810408536
96.98334010635742 43.31645417240776
89.32998825310355 89.43663961138995
77.48270361371195 71.90064795595859
45.31353481338991 3.802740474656663
65.71234470600677 60.77953785385494
37.97221254457994 34.430479079430256
77.66982287059973 28.259093654819
81.77309351061452 42.04003689131479
8.707856292892636 71.78917620413759
57.20722790691434 57.02331340365352
81.18955805571824 47.110798873434746
45.521275616428426 21.666796378143538
70.48303301512286 13.57416804532081
50.60382108031758 2.9817712646209693
67.56094639751214 37.06965848285464
9.508625433588136 47.463489119748594
31.33199012749005 25.505111145695114
64.85931216253708 75.99948821448102
92.70548474441418 88.57483880946478
41.224347656525815 4.079483212495772
39.79027374660318 4.782508251461404
57.84998608140229 2.642189723941768
27.793037806648346 73.81355660995459
96.62215281528998 55.0060932410095
78.26484711359433 47.844575528518504
69.09186391697914 84.3481863381285
49.352240408333 36.248767656988626
74.91396274578246 80.51762071465618
92.1408799100377 76.6890385182185
35.89327906368553 49.96854739193307
0.026253376517892946 96.73894356055894
16.895370940120614 31.281460912812086
26.189704357120657 71.0876926688815
93.96545330678705 61.14123807347256
43.66911119139741 27.617194371987097
6.007602053888195 87.65807238823126
41.77306376393333 57.535475482804785
88.95194253835793 34.67216142151
89.53565697523118 30.01784727274559
41.77404928757197 37.88826453482101
98.28985579036177 49.07837976145326
23.64907237624675 31.95338311499586
61.39144255319414 30.534630052756118
92.56760804550143 84.32133077164339
31.324201365763315 24.213973677654078
3.659261698661098 42.72256883521332
16.307490096812504 5.7023588335210595
98.87902784844401 81.70962959298139
59.35502504683197 64.96866704573583
80.9439250857443 53.46075576411913
94.43612520116089 66.63565861977932
66.44804984633619 20.30349307509045
41.90328770826112 52.84506580742755
44.165994302045576 47.967519431956696
40.969288628314246 86.26112377690991
72.42115224254188 98.70614467601602
50.900130572871696 72.62200504547619
54.21344039206715 86.10527100367561
91.83983106331695 98.69442648674487
18.454851130656646 84.000619142249
46.08956645146921 86.96422330574416
33.40054922200535 26.85099652414451
68.4095417672796 8.660441213583647
73.91934458974988 99.86318667967508
70.44195612738629 76.62402386830905
62.71789785422083 4.768226636950623
1.1976665948104537 29.966554211721142
11.169296572756727 94.78037502791598
89.87384155413835 12.014972016516168
46.442488500480614 27.6616568392998
50.25703453816794 35.83809090946405
24.787660003165957 54.885459655415715
85.10143473664553 13.69089143036658
64.20933776659625 56.00912777918951
97.11565484518925 32.44291312065768
6.995509872890892 88.20087380335455
25.14882075137792 92.6916720751395
87.02257536040793 11.822593385788217
76.19395269548322 22.174625191753606
71.4970855873747 91.08929364239101
16.112440453403842 24.153937112517433
10.984495899623548 42.05962710009277
14.554823383173165 12.379103465332363
95.92218990620859 0.32815696981608466
26.548040914843117 98.93569701776528
86.90315397225787 23.977795890224495
39.452055664270816 73.98197357351876
21.61163925310323 40.00342336192643
20.014076692794657 5.887439959077656
99.0394010709748 59.128110493919216
42.81657497017925 15.65885555718074
19.797705746468086 47.893337459375154
57.332993812242314 25.101428361812637
94.92311365623193 15.722533237342418
11.550833687950968 43.281215824484455
8.431704562220876 22.0174968562734
72.64540174063502 85.82470188578006
21.11821641132331 19.803805944412588
10.372146673164606 8.729536469476606
6.155069892563159 87.05812451110776
1.1678552391292674 93.38262481217937
53.00970141689382 40.057490736401036
91.02927660331027 27.613857110738348
75.9449992040586 56.07262349691282
50.32526618069802 57.79014455276204
36.80014967108596 93.62296932424692
26.448875853193243 95.8321677213946
83.24407408880792 1.0292593892551216
90.83172672856324 50.74830744303963
11.545658756188647 4.124850639777556
12.029880699252793 98.70930506805158
32.97746922983197 82.3608780412202
49.95701190865866 62.34590127360718
78.26944377584422 57.0232238930336
72.07816167914889 4.75551137950333
88.53941664655768 30.624359390588683
42.72088716819028 27.027245401804166
98.69381569749332 86.15434338103626
69.2001083649379 66.72918128250168
51.714846679193585 8.83431367832782
26.660823082058794 21.505768180334428
88.89020883727665 39.58205761130096
48.02833280820714 76.69316756482434
9.356893336206051 13.271891693040294
66.42820322623665 56.97531627481101
43.24856452530387 34.576552756012
97.41474176613725 73.61418303062676
36.648929937674744 25.380622867695703
22.26106559534875 75.7819290676442
84.95660203247105 27.152015316002874
51.17984675201812 78.32155865239804
1.4535324104852365 96.76430659357072
82.5074336867913 95.41228231182266
38.69335547147973 11.124856072774703
58.5288278980278 74.3270707040869
34.268125510209714 40.32730614588592
46.33211871472043 91.77674688782466
