156
45.63025584885396 62.51165132795591
43.89389343833745 67.12821059339637
39.427745802347616 84.0635748504482
85.04864931738089 26.43239268494645
99.06205557650811 50.24824959644619
54.42793650715482 89.65164862837864
11.817897800626564 29.455865151922012
26.499829909739947 50.815391956299806
5.4226621980626994 54.98419040877229
29.366720631651088 54.14242145693535
40.599501513166615 40.11807260299632
80.5559072124584 78.10562479831086
20.13333424349516 16.894792903808376
60.79880493816279 24.219126991893745
0.5113481567620259 81.55232830717166
1.5332889275965211 42.54252391265022
11.935713102823565 10.43704978369191
46.21778766408454 26.38602090219787
86.91307636770578 89.31007044839058
68.90477277420749 69.52780522410924
86.78518367146057 67.76033568085168
95.11668178031603 86.48298550742474
44.93073110479307 15.974776681556413
79.96800978090093 47.26965486986647
52.17667137276533 75.11243106734835
91.9760761483564 98.02361833100586
92.70328728699042 79.14602737773322
66.43502028320746 23.406227537604394
21.33443820985599 72.97391104846037
61.39540798085557 22.876484919247332
63.80362467531161 71.20114698817848
31.580703019438783 22.4138564964672
29.087916052888364 21.095688885813722
45.58890123318243 66.2619854104151
66.55684986309603 55.21835121205393
60.22203158695012 59.353637640879306
55.868199921619265 22.203931920784758
36.04300620607908 54.06957249191673
23.133056857770327 37.818004448645404
25.291429868356076 25.162343634620534
3.565864808568553 78.96906750410712
20.52830589400918 96.83525255393351
83.89892696751224 27.990261380307103
67.61075459182703 60.10350435242029
11.44080787129843 93.63392242242769
10.287271784033635 51.032731772816966
0.38835246464595796 25.362198232946643
2.086968361854624 21.2961535278958
36.54086778824963 56.38182710387232
37.0039690995217 32.93116507845739
81.82417102879397 81.63165658863173
51.01494550134621 75.33203913539398
0.9043867384233462 24.026515246051193
15.294816148054668 59.0944063900852
17.541207230179822 55.022638372417354
80.46315747923502 25.608031841957967
72.29901289000952 7.086185838717185
79.34015796476362 18.32526556124259
33.04328891942063 45.99089752097443
52.606604124214996 70.79018219413719
44.45762418082063 28.733037246434645
91.08109039056399 53.406394258963296
90.11379929640653 96.16392281176003
81.1116798815541 62.44174926004853
58.451718470902705 49.420115854464186
83.77653553540611 16.91223938510066
70.72561575743649 0.09262683013105955
76.65037472263292 9.917494593975661
78.43223616209943 26.06431584611004
0.31236105706659023 44.33045709841208
70.53316307580411 10.96004611869108
32.55041727933917 95.91118335169425
0.9650019959503653 24.545676103632786
83.0708817540273 6.753197043051273
69.63618861460905 71.9577885630066
32.761797105997026 54.08918802144251
72.81983454401217 12.351634806580236
65.4546630595118 27.275794839750546
89.78274768442951 26.97375731110435
9.139185218068679 61.43307472979937
61.78934932023028 80.93132834379078
95.22920841578735 31.729926347148773
59.59422927548302 97.35208080657536
95.29549936128483 92.8140774539674
79.14679684364586 15.635552784031903
67.41719889492013 95.85218461396468
52.62866851124721 93.58282512623023
84.26391359682444 68.96869355427596
65.71913157960938 34.24431115011166
72.64206320880605 53.49414317963599
14.158114506730735 73.21975815815433
83.93607716591967 28.146996365577493
71.34610043528163 69.10340535521955
18.014022584669075 25.770109030664234
6.472912821610832 78.82032123016995
64.26516257721882 0.46026456285888084
92.80024160255425 77.67787168869978
41.35206381292912 61.248909073656264
31.783608775462557 74.25856872612941
63.604394042758535 78.56725139615295
1.5931989311779304 97.33067810680171
9.256012292761573 59.42144647898277
80.59107843952289 37.39266575406883
46.41270468615413 45.32739547037931
97.95834947883077 74.95360721880124
71.2181884351687 48.32723046925127
57.69738535914549 60.22377083649534
78.65227530316548 31.44159454035085
6.911203354267803 16.72186488213978
90.62113332136909 41.49903263884093
82.26237954606287 71.26166603726593
38.91880596906609 31.804455548487255
0.6742458336537527 46.7878875749556
51.36666126284888 73.84312018923426
6.9778473657275075 6.931212468269699
64.1452345698321 76.16146321540931
24.098190797061303 83.77020924456636
8.68034407779249 92.87328059794186
10.405221538340935 83.77070791176655
19.794591289674777 35.45349725617635
21.393629517180813 44.34370292507044
60.912477901574334 20.83951893816518
20.0677191505228 37.2484557815008
86.38476037567621 77.58528985602659
22.44514197504429 18.54012822061285
16.5130963612271 41.77581885108393
21.215406707913665 98.876233615543
60.64887708640955 41.024773539485125
92.89023954927202 1.8650008067414903
7.500894584511675 12.503181083476045
29.130213546853824 29.45455131022845
13.275630327816446 63.85903126145922
91.79941809320432 16.697439598025987
23.046788616470693 8.468951435414917
97.04626482184668 70.75126689394988
96.48103613480123 30.622098072603933
75.92507752582527 23.29492349056881
40.15050539888705 67.80202448053969
22.781937588805246 95.86097807127207
86.24536111632561 95.0449273787324
94.71029180110611 89.96668570119215
26.680457092364428 64.40071299909441
46.87618736030763 32.91689654610356
62.32656977007151 56.58986832285306
37.38506924666931 27.74029102960771
71.01240209633698 70.0211659272967
96.78041545743896 91.10535404388474
50.47116996797014 49.23433173017304
38.06333580887142 18.978656450783525
56.516783646812044 96.29768701921859
74.17463580333059 11.99368206073812
3.2256591498540543 81.30919669281504
14.540738132200925 9.974631188809468
43.595808250666224 29.692608767470098
10.887503227612793 56.55531614086969
12.610435156032162 91.51011627845584
