185
11.657031365589699 94.22863274097104
49.77974885956271 13.681734955253756
59.31587124576675 93.0884942949547
23.755574925175015 12.493732702110538
87.06899287310759 20.930105992556435
28.479692993894833 30.060482421336733
55.632109151369924 55.93670756869654
52.31257685762611 16.189145663401593
72.83415892615692 77.25166772705705
92.83455263701956 24.701920771178997
86.47429817749888 52.3036884742537
1.1757304603801866 24.085977615467748
90.74992125610937 29.691912728728298
31.184399636304427 5.816274058333359
1.4063431213271138 97.8562734536779
80.87256598438435 64.53096995353908
99.17155897594184 10.65651322454817
23.112238442163857 59.00751818581978
45.380756800850406 78.43580696874042
32.10330370236698 69.27822921025391
99.7280934840818 41.02593608209488
79.51234446318597 85.21886726107465
39.710412519687466 84.51666738833637
11.525351528071736 52.182407102704346
13.396239936914311 72.05448147947644
23.502785253057034 21.533135913764433
21.78707205432865 15.596576297469856
62.49937390527347 23.455394680404986
76.95115286311295 30.444954138525826
81.33915602306139 27.426408045934224
91.762146978571 39.14987350202684
44.935851411535275 34.958238703257116
68.99863730690308 82.38498162228069
60.705907161954975 7.252409102970303
63.11287595866898 2.2992270157971784
31.677500083774245 91.3948012838868
18.601155021615046 34.320085713305815
52.364116859810814 37.780285636373264
1.249161642236074 11.4036267250893
61.60293012047659 87.46193304803451
22.85958646914924 82.5511762038203
9.399957849195761 40.660963864991196
91.9015532641652 91.57816997616183
55.57310381440955 83.91265906767339
15.896351820400445 59.60637539228053
61.3837717368864 27.895030751757687
51.105423278863746 62.32196842092489
43.78931011516519 22.19135297228806
83.9744525469035 8.232114644046929
10.642581051531918 49.79195422545871
67.88681636091405 45.358506671099065
20.81646890913078 89.52655260472919
69.49319366234805 66.1140558710027
97.83107496856519 83.7957887171021
24.74955228913176 98.55255582012546
67.73106917345252 59.61327168018122
42.430398611334 96.69806163964768
50.35144676506344 96.48399223457359
77.29842126827549 16.72903437014228
4.735362460537429 64.21789312234411
7.38754884648799 91.26488857155333
71.97056566900612 17.240569613586555
25.99697341597861 84.79525479108993
62.52414186320423 14.218166122039278
26.28060361199819 4.744534938111233
40.8862593549537 98.98939898617314
68.20651497190235 40.232774526066564
51.084922687110776 19.73215439218141
53.54682107889457 83.65607322032405
89.18392200860006 50.443806180768924
9.858634444034575 29.22205738851065
82.45577061882948 49.80015185884172
91.34387938868859 7.7136461622074215
78.22635004451362 6.530554125113552
76.87087942359702 15.940398880271422
50.32213680511251 26.051311991940263
18.467578447060752 85.63651295092028
0.5162870375495565 72.82529499171973
53.13354371777231 44.84876797301922
87.41156899100059 4.363208961959053
97.01691198826522 54.389793475987105
51.66329448876007 15.9273031364756
1.459449699964388 38.18914557877867
28.060982721472783 85.32629090852389
20.565797241453776 98.15638439594858
18.36785078793134 36.67588961232414
49.7136548560037 99.6608236865815
5.646635655529419 51.03466673918563
59.09175738469702 77.49175523711813
61.188879965676016 33.08641453970287
65.24519953942577 86.92936922942799
12.09384671856606 85.36976688378631
65.92953414205257 40.64479959488169
39.3904603994233 91.97103317443151
40.21949223583056 91.42913162801698
99.70368416998807 30.15153404073918
72.37902400323215 17.804193302914705
5.949186022453268 17.979999752381758
86.50186633292162 38.83799755349339
82.98903888794223 97.44011658304282
46.79684051429495 93.94196972433492
31.17697588077376 93.45464853011745
61.74686907065578 46.53172634798506
0.8911909275879815 60.5431962871269
42.53549291711462 23.891368159201022
69.51384743218026 9.599054375079819
31.05836411298648 76.94821126724568
91.52867055902895 60.384006651571596
51.991115118342016 39.64860977385523
14.903337847744712 42.60442601584001
71.31548609212282 3.0207717286055646
75.2287778226389 55.30881352557338
7.913534967424307 30.51766658843247
51.20380605244834 30.11355751303917
68.43587889174839 19.404983501557293
75.53002686979711 85.20859014299529
9.251082566472624 63.558425800715135
13.03969059574307 59.492451859030695
24.792787708555853 32.934064741590255
53.90868101161161 15.232256659298105
5.995723038786426 96.88034239811518
29.682646576043513 45.840639686335585
87.05753180186524 78.58345063756113
87.75106050264475 77.28428613387264
10.182306004602514 19.81567376687201
14.657104669328191 61.79950212474259
62.86049944641131 48.59438009419896
96.72301937919315 82.31972270160716
45.55787529305337 40.3547896172608
81.48100844292442 87.59244085044378
79.71573608018164 8.917424584537049
4.319871407702713 39.69458013345025
53.53550413416011 34.61399331495232
17.914064630747163 46.345217599787915
7.549421821291046 98.95243728742625
3.9261306828579756 65.84873193179855
74.34337730644923 75.4555655630123
49.330841256113544 77.88860352949385
98.2828779810879 53.18430404232451
90.86138277752043 41.84394711991948
29.341676360436786 68.30999698208572
13.425423010606941 40.7755545180872
98.72001262312645 0.8096888692550985
87.32630730207937 6.291033151991665
61.11911898356812 75.98903374327857
26.47344501760277 27.25034958690061
93.87186802495802 16.036948349128288
16.056106822987992 30.161593460381663
24.407277022947348 0.24022816425481874
19.003579573218044 26.843485611906615
78.0192318079365 96.48854906602858
34.11818315269806 72.90121554479279
20.87858807990627 82.2119743706307
4.176389817412063 38.64550274322278
83.03753125474388 17.992395146191363
72.29040146334643 54.28287706879882
37.33616514951028 84.34256823557273
34.22121842108046 89.34037151178148
43.23574559565151 43.56864155455447
43.28095566605219 3.459945974303613
44.21316843835362 20.71164588705422
55.62468863679169 47.37603795853037
98.10710058542227 14.852125001970585
41.3300594425169 70.26784605258638
83.21302526106425 5.79312032428737
22.27128977228684 37.259695557074664
81.66978467604943 29.06578243560024
64.46448460297198 40.62661729290304
62.537624024561524 55.30066665544189
83.24138474257988 40.813380071704664
98.18683704187669 43.487745962129864
56.55460954193203 10.668902952776483
84.17930195890526 76.82736513809604
18.92042461150163 15.912613096541794
49.400990228514765 15.433184141745038
84.14285214382072 76.71694863692447
40.19263855935221 13.867557280531207
56.59323587351845 28.752133331402074
14.04448369063659 43.81046943541767
43.67113012623051 22.4174655053504
28.890280060264327 24.019640919782425
10.771468189615675 63.68679743860507
25.366179378449605 58.332698858189744
20.506766100225803 49.72506371585793
69.64147917946953 70.0232770034586
