182
61.98625683692245 93.13437415442314
74.41814774318712 54.706331344205175
73.1965487710007 23.703080540425926
39.99684172735708 68.38665604887287
86.94212823323542 12.984299726135351
71.43971820860953 34.80608221860593
94.29885478844847 50.89788533184696
95.20764225016181 18.888576494531673
32.290609651473844 94.50029149918002
90.66232112430423 34.8705298586794
88.65658242163501 99.91988248088867
23.519329766108143 13.242514136812611
91.67641485669995 33.93463544271125
98.34161386482212 69.41949886002612
72.48124284294335 98.51633821485127
32.53386937014684 23.825755592084054
17.221580941093062 52.40714209963024
70.60686689372908 79.33988283901853
88.33335251707975 45.19449046748083
81.37200083539568 32.85891616059659
56.77375834471952 20.1504161157545
31.897071040819313 32.896565824551324
53.94311492855698 43.30052723758669
46.51403263880523 48.24287950667704
57.86356743126313 6.5922823778340245
67.25642145413735 81.5096165331617
28.302734935961816 25.355047332060643
3.4811229776190555 36.69259087828129
43.59425949802712 71.60079133967511
45.35701541847894 74.63529925835019
28.46037895749246 24.52618302905768
24.144023234951284 41.978039930238296
37.907180961567256 69.12669830322338
2.8832796157852503 89.14194953230236
7.705336520880513 28.36103523036431
81.13741509918616 13.92018224829391
23.757996896205146 55.84927393067094
20.2459650132647 5.885001196907346
62.26515530592367 7.443568022621683
17.651914558246972 99.6891150862173
18.42741398768798 46.884043876993864
93.95424526993058 18.792452594274202
61.468728303749884 43.24820593886791
82.41633143597407 32.56695465492534
12.731730495706516 3.560416698711555
16.352534031263467 34.6507480112756
44.11840597928127 93.08584512516572
96.85856850912027 22.391917166144705
63.36243468114301 43.251280714040305
23.11179313363988 2.401790415522942
88.54564259287994 58.91608930273371
71.51752806854368 66.79957351359221
22.272736831134708 30.56080721795328
3.359283377435196 62.323892865622845
4.940823738379674 78.93316019149938
95.00580714568157 17.644329284754445
57.828181434662525 2.634908564371685
57.81143829214561 28.091109887368436
5.180173345665395 43.47748815843454
90.06288513357939 77.23126307118122
88.3321530024389 25.85205236746485
51.49114680030898 68.13664845316
1.6807863272661372 81.51240972646102
18.79794021073581 49.91533200765074
18.042639855177846 73.54456043594743
44.75902072182514 92.0108134516449
35.86008627996986 63.75891980326013
7.341908294520893 15.990446968772233
88.89072615194694 60.15569070531795
24.558720726766214 86.63364524085941
52.91647502047283 91.22036684101413
59.461139026222966 57.34359998164547
20.338373693340074 28.64372728118768
73.68383874215421 43.0071582120395
22.176473422151112 53.00445050458945
95.98452846929733 91.1837320858781
36.43511454616376 91.64921719316123
14.730762898940819 52.39635698609524
44.41914050323403 41.77797290457473
57.44185132778669 6.453139957262854
33.037931924994126 46.458530212424755
27.069475837961456 52.53434979353169
30.00840956072438 79.79824335531333
59.89074261963596 65.22390017662872
65.05651173668845 77.52402616447425
76.39445660130563 75.37904643508121
73.7437334383849 91.77600902937938
41.8510940032535 23.84237197675145
54.22198600999333 38.2946176744845
50.61700344174979 4.689550493098793
90.90472697250847 20.785330572072034
77.52708867750661 61.26417953520391
75.82031606212102 85.70440668694285
12.569195451009152 93.37581636637994
38.726243542816995 70.14307184851519
98.7779931717116 32.317020182305676
38.15096467543283 20.171652553077955
28.067536977344865 54.64657389629043
65.87636398971614 93.33922588851642
25.856283039576844 0.22625426103103363
81.95737642887616 97.35516303301597
85.1132673347814 91.90443646705955
44.695124843765065 82.6246055634449
26.11037585731143 80.03515741602759
76.5925197717088 81.73434634693136
3.585292922376071 30.2761648043291
10.514210562048486 20.81488325902735
30.953518287016934 84.59983224848406
66.63768663685168 26.261381654971316
16.42788761044398 96.52422841236817
62.86753383121366 14.540900458127648
67.18756356314736 75.0929106834927
68.25164945730064 53.07075529802875
97.29129862977346 55.696272196998684
72.05344422973798 54.02026095835174
79.79969754103358 82.2350417276198
17.7741228880824 30.72730135412356
36.19300346279527 29.411104160657963
7.899237023995054 97.56926303415123
67.37800220909664 99.36221147066769
84.66906496215762 92.7468090936926
14.454614957774503 36.172331428282824
2.9147552029321733 97.36796080065697
55.303916889520266 96.92307371508161
92.50635827840594 2.226926227885695
11.224783598589417 82.31885081506115
51.89524724197678 99.89484399076697
0.052285576313526594 3.3612890063919765
44.363937798887356 83.02294245592215
69.89404027307422 6.419886804948904
54.15135262829591 21.569890540432368
59.27705140849703 49.08755841538337
34.82020564977788 31.995832835642435
70.78445656163204 6.058878788992206
98.2057048517588 28.334232983487073
2.935421741536992 92.74256465820456
36.876260318081854 15.68860669782779
93.81305220869626 44.56244183170129
83.84616596610066 9.240200359530792
25.774896864767683 90.76153530092654
52.25697468109871 48.22498129320781
9.608138209633788 87.97611462196717
4.022449657436667 13.67196584932987
40.06153020437198 56.39295550235902
80.58960499613386 91.4136250942698
87.84884906972997 5.274427022150241
54.326890119299996 95.7418150801922
68.01101384972314 7.140243160789739
0.8844492869922393 35.04267174500729
92.61359007598351 54.93806680144655
79.2871905488471 99.12724844646274
40.42154080084256 5.16423082465246
6.200385720842904 33.64256838312707
86.8721966125184 53.33537602577777
49.846391233351774 6.376425034440847
62.47871320970235 0.4376263382233181
28.106644013971692 62.815852519360774
83.31126371029237 76.756683285904
90.28063562537282 52.48453978789325
0.20888469300837098 17.327878542130392
7.209594947861087 22.402120945751637
54.727725667027535 76.5746757522555
48.74953151020218 26.346777482782745
92.10815894867845 4.735746603202551
23.67092799033341 24.87908889991245
71.06497518319745 31.881736782052062
37.76445861945048 27.80475955793752
88.15844967607862 61.66882252072483
77.67020243769261 18.880415145555528
78.97914620677281 25.38285656964182
83.225471316274 88.29607588292201
79.06519755244106 98.81455723782942
84.31114053763915 24.351417290488886
99.90790353835907 7.8149694412327335
25.60627307281128 63.39681318632889
19.41871643146884 20.746445727451412
11.075981550597946 63.261511048623944
30.002723734239932 31.174630247867608
19.6332276324622 53.28124160344778
50.01245420183963 71.18133155306273
72.6846882095729 53.04329263980503
10.644303520229615 0.5710760814341964
