136
79.08665461991451 23.805009228606245
65.09587838316368 82.54603907840541
49.682334552847976 59.8968063941149
38.64717345201025 58.02962480217651
31.0133762560605 27.444796439252038
97.42982652728874 96.31643547019007
32.61841139115459 94.02487612735051
99.43342075430597 75.09118148370271
43.63755491325148 37.356983169951086
48.115734492838214 88.9281662601234
69.51475049410486 48.93341052177327
1.9610570414632322 22.488014383679587
91.06119661027985 1.7305102439573394
59.06381289705731 24.457940938716817
96.33234917773866 13.912771361857656
68.80699316445754 62.52833945800067
42.489536878654086 74.66080743373502
5.71317274348776 53.773181686359216
31.16230183351557 68.9342736477802
12.495060973332272 28.686319730744813
69.78500915298389 65.6929740401738
38.387979734169086 87.56487138774732
75.52568611078276 58.427774537919575
69.5136417775742 88.89328092017114
87.53389919062991 31.81193004491777
48.94044376407174 9.351813148104359
93.27288523058499 31.864906429214567
3.524125724155436 74.79591741800166
69.92557901074362 32.030100711849016
32.64344482994689 35.95598158894644
60.98028396673067 4.757173471388021
33.18966011988411 48.53617406595055
43.97391125764 74.51044874269773
41.272950046068665 83.67144549646406
5.464219405916692 94.08499533169386
54.276647898764075 87.72774500732852
0.9874734763929416 25.152709210958168
69.57119790297122 21.207962401255966
34.24288793770677 29.35501878088722
37.56561157133034 58.192791052853075
47.50187533653726 52.081651311099996
84.97604968248737 83.56352168731277
98.83755500774947 84.6515684707136
32.04729982153452 19.047225707494754
19.654633847842128 23.892462475125132
85.71785020743326 97.04019718397447
80.49583190380002 47.31591307933317
69.37142309770799 20.89178069459623
0.45115229690040337 13.725652878597948
80.01383883605273 68.18849859607371
15.498676625566453 33.532975908734564
42.64733528651769 39.732198503097194
43.32051094986507 44.53833760524143
75.65924647814109 63.98597365077868
92.8497568885335 74.80988994781391
42.82647250194695 45.768966998628194
6.265043000637894 87.47339170712787
23.823685411389484 56.40149358346456
76.28515973522673 86.49722761606508
85.48233034257751 91.65134419351698
45.20102919928243 59.828225997475506
88.52357558397779 85.71722916557995
47.55545175640701 1.9759404405343406
94.16028071336476 24.735891201647974
2.26766733520245 14.50650961287694
34.077126526828195 47.227917118312476
24.626696906433555 15.276606457588871
58.10799199237464 76.44908856909846
28.108117843094238 89.91263224316215
33.50732865713323 28.492154225449305
90.35794628710326 40.09617410305156
58.58896272889872 75.18425806052976
29.860093373366613 0.28813432870574696
81.8260481849754 90.24164560503301
79.46140443049408 51.18121452178962
12.488719557308414 75.19475744590675
4.446043285311263 67.99275755102802
89.96899924267822 48.02208141412297
8.789534678878685 29.14248013550139
93.37975912095946 19.053271325362577
36.558532803616274 14.354686111925242
46.06695180451168 46.399323850829745
30.638139057502002 79.69536102997205
60.05450042099659 51.99746077616211
66.52420891944233 39.84079987709699
95.65765286854693 65.83657377972179
69.600975829173 26.286901367509195
66.12560951606977 31.282632595960358
26.18560754328182 19.121483283646267
87.36503716752875 62.47834149297523
24.392804221017904 87.51001360256151
44.8482479452993 16.995269657827784
49.84082925172939 73.28329801309683
30.59208812739933 52.663932025787815
14.93761077356368 38.89169180665536
48.54417847949617 39.64736277846298
46.19089712615704 86.74962956897545
82.19279603108572 33.673782743588966
0.08967619241191382 16.864754270327676
9.198542845072987 34.04721976346049
5.263752328073434 81.16029218709964
76.91309963295903 91.00448456548342
88.64970122400706 28.7672458374134
18.236257520042333 71.39352705054269
34.41638894410259 23.48798684374995
73.9408552493629 42.563019887861365
2.151649564857272 34.3516205673382
47.251479405632715 86.21081616415248
48.34027606685388 94.98606254467578
12.08690002880628 29.56133658522303
72.58768445815109 8.731127157984309
29.819870109572133 7.435638312890314
86.13139055411993 20.794903190535187
81.49825479771513 97.87639198442457
79.0738548517925 51.75741840212547
2.9048264660653023 0.8827600323419449
84.42407856201373 48.85227830904946
0.3044471861530895 92.24689428786988
97.90358255591197 83.86801935720139
83.07757368263889 59.32912291745638
34.61216677214999 13.170834397623022
45.4460694201471 29.85019707080174
22.845444904663815 26.30232145052023
9.435413608147257 98.34073437786721
64.27501128772035 99.01637529311172
10.077238923489363 66.88817604127772
84.00639163558702 58.72415000107494
26.93702210393143 53.063114746665505
26.599320432151664 51.08678079841682
65.64474879747905 29.603007205655775
64.10074020465643 52.88224793450955
3.1891293026636625 76.59384570089665
83.93291560662931 59.87454152235042
92.73584179506922 45.90550521864666
1.5438264669605295 51.43610110671503
5.577808844042853 42.87920198213748
