154
3.36343232623173 24.594878732460266
91.73281104934368 60.74296891821138
1.6394888204183111 8.813046274348435
8.879992272846128 94.36328500069735
60.87228544375945 52.14684623343937
71.24158220013854 27.666160218896152
96.86037809286923 86.43357807185566
50.60963698098572 42.315509314168864
18.663851793251716 58.77559335046276
62.14850566641753 9.768074097399937
57.27164500682199 1.3124647853905547
63.9566484132415 46.39913780221663
23.500024057502188 20.09133559632098
67.35175934044103 58.612669118979696
63.82468777346265 44.862732980275375
31.23048935895987 99.96037069461757
52.99647104833103 42.327813041433956
80.1183195757719 77.27301002886074
93.36439796154107 56.44503139257516
86.44437866962022 97.092463188277
44.16170027283044 37.4084752099916
60.24579828670789 62.052646268100474
29.3633174572286 5.973112065079955
52.89456293744298 58.86274290189998
43.15968549537682 68.56095482902055
45.25744535085641 92.70387369436534
1.173763896726121 50.51323466144903
87.17181154480733 26.67515484029139
21.628705850379582 16.514239985540556
28.78918437717025 56.96450231116007
61.77831487036298 27.460281666580887
54.00899808224652 39.04938892572674
1.4321183585409014 10.243567983234769
33.88025232774403 90.30348544055897
58.07735801506867 22.58405788571869
12.501400537431506 49.29297414609292
39.2622668287804 43.903106104723165
44.4925277422075 42.62199394536567
37.60039041385581 95.43558976674473
1.2107615057759258 54.73640605768144
80.47508257627098 75.48411621767885
79.98807019871757 74.74185843018722
8.000807651214537 11.273717461417698
27.13225428790481 12.369513551493405
34.76812155286072 23.508203138456384
41.56610290099747 54.68227237616588
66.99572412894909 21.848966921830925
23.428269723199357 57.63630627346199
66.66724929192289 76.17705893834915
74.72637405359899 35.97908301854539
1.4430130113821327 48.14694306499201
56.163485616536 82.31324013808161
83.64858940573014 81.90301384981728
71.42914453442032 1.6258588351417247
86.49178407494527 17.114462186505452
30.744550186836463 92.74398830218499
84.18485781970708 24.6330342914159
40.462405516175124 78.25844578632692
92.61250411638159 32.06840998075834
1.7140598081816782 97.94689040201222
82.33035027579396 86.21937560004793
86.69372664690358 50.613045651487255
52.1777760969402 14.150133355684257
80.18494647350376 35.99675513060452
74.92335291870688 2.876510919848707
98.48626541053068 44.033202428112595
14.788882477246567 51.343878307342486
50.018202677475166 72.97422389307098
49.90868968822547 56.213119502761245
3.3388909480651985 20.147663808661363
76.7757734971401 63.26683217543485
39.43891075439705 15.167871968365997
49.186057009227966 63.25002487513574
90.49002143446579 20.764044179041065
43.607714106964856 5.840492689998255
58.89695582084873 78.33184136763018
7.956937324434565 40.82407910083836
61.00880853382633 38.49958648354106
43.7972928054956 86.79590936472624
86.05338970196912 38.99168412766142
10.957360902953894 89.35098345247042
94.31279143388542 71.83234154262405
86.0655322130924 4.100996541902213
88.43768138487638 1.690766006254052
6.83408611947004 15.774579309194948
92.74703577528108 26.197946124673688
47.73146718428063 25.339044038426085
94.62616236195635 29.60540634192582
54.23565618079416 42.977226981466174
60.899993695913714 28.906733025309507
48.893320498808976 67.8821482467417
44.9138464972787 76.40369204555186
40.24959404703926 77.36120572613221
47.49894910284248 28.035142180922414
12.619377725568592 50.53490638366013
29.6888648010493 88.79749018806756
14.85683436682227 90.36813372904928
34.559956191225375 72.68999372759275
1.0164171308075787 39.254933987972564
9.876492877990461 31.574975822887296
96.88376320753639 61.433021929454846
27.77513986021386 27.934646089630487
62.544354921822496 33.11314720378697
13.837744419442522 7.380636450559397
75.99963979760777 44.33131549719881
2.6644903976772882 61.39411484921891
92.16599609516331 62.72654206504118
90.4692911746505 26.812992126750746
74.59158257884901 71.30811051723744
57.97834745127789 72.73866509903539
34.349667280103645 52.47122739278719
26.556712432485195 19.467792062451117
5.535549554936258 71.09098926451658
19.926762139166797 49.271522874002926
94.25270620518505 13.433629090283173
23.226896715525257 70.30597455047618
38.63275735462236 27.23231970738049
87.36871137446782 45.8646216759478
41.09280298131638 50.00278112254317
75.33569130965148 52.8692895222582
16.77487916229755 65.90907252951293
98.54382785106807 40.71649760692988
29.333829633919407 33.753573312567674
59.45519737405293 46.980473138573096
44.693341500210536 57.61129761776249
71.343648278534 21.786368044541426
52.769008930374554 52.35523495568921
20.288017669249857 56.1439378288845
30.60028528746267 96.58078218306308
12.90272598768758 47.24289844495351
84.90461039698299 67.61903595297214
91.8981632853253 28.49138930223557
34.17458024845123 57.92017916742147
93.04454765733206 2.8538730673218438
73.32141782976966 63.97682983620311
14.004335789667344 86.32538304757045
4.620785657953652 70.58166732117928
90.99671537644667 93.7312801579665
15.983917769603263 73.75535974796325
84.774477457453 38.18994579496214
12.531018208803001 13.866604769839375
28.254427758589706 28.26199605823837
43.4088055021045 19.92447242253409
61.129268186458155 76.83981505908926
46.50293585140288 75.44793303719611
4.868566850378276 15.027663550489423
78.7315712127693 65.20037904813
20.994565047142967 91.87878391978059
49.96806200514025 78.06131393034718
27.8203730939091 79.69404200807917
55.91009637393973 75.07809128768453
25.697217559008102 98.42322338802306
51.469428364018086 75.66734137770244
24.490522778312208 88.75073506610612
