146
90.11171406782992 50.089850069445205
49.47785393306354 2.7379174730102984
7.720331947258052 17.727757011846844
62.78439409842698 41.1373771847742
48.740147064361686 99.88637644098239
44.13658778491715 33.316076042383195
71.26615858874162 8.873344293398288
62.95933774747654 89.1961745198432
12.884580751513063 32.89776288803146
79.27516528939465 12.79116940039222
32.50047448520834 45.901529635586094
95.04233887599416 95.21710643836408
30.426175465300666 54.37803702112735
50.93076770640725 59.964790736794605
18.332455733974307 39.1889591963595
32.75649826979935 14.404117703754393
22.816796423029473 30.687725189381055
88.99656350944389 33.09501048208725
44.461066469790765 37.61845578050925
6.886077615293173 57.01640619200015
93.37644501221537 46.881278100023295
53.74467006955375 13.649817078916604
75.76604972062546 68.00859205865262
36.758335265117616 62.65431014047388
84.14232776004344 75.30784576506885
36.03173286864927 42.444703876494735
44.81498686892566 7.518820761909351
46.0765388432681 98.86682447101369
2.2607176819326336 98.60516295226674
72.59424299553936 58.33906371388612
81.59590548933623 85.41051987217553
49.23045318240862 1.8338575240722244
82.80200779863725 66.24261238024306
90.87644524979979 91.38422821914787
43.30509078486712 82.80357278778217
0.06876301391109951 11.50153113092185
87.6474217052228 19.81679057024638
52.82722047267202 34.34809063399019
90.05098031191794 74.32521502309378
58.10205581457725 14.851018799814453
78.80510301637547 64.7473272909606
65.81356103093482 95.72002107927855
29.898527793296438 94.52470977316385
33.7622302897867 45.90110037591034
55.84401454864177 7.32202297621698
97.10795537573811 82.39018309705052
33.57986355127489 93.50486702596298
70.4997199920364 48.826849640051115
90.42294732274699 92.44002797392433
66.22060789971201 50.67274460550952
98.98052903662288 73.48725978109643
35.45941738053374 33.11994202119111
11.963176892487748 22.961016804613543
36.48850445650614 21.231494402321804
51.992022648955874 69.4251544590269
42.52778622895808 87.85654540993163
25.50544877190054 3.5613143708702832
92.66687376848324 53.22375119507632
93.58046365960449 19.226314843258663
40.272123870903506 5.246058600371262
9.389642978682321 28.04755752470266
96.2767302555693 91.7427903623104
45.28425268595318 90.35118460870028
27.261095029853387 12.499374055142798
52.87704944056583 44.02627638440889
82.06879444562492 0.5457622928861205
77.63549230268806 79.8945787642846
99.97058238468031 44.206159202863404
76.87210611684975 62.181752730541696
21.235091551077325 32.437485952570796
87.97697263248402 2.7303601735829797
19.104388000346738 65.46252935733213
90.80645194645555 5.9810436395208
62.84660391468096 83.68754140624782
79.59285576129412 1.6414588133487396
15.077517928621454 16.43006537575131
36.88477717683069 87.35423941691383
9.838491811483784 63.70029024059855
64.82698901534823 95.935065194074
14.711354664510912 86.92958175014229
74.17364931411277 43.93811178785414
81.03114495103108 73.44857809037151
95.1468626800849 14.355933400022858
21.52479734477709 76.13575304482474
4.048046427783536 85.61589330912842
2.8109472108865163 31.66267341221012
74.13368729267917 13.707021505839512
25.99437067433713 71.97007437608394
54.338812354313546 23.601677463747595
49.92284489705322 45.743684497737846
25.876634138956423 10.871271299818464
80.74084312059631 13.522253974602428
35.85754190896163 59.511288426337096
60.000804562531314 3.4431265079022166
25.054141143389153 15.741664370940223
48.25068781229106 96.5386974317353
57.691694426116015 45.72897174706707
46.557469225531115 61.11325383366197
65.85562548683612 72.85870948614331
36.84370754492576 61.63148065411313
6.89599173820441 54.40130119748896
71.08039163152822 85.47704860048785
58.701179194476836 74.38763620219747
73.54142289275678 32.77682799130945
54.540928359665465 0.49143400226472345
50.40409950668715 2.0744373560181995
87.33307618858916 20.083926509712434
53.599559036663315 94.40404566755348
61.189637773078374 74.98353296050996
40.45775193406045 57.04816402600732
92.42469488447676 21.50123418845147
88.72162368881597 38.63646593306418
35.04875665066963 69.27471926973199
49.57927315321166 66.1117106952262
22.49398805510984 62.21522890258409
35.10734290056592 29.3949877295669
30.308546325902253 59.88583064015056
91.55368960261927 65.42523907453158
4.513352684180849 84.70996811030713
45.61579335308651 73.35308237195461
37.7663267242354 43.498231583066584
20.40925744440465 92.20137599520413
14.821586647738016 29.593559616405507
5.22568065598924 5.7915690803337805
60.15727166757674 81.96691070224222
10.639450948386585 42.80922629021898
51.50450906507604 57.424452819785046
89.07546601212009 63.1243925126076
58.40624942437864 74.35956526169988
94.57595292094989 84.48304784941601
78.96427287589945 80.60024199042407
56.5120226324901 54.13209907246303
11.811415647283463 1.524043165553457
70.58133683602324 34.6757168405845
6.612899849592225 73.19890492670304
99.46810397438199 79.65406173190951
66.3105316789438 66.24952803629387
87.55328433329187 89.96159649802448
56.39162429149464 85.4671790203595
15.3264500327004 61.408564165698685
30.735506085650066 68.36262373189024
59.947113666315865 64.44714963487912
39.692475247508405 73.22947864578254
88.94330898603448 4.426165245413527
97.643246669664 13.431337262806231
15.215739303888022 5.3861865159285145
