163
86.53544381847199 60.13656109379738
48.12649196660699 33.0822872768169
94.20166205761765 80.44230648188216
57.63725286907885 29.8471810339751
83.58362878816288 16.028272614181162
40.43672295742218 17.91317075857132
19.251135901748796 63.448298234607
76.04040188909141 80.53801813670516
53.09307287305133 53.85270302338223
19.802931236571787 7.1369164051843565
86.60658858849189 75.7783493362777
72.79098176070517 19.788771754108325
23.666987137869878 96.77150170025561
91.52684392553529 87.33823024778548
6.702937843038759 95.41154350726468
42.49929149848488 16.987667038540554
76.49955185791288 69.8723235263253
17.937334308018606 58.17719260453186
69.61674258552324 86.10207164778883
63.5440289627332 18.892286053664044
9.8321011054611 15.795428064553418
20.104882903104215 33.04190971263703
95.3997744235984 80.06955151629057
56.8779803237053 5.97914221796414
0.5238763401725244 31.12450737948256
21.926059898093296 16.709363661354114
64.47230890904537 72.91901635116648
92.20862231220953 91.91629152719251
31.12852758249758 8.056078918454135
69.35297514319232 9.680158582335086
35.13156809095748 93.4767883077573
35.96467990524525 75.75996454540626
62.29330768714888 39.60182627108232
25.29939547177189 3.221305577595268
39.929395032778615 51.74031202126537
32.97617116969478 70.44434236526726
55.41260483186326 4.677290299277814
74.6745784421387 84.46597339971748
87.98896451682326 57.08989234520576
92.61418422724262 24.57566583135685
36.03731227021281 61.9904910921324
25.458671878214822 51.71861129608308
82.79572162854738 93.44866616266563
86.1032403093908 48.68206340970082
74.99802006898135 2.805973418446961
40.23734270123678 15.949294667773318
58.071072265185684 23.112432695367946
86.08102490667746 76.12704547234478
93.33393858213974 10.869764015767425
30.73190987049854 38.141852388847774
67.4819918488694 53.66783359118406
30.793096018324896 41.28829638107319
1.5753272003086294 45.119307940541
60.49847018250241 75.26979502884495
52.489408650462956 95.40447358444627
3.779444168649859 20.776714371430383
56.277967353153514 6.834114752179188
86.24660700642075 95.5924859447176
27.805921338898244 13.092129896760563
84.99125047056393 75.70831734956906
21.863719413980743 61.22107824443812
47.66704004110359 15.434682908367591
45.756911252010845 65.35986469809951
3.0523957337715957 79.10900442219845
75.44422195540167 22.650079805605817
43.99411398566468 79.12089203265896
88.89649453652937 85.65480340627673
19.225912761368292 79.63103449200612
43.42982576559778 44.096861888794734
57.86281481582717 65.76675410190438
79.45671867309359 30.24713888863819
45.28712000280672 22.498982264830868
46.26495505656706 17.14525171098694
47.135444549670446 72.76542560649888
40.226037758280405 33.907326834607474
2.5926255257715303 72.18289856526403
73.23530636267661 86.15584201502234
4.809958795836211 36.545528383140976
31.634692809969845 80.21220677140836
69.48131921867625 2.34552648490578
92.93343060709093 48.89459502016519
1.9587897831479517 61.40187635739805
74.94050316472732 79.63242082031023
61.007118106750035 60.927545731673106
92.28700226581986 32.657959371332765
3.1941727337907233 96.34253089840047
95.40294814482552 95.07204802497962
34.786916465534176 88.03760370304357
89.08579270213923 47.505828527035376
20.64164257113974 23.581900100078833
9.662165443558191 63.571111549320406
6.782334287264858 25.82228162009005
7.553735366565961 46.501687907721234
12.764129961301373 17.62255703066615
75.39992878773874 81.50862654174051
34.72387210110407 90.33526439544907
31.166972298375494 53.114397971923744
33.772056631854674 39.83600363734469
93.66739623392128 78.10208059633159
84.5054764684116 10.724070318229273
44.72217011120344 46.92648055699936
21.84978392253595 54.795342758224876
26.68932647484572 94.47007207140295
98.59413979612629 91.20090159914889
64.69388827086128 82.27078162343506
13.316010720107752 81.55053522594035
56.929070887986654 99.97060545292099
79.19355043103813 91.42588687245613
3.7715577321730254 90.98467074010865
44.12332636781615 88.44473638318969
32.33469663361569 95.35019621447456
62.904802040483766 43.56667685204293
64.15502777733892 42.606122669408855
14.632924062150598 33.31708959069491
78.70533753005887 23.170816149541984
56.41176415796048 61.21732306461396
31.24532228015193 89.82933451592011
49.615144092684375 54.17821705691992
90.95324115609473 97.90128538539793
31.782531925288026 44.38921961691793
60.162283144528494 3.9794390173839567
24.7246294951432 17.881057492626905
90.18559539548873 62.90447111591605
34.70203956354205 19.55348324259204
44.189317104492275 1.8425933749077417
14.367910298381204 59.695088225462435
33.539152650667425 86.34640226425542
82.21135706063146 76.01118955599443
84.15602022885797 36.479939467119515
9.871353793650018 83.85496759564852
48.711980703521206 88.70141395190574
47.51839147181429 40.59294702175096
3.8336901068139584 17.55233723856654
98.72453259985828 99.3456396866852
23.456632249744136 91.43202287472559
86.69466776366708 21.63621724297482
14.000039568909617 22.01927402418937
67.22005949507384 93.01947823789729
38.403724544452665 68.28879073219044
99.49023461440926 85.27343718958733
49.97554494905457 50.11471661815112
71.88219724794533 22.38786666728042
42.5811259080283 20.587010553973496
66.75338432797783 83.17570719823895
66.80510163207867 54.02715391048902
7.514899229439798 67.33600072107457
25.862686991850392 42.48491000104275
18.531123407963477 33.50726930989683
77.07033450703833 2.5496311049492237
61.5028523402503 3.9548480722103596
76.3559534623788 39.32182758741073
5.1321001450848724 98.74246688580764
57.92574756100122 47.27290193234832
29.491227105403407 58.62677038292817
81.71768088804626 86.91725726185024
24.594857872201146 11.87872845897292
10.545410641254094 33.14300446765637
84.79302973638909 4.353469603478333
83.10482120499373 30.49108377958024
82.87574755049654 78.30162499928024
48.21975332966034 60.76884484027485
11.717633088446423 94.64485528186339
73.86973866188683 93.85130651487721
