189
71.11727239450529 49.96306563272458
75.42714296328074 5.836901149239882
57.05092278873656 59.936051666049686
1.3344101456852053 26.58967727492927
1.4536086561567907 83.2571876327624
84.1481603866579 20.93181722346439
63.34346561964065 33.56066954276209
40.62519474384527 70.97984968166983
19.257386666639608 91.63917171149897
2.787007715687506 21.48332128453776
44.83844783559461 25.843054139011933
66.71657069911686 78.99578485842098
58.469107908948146 51.45521812401144
42.13924720844712 26.302737113578388
75.1911704864806 60.6198959992131
93.63056816385141 76.17771505552756
23.643743602193158 83.79733230419089
13.302089623826985 29.267014083487354
53.02703564362958 71.33981977138431
45.273533601248275 20.982251130723938
79.9593936916515 87.76270588506397
41.83889364152377 31.492721159082027
73.40356605322671 77.03370276925628
15.570047477195637 70.05233169046902
34.540962797634734 79.64512914583831
43.58913192446141 3.6574557670654206
42.3499932871228 98.42576908102613
57.246964061875325 20.46474647131964
66.9292095210838 32.50357127187611
42.04394619959917 61.8731070304787
36.2919192766918 25.988140718634334
42.94132771941709 81.93102578252434
67.61906944768927 10.417950956609989
53.32144455892289 35.67140223095115
99.28084836390686 82.21535931683142
1.633648737345783 82.7491335676907
14.401870127576643 0.461928854887661
35.28974804823274 54.07638588794249
32.508808188572324 36.857730796162315
54.03275250951627 30.80047372004413
55.50677853412823 1.0966127165267459
28.43069978279239 24.535276655444083
98.98410631416836 27.87467449566332
79.95832949291966 6.807001647825839
18.93759845730878 72.87646510872112
86.04570191209993 33.00761447726431
91.87247628130626 77.02396184784563
1.500869487606049 66.94201825594716
64.37393038362774 92.16924627860703
58.83000012885336 12.921551054167557
57.59976749608017 25.68401148178031
73.44160770932659 19.17709020207231
95.6768867981744 89.43096061180192
4.093674353555999 43.11104386878151
64.6563888648857 53.05423109628609
46.357679140752005 20.03629157286526
30.745149445653986 94.74101298392296
65.10162696804764 70.53003733890037
11.263009224895825 58.5950141898836
23.7930354682511 13.498704610227652
72.10604280787943 32.150636116037326
65.25364753259073 23.602102063344766
6.589407397342684 47.95003948237079
23.901497296294504 8.496910802952817
73.18682419500226 47.88547932465256
93.50060303197529 66.73140314210882
76.64811401017097 25.311599363913473
7.71445500344019 4.619878700685209
31.16750867520365 24.671622945249293
82.4696767618044 51.64229381373033
55.193998655053356 4.040642981524201
92.6157253689622 33.410718227331934
5.047901655307951 65.91109974922244
58.11386719971088 13.737780279586165
73.77340447143533 56.98218767196924
81.78899651298053 41.21860482352473
15.228825457553508 19.630970403219163
76.33048941853282 68.49244741607889
9.889871900490544 9.421782203809181
16.801313046342237 64.89583472671396
90.91413544268133 9.17897012968113
90.74886177089775 91.83752353519488
47.718925242446645 29.618547749728087
38.327753986502955 74.58685012137065
25.963370764033865 77.18920984250161
75.21460873611223 1.5844691504188657
62.90595792372612 65.78150869046783
54.317882164648935 27.24146484328034
23.480039421009067 10.488865738973264
77.29821086676333 23.2638275486865
50.24665410535752 84.3407521097833
8.94194003807437 19.59176607414992
65.11726399482065 61.968477819357425
93.85213186458124 42.034416396148586
2.089744566568985 62.743401646399846
12.280272795087665 14.062763622766827
70.39925984818134 76.39954822428263
1.3436529752686721 9.568766750091573
59.345564198188974 88.70729620322163
15.300202417507624 68.43022711387061
74.53649166741015 94.67399788619275
65.08077773498454 41.93902335380446
11.69612073829821 1.0053655089516167
20.909986153407644 42.84856746365387
5.139469699860411 69.0283677245849
7.745564397287785 54.081609427903864
60.33853206735017 9.83555389130636
9.416004633674302 39.4884031570759
76.8828339075855 58.24252711160914
56.59539812996937 19.711664846232967
1.393091534680646 98.0778572418583
49.067389650042294 89.97369698952902
3.3664068820928095 66.80506994409646
29.260164045262936 42.83847850445495
24.706537690595987 23.810864894034367
56.661837209751894 95.18852972687462
89.84926287118293 7.912340903085879
62.81692511924531 79.28297724125693
14.864852331361822 46.868360805539965
23.018044090890534 40.445596201666135
50.628315348200104 46.89598454682083
89.5309498719989 34.716574236526064
53.56670922773078 89.66336709640136
42.179160018665904 81.39178454030416
4.734987842833371 36.93650237200088
17.70815997156181 41.8957662414706
98.5181124204025 15.570236385462177
51.573987667900255 33.24861279043024
39.9338983379959 75.24027408016893
20.186784643446476 4.3047241908335865
47.23002845554547 10.492144462671371
44.82401359718229 41.87786565731222
39.80442142852125 3.3340669365839126
23.6049350845154 49.225299098194455
51.07461028245359 42.82670254641501
53.75717623506275 82.57620992887782
38.7924940427245 93.7144281481991
19.100186499793903 10.345087089666126
1.025618749598689 1.284270046828273
45.96043906116154 40.952305402631865
43.31428027734092 54.79997498787947
16.331420085573278 49.55668422903419
62.394367385737795 74.23405871839101
67.3713239431751 68.29914680573346
88.71686183911714 52.95882795930474
32.494911484701895 47.53653814011195
11.544826665637231 68.79850776009621
72.72817090034845 39.464744464871515
12.081565736068134 61.67508429752617
36.759339179081095 49.05992400694624
18.091788023005652 86.17796958444379
92.2557074113296 6.273213579759052
51.00554676924863 29.172642906954028
56.03457029962993 75.81010981101234
71.34972884942886 13.716662519834156
68.27820231369037 1.976131205711218
65.3183210520112 29.685772832703595
83.51990875208926 5.838019568603469
64.30575410330258 48.261501127005424
44.85089678437391 62.4643633144219
20.852430723367256 12.710675246090064
53.857676028187164 3.2803089940960817
32.76725730773394 14.129785043775145
49.39828485441829 18.502382901577853
93.93814952536299 77.44112522679262
98.76476146174278 13.425962555519833
50.74429335188688 84.72210591745633
31.51852216785359 43.62569884672802
51.02980201337131 61.394217049304345
83.0572036703274 1.3425350211844544
63.60802090733235 46.31997782937493
63.71536392920007 56.70007381316338
39.61608211620229 18.78435230537826
29.289537989112556 84.9916283495435
2.852047948346692 69.14313684725244
91.67054357310546 17.148799099896927
55.111954922009346 85.70990049619786
81.375502844832 87.782910490912
46.292035566240756 39.56563964765203
44.34340299925638 85.27024779477165
5.035438267869418 57.14721745719077
98.95368997823253 38.407316471433106
64.03458359693023 61.17444104808466
38.262757809437396 5.099796964225045
85.06939622492315 58.62740083492465
66.15283764810712 22.927287636375116
21.391866979413088 53.9749550818143
86.43499259373283 56.69438092101735
62.37441454776717 53.01796598500855
