194
86.98406846439595 38.07462204544905
50.272174382194216 93.82516099227259
10.468835329959237 13.276134878941747
6.0028331628960485 61.18822148262976
90.44573053283676 4.341948862662292
79.7332882166958 87.82350743397696
18.393934770092248 81.28310980557004
45.1733193350928 97.88172176537671
32.536091678110104 21.190723378636612
4.369033550380497 75.39567579587808
25.258539468957064 95.24384538593426
37.749547558714546 75.10134314712806
93.47346711444152 8.674373745350517
68.16510856634986 9.711033488259513
41.25616691030017 27.39925021199986
12.154348043619267 52.14275510561316
62.29504514821574 60.6544018501083
97.54593475751088 69.70236843308616
47.54330688438249 7.045230049514961
49.959148575450364 27.729488730986617
97.86463875737141 53.23659382519163
58.7299495316765 85.15002026315392
0.16473916425524537 36.23877431356972
43.47387325705817 80.16393072950657
36.80593666599561 73.53409537145521
90.26067040777072 36.736275590872225
30.53279908662979 56.17702849099451
87.91873446872029 95.50550153912744
23.494474627135396 20.772854128885466
14.933632106409611 88.29407910444438
41.85479393656741 58.72916644578299
91.36337075844447 51.11133977031672
67.95220506393093 12.851764359307637
3.794228699093427 95.77297967965389
25.982741041437684 47.753811358537355
70.99591258477217 34.35411498905503
81.92946962044473 24.973291348458503
26.15870459018843 57.09621787526957
11.879254457579357 22.751670942839
65.87614462994875 38.91586834850133
77.81337287094198 91.37864429259862
39.48273279001565 63.99538220702997
79.04010976552313 56.0411058385299
15.174532357303805 63.287328738696324
84.07803974754039 25.3946698092001
29.786047537081195 27.185384826474866
24.19709334307292 5.2311775904124165
67.3033072125569 58.29912662953964
79.86603557360722 46.14507293504702
60.902804730485535 96.82663121493114
92.68834959199972 71.71002032734543
11.006937228336454 19.149812659591703
43.65069161641427 80.01494216509245
67.59479491304123 64.41368439542295
76.37372691621584 27.647602338671785
9.948712153405303 83.79361795215405
91.61949674075845 39.107827870014575
0.8329090859101718 53.48468772549585
28.116895071472015 31.112447495321593
59.98513935129899 84.65018673766247
60.467316508707256 87.25640349013915
85.52701432035538 8.287363538976711
9.33742326998499 99.10355552844203
78.19672832139777 8.306133708674402
51.164850931750706 7.160837625890293
2.354887684374485 73.98607875109047
36.897657183491575 29.549049694401653
72.64254727005718 74.70145043825272
60.33835263763096 59.21131843890386
99.98157459853502 28.433008460034724
51.055980082839035 2.837243244601817
49.65237414151192 3.872584706400106
22.159308517944897 88.08201948824532
88.874335210042 21.565077890123984
66.36544174444423 84.73525154880036
1.9771927196207906 68.93418686624064
25.503805888820853 77.86695432945233
65.26983236846517 39.131773584355855
98.62077749284309 58.69360358427905
22.286775825944673 78.89046551263688
93.45899821285646 13.062229366205758
23.20850632452024 0.11051638405724651
25.970725699234777 34.47701218216472
79.92734946658615 32.780361565566
47.340878253479076 90.78862106917049
10.901563949436454 1.2345997234830652
73.95464270851075 30.448220163256835
64.93028872995485 5.66861220750603
37.73602394708382 21.738221270493163
56.699485489705225 1.7539703945204987
56.21318713571408 90.39888626041335
32.56357442848174 38.72690052116054
74.37914028134985 76.62667493985153
93.6837255796961 22.610387163604194
0.7490423608041086 36.62273809235978
9.898042897565407 79.22125556745077
37.864421895602774 8.699012875869839
16.834172142119098 71.20254758839054
93.27516345358933 14.775224519243501
44.826879290811284 82.24446240945564
89.78428814886166 95.86602050843182
32.78216076194029 63.84920500516078
60.096293540172574 91.41438717928061
89.65498090430518 2.8662544071631713
64.04112384544527 84.7446964390279
47.76530682864322 53.46479152894692
62.40601857757656 76.79247210304946
48.974632025137154 57.49079354110278
14.514420222475044 66.39254243628095
36.82582170270676 49.427204000005176
47.68624950723984 91.86490108488653
70.52211307966084 45.08708322377861
25.86264665544771 93.25954627743437
50.500760201323494 47.73370186239929
20.165313790746218 74.80373102487253
15.49494190819114 53.912370521120046
83.21739405989058 52.105153757665335
67.81851916245422 44.68226122380074
94.00474597768887 86.87885931302468
29.470431279965315 94.38340363665543
44.22439863237263 9.002468959690258
74.94288685612139 56.79222558195679
16.492776267298094 78.8435732879034
42.743695064406886 89.91338445886478
14.611179784192906 67.79248142330981
67.64162120430831 37.95298448890476
3.6423077181095054 21.94271663524977
67.73496780591512 83.21896472686878
46.00710953068345 26.378827530585113
25.627630663821964 51.59565227538388
82.03911451776946 99.41304545786224
57.88964500546009 91.29097496412597
69.69069389576237 20.407792536079373
5.4190251261003075 69.58281353699077
47.75544321574866 52.342940167623134
24.845772424640668 20.724519438341748
86.1369493539762 84.59319865953881
67.37343348222457 50.049291426870305
63.9471463398114 31.969935681204152
4.92732425035296 73.88663072089594
50.48706702438417 18.00289726792732
60.82664658118886 10.552678836497421
24.892129420549548 59.60207360559884
14.667609828708372 93.71210485555774
83.28240516827168 4.818791608905604
12.008306633107424 43.50074116511276
89.03393734370447 54.05084138370832
30.630401136017515 68.82023176402218
48.49397589425648 91.31875083172734
1.139634385518462 92.00693013938938
34.947630819015295 94.9556888614156
50.53153060653975 26.8679286558
48.16504829183036 13.227608760043818
15.61374097312468 77.7082593106238
82.55606294494488 37.17169398576034
70.46670343015765 68.71940448256365
43.777225388447945 97.71914059328317
74.26526794396126 79.98643710197935
37.78300144413183 25.156879974461756
83.80540657322814 50.24960811340432
21.783220860511264 41.29866980968892
34.265435119528355 25.3680723701037
18.239526264592023 36.34524344964386
30.976944020857143 8.924607013241914
70.97048021014233 62.70751641675908
87.17859632883025 87.79788600278198
19.93030537015268 60.1114624431285
4.724654086607671 24.873866051232174
13.944181107710962 49.29982752250819
13.983441442042821 17.65319895770524
77.5086571864121 68.4886757369988
16.166462703074114 25.700553287817797
73.77016514683689 86.68924354035919
5.632703026840513 51.34771349402176
22.68563904322136 29.937339493745284
7.455463848680644 25.24436649838997
36.460882928619434 72.28624098195439
76.23258406496059 50.510581690996325
68.62286271141292 40.391829606264785
14.76954874813422 31.25266165769697
39.72947875860986 50.60192409636331
47.37594173826976 86.59122710401667
58.51211909649719 50.78295703535352
72.88796112864185 0.6849755666383461
18.60859261809018 59.86089052300305
95.27768513126385 36.14653101108246
93.03861488437897 61.17972967926924
25.448492073588802 59.34161154467126
32.52091081445627 3.4241173518181456
73.5901138182673 33.43054825092704
71.91262935439394 1.2439401241498338
91.68024943691323 61.21076663842412
98.35347589272246 68.93365990257752
7.502360989745471 94.7855528116512
