180
53.55089676771632 82.54017784075326
73.19026107169718 51.49835009281103
54.52508905188984 11.745552436379414
17.125859462030913 36.4748370845149
60.248644407636476 22.27260214730853
99.57013250428257 71.84593526652343
94.00814716746109 1.3587441551801582
42.28731757621277 4.921511224578056
82.32028767248319 27.98820983435967
66.66071600993924 95.42855508257139
43.037620554383906 36.91414399979587
3.0236807997343185 89.46125618349198
42.03037323993192 7.090842611066361
68.09236998092489 20.54820206694339
75.93280255494024 44.02815879189363
40.550642292537184 22.67321473623153
1.827644604490164 19.659154459858097
15.096236433745824 72.9200002703192
66.39736024130761 93.22368329833613
18.106018436063763 72.84379172590913
7.486212692867944 38.78333945903637
85.28235358623581 81.35047303274297
80.74330784539605 67.82794701750569
85.05724491501961 25.685304919778375
5.843432716757779 83.57576192038788
33.86030325465652 53.24022192294421
61.81581002249025 39.09009847571495
5.757545958492738 16.83658695687189
81.7250898418838 94.10844685561834
77.68901289887525 20.28363857509914
31.603169700652312 62.17292140111581
94.31509812767831 99.18791993326153
81.83232364679917 78.40261842717912
29.853948879255686 69.2675643285305
53.917659807343846 8.921441188845304
96.54338213826477 24.329058902037147
22.724626892600273 10.844089457563644
10.418614967539408 78.73118872463185
30.03107401436941 28.954460092422863
53.65494740545959 36.4226571010279
96.23230513433998 92.86938063339839
67.10649294648164 72.81361073868413
87.49787763699226 98.73481891101727
65.49728999831432 62.6140537877806
53.19288941448568 98.73692523961692
39.06031111768304 50.88452299891399
4.499030305327523 45.90835723091424
71.03412334628068 94.39859103544251
3.206938758692668 3.3463956786039306
40.465251122528 3.9613237098325427
3.2015274423878637 53.975095359551894
28.421433107995973 96.51197922912901
61.58578005655699 76.61026067272141
11.614660503890594 36.561830173860564
91.83708566965146 85.98038520414988
17.87119352846317 74.88552107398311
61.70014445474011 30.519433440893817
72.90495745783625 44.088552307955695
71.058844954304 13.861967671028463
35.43502019893414 24.465521594619
58.680823752726226 99.2802807527217
16.30587716050774 91.93336985096775
27.149382211625973 20.022141997771325
77.39218799567065 81.06819137976416
54.54620196072943 25.62796024595372
94.46217934133281 20.241232832847654
55.43647784262459 72.87983150323724
9.75922550753281 7.758468422717524
80.49457900098328 73.92265609683163
23.19300283863389 70.11826141830976
72.16008736731868 37.18573349959301
49.05729096522574 49.348168012442606
75.28039687060982 30.04617954507983
17.548666897830845 30.098992527391278
85.1304227510183 88.84754678156789
58.882664199963486 71.64357777572553
72.52270287760538 77.30877223917952
38.935580443343476 36.558718704997354
89.0679288779443 49.25410594248698
95.12726495697652 0.9576145998079322
49.16115075396621 87.25039991270742
89.02579789343679 98.92526738943072
18.019210893060034 54.843425235557476
77.9214188532424 51.47997695901723
92.54146149079837 10.515014956718483
62.09561492801387 80.59300946345414
91.56602973558692 61.52370191496737
1.6764964637211 22.113055495458944
0.4228764423040876 52.72261556170707
78.46794368031092 6.904478806977998
45.612612157072796 35.80640626368663
67.99844467776616 9.114860222571242
24.14633950183105 93.2835135165539
23.069542226241 71.8739557191638
52.333710981782666 70.34538088708729
9.314800992654359 89.80083808076515
72.20323954557112 47.317235364265954
48.00997379393744 95.88450394530892
95.87677239614774 96.71968278930048
56.09515330353122 98.57739285860991
49.01946041683348 38.68445247755409
88.87911866780034 77.1313178069627
39.87682224450542 94.57571810552844
47.57391349587553 1.8862025541432348
20.626547625223946 41.690783062720314
29.439122317059475 89.61290186633967
43.39082353499744 48.207003429888395
2.9797448657686187 81.66514134267862
97.42829920752527 58.23255147831306
80.58492053090207 66.70381946230532
97.61743047064371 24.443252295495256
81.53421637380909 91.01023540854456
53.618860832507984 12.628792585489668
34.56547007438948 45.92234373595948
79.02812560422792 17.338118528116297
94.24862441102663 71.77064149025195
66.97683154396235 99.20016588712201
75.47365197977331 69.52232950643244
71.35589038742135 25.94118173757236
90.74167130413386 13.878134715001178
67.49333146645621 92.07613837656898
38.48358144714731 8.961860009380606
2.667663033220069 2.9712118240041385
26.930398995037706 95.65897979450095
43.85987329340526 46.668076094937675
50.1826686639547 55.75525665312687
71.64009223311109 35.38983226493605
91.8905280216863 13.072424840576158
25.82721520824235 46.880151520541865
78.80347962760752 0.640950224239023
28.252453475608185 17.222191407548237
42.29293191522626 24.285742124827426
71.87867970033251 3.058954110587331
20.29676660145262 68.07633329360773
60.285213401563844 15.403690393315173
95.6604092808108 60.49710845032884
96.61485564991939 59.13838705322174
99.69788875042069 83.41917378135616
22.266157111200013 34.88542747837952
10.83195453719038 62.66157997891608
40.13371057646058 6.33494847040712
57.10443086459047 77.64468440693298
62.569314779383156 73.80868994640178
52.569024282381015 33.87046586272475
29.667896047654928 89.72742990474956
73.92893869076904 83.81305972294606
17.57348240973077 30.302491380750162
74.40857664656075 81.6798278447631
48.39035207887405 48.54007807885053
30.782662193377565 27.031097684013005
80.3494324842179 69.76675954284954
21.793081172601646 51.21573196265699
53.20866595954572 13.80031228501447
53.96110925615485 62.90949568449253
78.69162279614558 31.87453020173071
74.77557794660716 12.89135458903592
41.143201793693784 9.251839316408095
18.52946566918483 48.63314520188725
68.17117730351544 99.12903808121263
85.4922670258066 52.341075080927425
93.23829468999543 23.732525998179266
7.6227318603034995 68.61817982551467
64.16358139466804 36.35768957416761
68.43153005694253 42.49692587710919
59.24293896432285 58.601842312021425
22.57134937185682 77.24541865985827
20.39115204350772 44.6420434342403
95.16060856277736 33.469720872119446
69.9801031121565 37.197762195513405
25.299030171347436 42.13924047836931
85.04669800107666 20.864660372013223
75.92510943369444 88.86383492005052
93.12978582147032 91.57310245884803
97.7310065808284 22.5591070185336
67.34830874403572 27.557778618108042
68.60596740542977 85.82465776537764
68.82865580404973 21.176056983233625
40.298438360413535 89.14840184246962
57.31442313263816 51.71556818663109
61.50127678913577 72.62095830157908
