187
42.19333404329477 53.1090903019666
8.812919404733055 70.89357351781406
9.193184646362829 86.3993596542439
37.465806057916694 36.939133057536985
1.7108587771322736 18.20247813280873
4.771554714360526 72.92009194159765
4.1056064518089075 1.7879245954164125
21.473449510517995 61.284267029715245
24.586383447423977 17.101966449685403
60.719079308157966 83.97198915934673
0.41680233500704933 57.02367115455358
63.249689305882164 64.32028514731958
61.345864045830965 69.08407662109278
47.729375710677814 66.38374837424527
11.756940438127339 92.67958486985357
27.084349023471475 89.8958660511888
29.426218240530034 87.00502472836959
95.27200529888216 30.995342974506013
72.32360896622964 24.83375149434337
90.0493349393914 94.92669303399641
25.01315674487532 55.867966970962
50.37293991488189 9.867198132219979
78.97858968496824 29.307592593557597
87.29586318441207 62.79508744725376
0.2373203907518162 57.05991651310168
44.21675516507312 83.86949617685467
85.6766012304018 11.268564127583092
42.80859295886429 60.53679705555102
49.243383302537005 53.391585827507186
16.908785859646937 75.09875053219943
2.3714565410456245 16.834598401188984
78.82685426140698 35.02448189183295
54.368041949810475 18.71305998855317
22.008524020497134 81.32647124098355
26.92605110027133 45.04987368682546
88.11277216396107 21.9531468906764
87.15794149226106 70.53599552689779
62.13491422491825 58.5945590727617
11.927014238982036 32.62626131949267
10.527043174159246 15.9938982113359
9.62534214616253 88.78527398839321
14.951377944681033 14.574187986348141
38.77932780967037 13.800648592940433
95.9924272182354 61.564080752753384
6.0316917766126465 96.57454900774204
98.80376861522005 82.32989955405321
56.75605352418954 98.3099991947236
21.414018247760737 96.55177244814541
43.17411758009106 55.801492637888664
79.68138811878836 48.46252812952954
87.5769078347635 59.55126485337816
97.27911389940488 38.74700322095492
14.819775997673101 58.646039449038135
34.07308868558193 30.944611881649088
90.19229774186695 59.48664565941903
20.64269503188584 63.72858671162967
83.65851561110162 64.90054316728809
33.209232908668085 83.27134926134741
47.75928047848241 91.85259346666687
51.81198914782895 74.95673420437227
33.456017133550844 10.666497382799879
65.95615027264667 81.52908641568096
86.90269690667895 68.36162681304505
32.19568657018158 79.96206016451994
42.63679487058949 31.746760077031546
94.63173724549166 69.3125469646545
24.432160827024106 13.482821512444987
1.9749109606396087 83.13845070157497
90.7228875480859 83.61989378739567
51.51588271887846 33.337108548858026
74.56682876221176 98.71913585088569
72.76325913200935 15.825912211899029
96.90218326019665 80.86830103173278
7.676254216826351 65.21890797521372
87.0800703330528 38.05404120798117
74.1438632633395 6.3120540912084415
24.986049257228505 55.117813150114124
16.8665271024394 24.89856941299581
87.3197691461608 23.562187094463937
9.046501884658975 7.837937922332506
18.463855715717482 55.69176877889045
51.35845158952591 33.70648703529202
44.59969342590576 71.08713197986188
43.1154519886531 59.712267131126
39.74684579982232 45.59010236545637
85.32038785211405 95.70866198022755
64.61650224165223 52.075380014402306
6.624239757633321 64.360312662282
88.03053351849616 57.053539452399626
26.363506125717695 42.680490822011244
30.299280552253748 23.503939777278717
12.334427431388406 67.4707226825034
59.03224196376259 70.81561126781064
38.90883964302849 6.038414846273499
63.367855803306206 50.81414256025268
86.73509014198592 49.920915690643376
42.320048733184755 20.82819554901546
31.911252715608274 31.833627508438088
74.29683005658747 59.34052652045375
4.313501792544261 5.023187852227817
2.2117888678749864 30.019221041103915
33.14871542539255 75.5707672890574
56.18713916271372 69.48725426913785
31.27449882558079 63.98750349591709
31.18315908271664 74.80284465806608
10.222695023846185 44.49467626142937
10.32772802954607 88.21942969939597
97.44228693412042 22.15402183373738
68.57532158566582 70.72934360459685
16.219904559642195 41.01324052361813
22.43942136593785 36.89046678446453
65.37618896941548 20.949042072138635
19.687695819322602 56.477488679521734
19.257427295846263 54.393114859830085
66.59512207202337 53.27276504282155
36.70982750736067 13.299842798960348
30.878105678451885 33.20568077976828
56.88075393888879 63.824370992388864
59.50268806198588 78.0600631610383
65.2069165611927 19.89198978529356
62.135534470207624 15.504406580586894
71.60375946974594 38.93084188278152
73.52352330234798 91.92946118485096
83.00483040032599 82.42954028995472
64.46018552465685 72.46181719672538
53.243958151736514 44.15399195421457
3.1232430525598875 5.150965500119686
78.83881070401667 44.50587201344778
13.547729875005853 56.49544673849477
45.25248580886695 45.1693875526417
41.23080688615215 68.82241144248923
84.15074434697543 15.652507784606096
15.434603606782282 53.86436466476111
28.15171443555684 24.11358942048284
71.29229860158307 95.33265534218684
24.74555349923868 7.834148631386039
40.07345116859181 11.048293829915812
90.07197503681618 6.625112527261223
32.17664947686125 52.523143795558546
69.26315328855974 69.98875193936013
1.0268979499126196 8.305133455016723
73.06409704832815 28.3499098341928
39.465056376022865 66.03318499122686
15.226310380502817 96.39863232460067
93.7087949433699 80.95940130425345
31.618215570230777 30.951299113344387
16.858595474947112 65.1338736773682
57.01483783277537 18.63198122946441
50.08265342043724 4.041650503565819
17.61728184563822 77.14906724889443
47.23082577742465 4.611602831043493
49.163974789940724 81.57557206697899
22.45787618101236 96.38439693776112
10.232204431545355 51.703415137385754
15.86267599764054 58.574735896926974
21.45453779272438 2.5540084812124997
92.03075304575967 41.36218456627617
80.5838446675553 10.14473939816738
28.754365710820572 61.31607307249928
46.45106552637341 17.7460531700515
84.07062527816585 74.23267556155497
5.124787397552966 29.040462182944427
81.25827322800185 58.52619918325901
46.60808089037979 80.51504608418789
37.625507071569764 75.85229170562846
81.30592430293724 62.55467154751331
3.0257291969162603 0.7032009189253952
59.54290638765293 90.52936323056919
83.84476140156029 28.438650295373414
8.289142584769028 90.96566018024475
21.67358310869496 25.91352581664671
92.27776562806605 35.332335236576995
49.474913502902595 82.43362227736756
38.396445238848244 32.57471189462684
60.03082097753393 81.86002264876655
46.1127717637182 8.753436484764821
89.73224544217105 49.25734026651267
67.09398727291322 72.87255302324634
99.21243182121742 78.74008532486825
52.39690909405558 97.01180618925127
75.99155417635914 92.02144230464155
46.32412907146072 7.286471624982904
72.81664161716463 55.31553097384596
8.218473356765188 16.322045268469854
76.10009760892676 57.395138515398656
36.38183535606356 68.25106070664185
60.597412532042625 14.56020378356767
