120
18.23066895898151 91.34206433672811
20.400697909279707 38.74707086248759
26.889661458080994 96.7486857628886
49.16893861043411 27.52211386981356
80.29612925409846 42.143536693251015
39.76791640548267 73.34649042025598
90.80089017017966 84.66685692288262
33.707887442680004 69.60632573437195
33.20484793864996 33.63141882526717
96.32035801346383 23.224096540953244
9.733513195238242 80.53197009995894
31.258324201340095 54.215772551659455
32.887759897826655 86.54184874858665
0.0365708219525307 35.29043357353366
26.15089698170484 2.836337318596416
60.3955368769413 38.06900445494416
82.64686834485298 34.87539441948645
11.149418186687454 88.96174325623957
67.89766123506115 23.25024215250806
62.88718858438567 36.24250041744313
87.986846696844 74.6730954674101
3.3945444309533945 30.717356348023085
9.36109615021703 97.2770688149426
41.43297079429155 77.4367242615121
34.7806969032572 88.07129525159468
51.04461839996497 96.43870791475129
96.78426764539356 26.89379563467834
53.37366548448603 36.93246883650667
6.821648109295364 80.45345279283191
93.05077299445374 28.484394897158193
16.609920296503276 45.34551206220259
84.88958564722073 97.67620572398555
64.0298722593699 35.05004462312422
23.180277729871925 51.90378218470559
81.01079512084527 89.46935588848618
50.348189582109725 24.987346852501368
57.4257231235219 77.08732724044454
86.2876435104688 97.6972900741057
86.49269916013529 74.93395317557582
72.38872384636609 92.26423959722882
80.5740825228276 80.28381504652214
16.702314801574403 72.13852278687366
96.42340279995855 59.321818466127496
65.11521597344353 73.75398161166822
58.010057404742454 29.314915737572743
26.96956257926473 3.2006475365575215
74.52447823920663 15.964446116185638
10.73039433530979 44.402183616428424
11.923645302209863 21.00865827931081
24.81226655226919 82.59284722487412
21.001348638289187 27.098854970272377
83.88712003379003 26.89228688088281
35.62836069288272 29.73032745588703
11.944680109426454 6.1287019468525
59.457585958199786 22.91417099694254
12.37529286255742 28.034356878834956
87.02914812248676 43.31330952955245
11.703738416000132 87.82421547188423
25.34133088185345 73.83459717030024
65.0398180974816 92.2103508577866
73.43176644805989 58.09150608552245
38.40296846239237 41.61352248858856
33.13294706372457 17.43418216009591
85.56133418613575 24.049209438416696
92.89649256587515 19.682689055564527
18.560670222792265 9.72572457239782
13.40729136391725 78.49289160483548
68.41727169526996 36.95596225152132
96.6279392709432 92.92508369542522
42.32175819868482 44.20648964390818
53.22832175000076 14.850524573699408
19.335393022723345 40.523677574418656
95.66749091296595 22.939643055793233
32.52250311680158 26.5876700708777
41.2845537868901 76.06143975634085
68.68145516013016 13.532555970504113
10.94425986994617 3.1341091035858915
18.23657941463952 67.17288593881476
92.20723268075305 59.97639899662936
77.67105000478347 60.59775623938333
35.96316903361221 16.177642517005975
77.13337546120505 94.75551554932139
75.81327118487496 13.652106114698437
93.70747987493588 82.50674011070402
90.31697386882918 57.49364976106507
77.6425560885604 89.85448647953447
4.52878001318382 98.84166169354131
45.534951541100924 20.409229764004365
7.814960615371902 50.06764903848641
37.10526663806962 10.552126232171199
48.36393763421303 70.64701518788547
70.09733739393221 52.72977039797585
13.365713366999177 24.565635380679463
66.5652545203968 18.04748538545934
24.38948734813723 51.08728590147153
37.53714676678259 75.3792237776605
20.07579730104846 33.92586766087642
37.32307313645221 45.079482604453005
46.476694388530994 72.49488144061117
45.06236832125041 43.964817116275825
46.354085534838305 30.330762917859243
52.289601146720535 97.59763944651066
32.02460524871148 36.33216192596295
13.764374312259363 66.42751959513956
26.778418214295762 75.72880183001922
95.61173509855645 99.15680238867033
83.72161354752319 70.20592735884682
3.689217188529448 31.13114129427804
85.77412442402594 7.079422140423919
38.15579907021787 13.161417331900548
82.84929749327286 83.71661963146252
1.471935557172832 72.47707874758443
77.415706137201 21.74457990132026
8.922564464554505 63.21787791096981
6.981349238469536 24.101026100729893
54.1708314219082 71.56430570674638
97.19949333697105 69.34736962234832
52.24409402485756 0.7938168770231568
95.15884669258696 52.82317828069715
36.18540368141612 8.932980916610589
