159
20.929601569160063 76.27642196215302
11.486599040038092 20.713829052356925
44.24619254189581 39.228447988875104
64.02820356017591 19.946299673405964
72.87004523008964 27.19453206975385
56.17485841925336 54.517854395853746
9.3544232306089 87.99346272219444
4.753259764682339 55.923008407114835
77.15591575993727 85.29123318958689
49.86375837245532 44.439994550312015
12.055018023950614 25.394449611707557
80.05312068838836 10.905768200190613
49.579600544422675 71.84075178045151
67.61442423150326 85.93501719829135
87.7866643160807 57.36933905389178
43.338223058080224 7.978285224918203
82.30785436494907 71.08439011126255
59.873462337118724 93.40027991148844
78.15529283123442 91.04221533856546
45.08804499216264 92.17950350386542
63.53516239632435 29.417896905332707
2.240571931488622 77.80398526748374
17.025048952527065 48.37411113875337
33.84832952140593 26.399284484099073
74.73585227677562 32.181153868897006
67.11067050587629 59.021379957513616
6.544189345127627 35.20172013062338
95.27224899406026 12.543473191148735
1.2883066330982795 24.05183607455269
61.652607577723 35.423768283581545
82.91832360667901 86.36028835458916
35.14050587559875 60.24906328282036
29.94099869530007 1.540554364752622
22.808116189726658 7.372647334503924
33.66780782530143 37.99667555259251
24.607753166776536 82.86748589362148
40.08608949338225 69.47529850475487
31.221970007007204 45.62612618227328
34.592219983708084 87.61540559742804
72.90075410902254 82.29383660784794
80.68264932687022 91.51506621376313
20.71614310565788 89.6846346029627
56.17744260555306 94.13519671318218
26.252914921696423 53.3062710183036
49.59367281956113 8.02946792739936
42.65691144538778 32.224281152982904
96.98437177668369 85.91959730201599
83.3246259370342 70.61935110824213
45.677070872426526 52.18391121535817
54.50596860351805 91.05625609843332
24.905177381036726 46.26941162069461
16.70903323519117 55.32810235740375
86.49028640474154 86.81553234127001
82.40811663045989 98.61459195395284
0.9829074982411368 7.40535458469359
48.065087323582325 55.2500213254646
36.86269326202263 19.980424495588423
69.10950660292147 44.67087267755752
63.880519376625124 31.470172654405324
13.177150193642362 1.949473363639287
99.93083686047324 26.17820596135324
95.05872149190535 63.82337796608534
60.80294531549123 1.4634931153167052
78.94744625583058 2.6267074678441915
40.73400244516522 44.38309902108705
88.1576443564775 65.30298359300318
96.32008570954164 77.7307542855349
7.490287282309316 23.65458576581497
59.087467781431414 90.3697644343692
36.52093969289343 2.2048313951500975
38.87753084834018 61.92292518229184
68.1510436463951 43.07384278456511
60.74016466639751 15.697583874677923
73.27700452204252 92.3965340994291
79.00004502065057 59.26147367302029
62.6663070629972 60.660987550024196
73.7495895867498 67.99597800434518
14.03825542662861 80.2787883317776
94.80569553014662 21.740948300198305
90.85264720390963 82.27887079630405
70.52899825702272 35.99301313012722
78.01087265469478 74.97687885956907
25.677621448693998 75.23475927232283
1.3845272365389572 87.84547703239983
99.8171790734626 82.82485217166922
84.18123919612614 43.958434645200505
29.114046234813774 19.772883851926558
98.47253233060339 36.15845827689359
29.594119386920948 99.39621474822502
50.52830870044775 17.726529357838526
86.62816029338407 59.51872654649393
99.44201499021142 97.70599212530513
63.14748076767347 69.89936446413509
28.639269406913293 99.8600534018283
35.83754561561745 85.1854614371548
47.59492051622121 50.71028819509474
52.34294833364302 61.351375612269536
1.496802437592104 1.6794293883927836
7.639438987077806 46.789729411690615
59.02871009774725 61.03782504850409
15.761523543712652 59.425656206481605
60.30182988541918 65.75504068567143
2.52768506268789 68.97574805420564
51.68276620034159 6.090327617197266
11.962690197958302 4.303532749931904
68.5482901918285 24.522598380541815
90.6491482250993 39.82085829308766
58.00179511069773 99.68931404326925
65.22982012125172 46.083527116545916
94.42162458884378 13.122733831659772
96.10306679819803 62.70614388148758
87.64693692357581 35.437112547410564
51.08127879893083 14.59350044893728
26.34356613638208 55.658744341916425
16.91789355228529 67.55279674453509
47.48683370173278 28.40670460665786
79.95666913252535 92.3244514585911
47.146291958985906 55.8640571746007
59.08821208848637 12.846776465302378
56.3210579865256 68.36007739541247
80.6962381347951 77.3258150855933
34.21754099255744 60.718807000239806
1.996185911388726 54.074686445823374
60.30536187185099 94.55555137527732
25.781561728307945 31.464996362404264
71.81523324730688 70.29036542206552
86.18054098242979 33.12659321861443
4.903372236089954 65.57235771674083
20.93266402682058 51.49292665943174
81.50447368698819 36.48384350871431
45.781508423643224 66.49509483923933
78.84899099298602 84.44460128535317
59.1015569071743 76.89625744828551
67.66615130911767 48.1154254204757
25.961048513771367 13.037143062873103
72.08889006072091 63.004449984976276
47.19903640565776 23.465138464463042
25.79580966436503 87.69522683990583
62.42082108523399 63.74067047663837
21.366503602100252 19.548890193526137
12.575384595648774 60.7647073991678
23.84096203172501 2.716517135872809
19.581011371568835 2.661716991806906
74.26457727687539 92.41197789294617
83.5637752568402 97.12428057383185
27.219363070173298 36.14026078728679
71.62091530505228 51.05580483988131
54.16822218228009 97.0734058871039
39.293091562408655 87.244901578153
11.397439714970991 95.61688409574352
42.78041363804726 77.67464602755346
54.17342337901343 97.23743137025434
22.272095009451544 8.372142271761508
13.119277562470089 84.38021945448762
35.10567348570762 67.06963237961968
29.26106478899877 29.504004529070837
54.9377676004827 28.003888037965375
88.69532407862299 13.23380311852721
91.21730731156426 86.50048789790378
