181
63.19647254003401 71.99671965887447
17.956937694202356 11.463558083966664
27.558908174654395 29.22424102328538
53.07938046546346 62.00832802003112
13.112591248918248 88.01756178126215
46.49044634128975 23.886639320845205
31.71883161111503 47.81705977678745
69.20303291387454 4.775098835429247
73.26655376855621 90.09858389441573
6.611088371915807 36.28040194257897
67.16190911513296 19.800287041106657
18.512423279905644 62.61336533353853
47.672554661903 5.599484792675302
13.256973083004574 82.60465216529866
60.407589886295796 11.14727757365891
20.423821194056412 20.05298217329081
73.80145879634287 95.0112974375105
96.61373166175161 9.979342577477457
28.87284732255936 9.321353267678989
20.44538137028361 84.1055165362808
12.204388708214253 90.43248272409214
24.306115639230153 82.25911148816665
96.6656947195285 23.533640362417085
75.1294908866841 70.9316841581779
93.8408450559663 24.06548649223611
14.310222925604322 45.2110129497774
19.17412609788357 41.65021520848982
75.95032649016325 96.19078626563805
89.54572285069298 82.23747636041617
92.8639657447124 82.14394839110297
92.01750775895312 82.64274078672781
74.26344646444308 23.57959505537057
8.304215458939279 69.85434222765569
61.158159269837086 22.666666638303457
94.38233139148511 15.178849097669744
84.15466513651012 78.23034208343077
36.173483211449394 69.89760490145748
43.94202647193596 68.28186300916164
79.55336901663259 11.07965752376463
63.3030245618883 73.13856342371047
65.26721006506212 45.773983960878354
12.524688979529087 76.91305360104718
26.10212687216128 36.08674011975748
75.53529453058775 3.9106230153156063
22.972800395617533 35.02006943405354
97.31570508414009 56.346482829701614
79.75174532373298 84.37551330887571
48.98921655387646 48.72339225943725
37.00896335962815 90.11881069847033
81.808968409143 46.899395328947
75.74499667310816 18.219948901696124
71.63006060764747 51.69217159727154
4.3044218748443885 77.17473546198075
94.3705482994629 67.9665898079438
47.77771744405561 52.95217323383915
1.865403451686709 99.11032298920105
31.131005043262505 52.46437247091515
98.42582414743127 27.57222593931987
96.32622259386173 68.94839398236097
76.4288537591662 73.00154403597628
18.734680458164743 19.64070892931754
29.007696644957516 13.82464994773781
17.745376868605 18.674158321462265
76.21682697933005 65.12024017361651
87.310543978637 78.37867243311477
65.88701358879226 59.88972046760133
34.86649287536244 93.06132225938887
13.452425667995927 82.45325256026713
0.43172725468025863 45.34078385111042
92.48857461423711 71.44018783932967
14.843332526849718 16.241078425247423
92.32797430123738 13.235242742599585
81.39955590244202 14.613490328408385
3.5730292101177064 11.439889699991424
7.282145580386434 53.72325954638575
66.23657130122024 97.36499988319794
30.046593740351657 57.50707674336528
63.509759007849674 88.00591759965225
83.97324713807667 6.787086532253617
0.9194258834813396 70.15042859134485
8.779228026369568 61.605516845037776
35.9467882205143 83.03739880992373
88.67515830748412 1.6209435636345249
57.31883115767623 59.7392876309218
22.84558707568459 13.708369509276963
97.00474157918777 68.21154978095646
49.582080233761694 36.73886903768796
34.00778479582377 46.045869674984054
22.150358110986936 94.39833856446657
54.035533811460844 35.794731073612894
4.384264456820786 33.62375843433154
58.56458618257453 81.90362746519254
9.328625026031345 35.48899100314915
76.41638041466582 55.275036565139146
53.3752771900855 7.796441002906629
21.60439177058169 30.69022527895585
77.47532709100436 46.739136284854645
26.51015631157998 19.355626315371843
71.06629711973511 53.12258000751493
16.115694996544583 35.16540200614151
98.28192031324036 60.595306948817694
50.277988269250685 24.86455727668091
11.186239476086646 92.02073158401922
64.91196600717562 53.75505034602417
32.20921276208529 95.48729959693864
21.207285946276134 20.07179222546466
14.9440595622089 35.34624794688327
73.4213062066097 13.115905657491833
61.37500370862835 27.252539522898978
52.70804236045643 9.79716459666895
27.97517533490852 85.39741946147434
55.21483332017998 60.97661276181338
1.9567316906641596 1.30716563322113
16.794652067009586 26.232567376834748
56.410565605343756 70.51140462302686
45.28907048698828 56.75659614660918
82.25315659557299 84.23407643021498
45.803698917013236 57.69575585150767
10.285576805568141 14.859133583410022
61.12692521551505 89.48968501081973
18.372614270441943 58.682130110683204
1.3292395792332101 1.2452079227404989
12.77499430592136 39.30923660281217
34.126257459366585 62.98508928474595
78.309712653664 21.240716813519136
37.84736019147087 70.79174406496007
53.41512903224023 47.346833947459544
36.01060133564864 62.92918647260134
27.001290362294228 3.2692067878142383
43.8850118745828 47.580778714412176
83.46989952160104 95.81192753864335
83.27721113626983 43.607388999709315
43.080371810201456 44.846322317444795
62.47877553617138 16.935943094601424
13.429794454023847 71.67552079892438
22.142983255331284 37.41848897142796
69.12050836754491 14.766193527562365
31.851372703882276 48.423203698810454
58.2091628036614 44.528224986533026
85.60959254224352 49.33845068213542
19.58845627789073 35.604269379337914
38.20483475085731 18.86535252345053
20.61120805789942 89.99510307818146
77.22173761786314 14.987077346361556
10.023518540638399 60.80633194515488
40.93094258698316 47.927982794526095
59.135721970190716 16.080321379185
23.86405822630896 36.63901155527937
4.622543303271264 96.53176448312072
90.75266099725829 64.09149312326483
46.73986140694877 75.63525792640759
28.218782742881576 65.61589979891454
21.168046744078637 95.61214695745254
0.6390567810757419 60.84670276291567
85.42174284248576 61.138648107706196
75.93681679985909 61.44186288251772
75.81931879708044 67.3475580470644
0.7312070803772719 58.23858387723785
54.96442039051552 54.69174157403142
49.15481029415423 96.41617897590861
39.0339077740837 16.42274289787331
97.5619841795307 7.240887057284584
48.69060071334985 48.097579604520234
27.41597720313851 32.58474760539297
7.202711942144646 90.78740839750952
16.682189701786175 52.33158901916223
90.42744384209492 25.8052087985567
75.4651088605526 18.8657808942863
72.97982124322945 96.1609105833425
47.00028346509889 19.106743707397158
95.56183430408774 7.428701063621368
80.77504148355553 5.840056147683848
8.036571981796381 84.92488660896778
86.56895154308336 78.56360222820683
9.063104217604668 7.622035260481952
48.54275599720685 44.67448039792623
40.91126371915214 58.3679391787187
96.22271631717813 14.19971009970652
77.24916205078631 37.81010799578512
32.15810223612567 51.5545646184531
38.20305375030985 36.18072827001656
