162
6.704793549873367 69.86142809717202
42.953206013385326 40.30252854104677
66.29317689581451 60.61424411458951
39.86427462839788 89.1016445034081
61.81912962416526 21.386573291118815
23.36067732176489 34.90955571689075
29.666016283427666 25.72099660163224
81.87097483602564 45.85943246622738
98.26379269166497 16.093626199468346
40.99436202175391 58.65080649405974
62.17128596645411 38.96469414240611
75.00087005955238 7.80921887368603
93.10583099625256 30.998152067064623
95.09839428583315 39.299930150199756
9.285621873470895 43.28195762524282
86.32907470003228 7.288766452620676
94.63309187806239 75.17814752085785
97.21630126164625 0.1393388053516631
23.238005108947856 64.26100556854648
91.84150871556083 35.3760715057397
79.88128778229782 31.23207464671155
60.614840659366756 25.156794608388957
13.503992244332174 9.699231662414764
50.70699236982291 10.029752146338634
77.57784855642403 89.15653790315142
30.193411424972215 15.353749817886042
94.6972068285725 88.2558258539525
71.3630597787895 3.185430376058551
40.912837429142854 46.956068420495576
94.63616023943055 47.06518892409734
2.2128447647819405 71.4887743714196
65.44923606543506 87.47798823724065
75.66710098054665 2.412765867792799
95.69772645864609 14.754522582504304
93.74106818748726 98.61373508845335
11.119118486613 62.689744858505534
38.311507546119714 91.87478374690386
78.39268801868839 90.37350385451214
64.2813507145541 79.56314172168926
67.03395855626628 19.185685065562573
26.1726973306001 49.5908423285653
65.84101199696777 83.83315988147389
38.62874087601701 98.58105106616694
96.52132286361619 63.83650096267712
83.20503795479908 51.966997520382606
72.79478049016652 65.60814088249306
9.489649854356363 35.342498961452506
15.897297018905821 16.109665559198085
36.37066999912243 43.68008973583556
98.01377836129672 62.51444919480883
59.37438143426205 30.239739981357538
83.86234866793883 70.58364401279613
37.405919122890076 71.30062697626128
31.783949971258107 46.364052860638495
8.323564049777444 76.31764352532004
21.290197958336687 33.89080444317321
9.629488697210975 48.6392457816237
18.25515577403567 67.47428798471184
33.27977148579502 69.73863479851202
94.70453113171708 18.715961180563124
89.73184196062313 73.47209756566969
30.73615332544295 38.47438643927431
84.71957755113058 54.07370934399296
10.311500221933512 99.14034769806226
68.24383860318801 29.787605084879743
89.94844619875724 76.02234276897991
72.75968266839742 19.89914789861862
10.58430642821515 4.705256252983614
43.106667026848676 70.0760421061465
8.556728586202489 54.67132077558705
14.918915585303305 17.591796264074144
44.25677772304759 39.314431245682535
53.94418603156844 14.754983290581137
46.25546538977103 5.933063972361163
39.905495185800675 73.88037071499095
68.31082447710558 10.10146145194566
14.328777296958684 79.11017597815298
31.88837881906966 20.37284351430516
71.24827404662913 23.531197938385105
34.5777636643019 45.487453818068765
78.7211425915134 0.18018728783610882
40.79995900480867 63.37130081982434
66.44774981527341 87.25894422681664
15.88161976687299 1.6455400323995506
97.04316798106478 30.90005205382822
27.361832047163116 99.28334141992895
6.895391324805312 80.819063462904
49.45897419828014 49.13452957784092
65.09136456354501 24.75966442320736
77.75839494402182 69.65780979889726
78.619857879455 93.29393429281971
99.50945865119087 71.46633931894516
91.31394705576238 80.28976407760406
21.153769188806148 70.08305037995272
19.887138961112484 84.52348965544611
36.45853370261582 81.79680769572543
92.47527429487911 1.9805876374254017
79.38046082694109 27.006442968818124
44.863679219237895 59.56366407283602
62.59115203802583 98.87193890434402
34.950078425789634 58.69904456377125
2.3526273542783693 31.048392278833937
91.69593518334821 89.94633227225792
64.14394232285878 51.591535231489324
91.67262662628254 89.89709363208559
58.420251116108226 77.07136059067493
25.164953895377053 28.92651427126054
33.87763910405566 90.17561388428997
33.595086034621026 32.69714814396766
10.17717571187664 90.30008814700827
99.48063478075692 3.8086939285690513
94.41943293678054 80.1625356308874
71.36468247377947 58.48671713484298
74.70017907128401 83.80565280569077
91.64386880035345 81.86958572939982
30.637673406553724 66.8623442859479
22.832397284215 80.79660927871542
33.6888212958312 36.46361035153035
81.78636573798833 32.27036858569831
80.77807531163106 58.86195824706712
26.39886720094583 43.585269248653205
12.189475037250752 71.74368997955608
91.72016404503171 30.23607565283629
25.74489710594473 76.25548261818416
78.99734787881025 74.67635810874884
14.272328751761709 91.8681040630963
97.50612070340958 36.035104755542505
60.21992010966607 66.7384195089181
89.29963411016702 75.14955164419199
76.76269257878981 65.28031442506926
38.421752849541114 75.99576000332046
93.86609854149425 6.532288200642888
58.15879658460016 54.96200061018547
15.861911727197786 53.456912306743334
98.27638318690994 41.60235101140195
66.20369895356829 75.97428407024857
64.6126538429068 60.81519387201586
35.69484488099474 79.6009512840038
82.83974693208636 38.42293578910038
18.569912109166808 5.440774395179082
1.6050078556787195 27.10588598454754
76.62693603198211 3.0673888780761938
87.13430324946485 58.55330797759485
83.7382650244454 35.62141514766542
39.50243119571658 0.16766055144867842
14.60080877875648 25.47766555356611
46.67666202787497 23.518377703224246
91.30460313313785 52.40851387697448
39.34654381431672 64.74301193083681
13.69322801828753 13.636390922916053
97.35108182003277 63.20343133075964
77.73802603075728 45.84928398235252
40.596921326661295 4.493760601049246
54.39580546531493 69.74356646923809
87.32869953046519 14.013031076452197
93.45250624228197 25.127427042971394
37.1381229593727 12.100757455341615
49.284378171624866 66.56836428513368
46.998841278935934 3.5836757250714335
24.44416220740799 17.755566569790847
89.73055409714998 78.51908103638252
44.45716127792553 73.79209019931126
