152
3.8091434436912097 72.98402396593671
3.6867611120989574 83.97449041632785
69.41337878193613 87.76183259933
9.229136177877661 79.49365905153604
79.01833692940225 0.6274056681013218
70.61146372394352 32.754132910239065
27.667784267015083 93.43395382670758
90.85067083331032 61.53353842126661
45.22325978882924 93.14480694244752
21.121743817235895 14.145552152183127
62.0100000685772 34.759555740528505
14.260027610195735 27.8331184436876
34.035061228611674 83.94519919363688
86.3548337549113 60.96170477608322
26.399890818098893 58.2172784576833
69.92563676966962 59.58918596553827
87.52447507604214 41.360923838629695
21.129726730114527 23.24414097979194
62.855905122717324 17.556164301674425
11.04345113642321 37.67501807419169
37.87236101869221 84.63667494048089
59.08598457243516 47.04207548089783
75.40081274000009 8.682823438283261
17.611700978437007 73.78628699228992
40.49637985543156 25.175045827745322
84.31683906122625 94.74356825983573
31.369327013956372 45.681479613960676
49.39727020801057 60.72204980591015
71.64051485921095 74.34134912287963
98.75491126676258 43.567009256999455
98.24526123797219 58.792251720833065
45.59908373050023 64.31110045791789
2.3775497136941492 88.55029118657144
49.25860471819775 28.68055135194847
63.88968661922304 74.50713955901787
92.90895278293816 38.08161856313652
57.26268917705111 98.44848992093526
94.8040103889469 40.83917145617016
4.78583654007152 54.75978816789152
24.58240039789973 53.1353476257316
74.53489368637179 66.13414973387682
59.11946943157575 64.22048581984401
12.348414684320364 18.36893187577584
19.962413814277223 79.45884705962962
53.69632703765643 36.833924058120196
79.26948768835011 59.24939911247902
44.18232165273168 21.606260902567698
22.48442900904829 2.0490239343688543
36.668051208773434 30.2318470232396
41.26984763690453 86.99442332542608
61.414604861304234 59.343917208171916
95.43842122843684 14.996037444477517
11.520515405507481 88.1418954694021
96.72281058836485 35.08323420700923
68.05803971318339 95.0170923889604
86.40936998618527 98.07472092149138
74.53815768840111 82.961490027821
77.96719231549879 62.975651857684255
74.45097456953775 16.771940379276717
4.977996645213334 67.00440794647076
49.80846646877733 93.73725107100095
47.67254313154794 41.88000848898684
56.05684546720554 74.43561054653496
63.85065358346774 73.79076333234063
26.978717596939227 21.596839844634587
21.303269904408097 19.668560871996664
36.66543934664704 1.1702608838451645
0.9629081065997913 18.912132739737718
22.149765865007176 88.04258505097256
49.59513300911927 30.67446363820657
83.79826109166184 14.834580548073461
5.113366391785334 95.67764461284874
12.146297893163538 71.99674376691085
57.94501510614995 50.68701854731324
51.17964445771324 88.21951908492076
62.27330341238682 35.64956473175431
57.21138887540771 27.11914221585703
18.107770024125834 35.33427330620103
81.96652418676035 57.86034763060086
79.01462127975259 99.76627961223814
17.480398410955523 31.34049585677183
55.5541430549161 72.30808042428863
35.37547402763146 64.30097050069318
55.036461079109586 79.0974023513262
38.46335355922189 23.756595053464093
50.35506564445309 83.00347583667242
64.8268298651517 50.299004056621534
73.82867163688833 77.15513078135247
81.8556951049253 18.154151181998323
91.1802728020286 82.5442625186519
81.73142754001556 69.33266364929929
97.01664224254675 56.929843871021156
69.41454882109244 40.68072203546146
70.3771748195021 73.2428278236987
16.12916562042527 69.29533923327239
43.271330658616755 89.09441043395104
95.02118990799153 5.674247778427777
39.36036150155257 88.18477189927788
99.62260303818431 47.77708844403952
60.97768192443831 77.08898295620908
0.9544711028991681 68.04891767594769
99.50333467189257 61.566906638055585
38.6130028918379 25.358720690088322
97.90828139675814 1.9312446702706376
67.7682400175799 53.37266875456048
30.499400868633654 37.509509874612355
42.724936944675164 54.33496200283724
37.98096536954433 36.73090603111461
9.998648792245412 67.49167175913392
78.23448030244423 60.43394709022355
78.44210217095625 55.53895881060189
4.462799766616521 69.4431659172965
62.32409979862174 56.16832986863216
58.71464062027244 47.99643342230484
62.295345643905975 20.154600026658485
89.84507855011523 92.9045660963439
32.206555615375045 89.50175201576151
28.27420524770843 18.163281250808073
2.3300177744304262 53.411072848160515
45.891159202563905 90.86532460799516
43.51325883392353 2.038168477585056
51.423712588750305 64.64300983873096
49.381434308513185 46.12737612486486
87.2887100966564 27.299921448400454
76.60684311100597 29.974997538830095
70.51926995742144 77.80320194180598
38.24596316385722 15.386213356921719
25.40479612525943 70.41531234104158
10.726754056307675 48.152458088755736
64.79802614023605 24.33175065732064
94.57769411462561 39.465442307787
57.251879129476315 77.5107357278807
49.65876761282014 63.52834145886622
50.16196559901454 5.10485245060599
31.692868319296906 4.350685368696139
94.62482277306695 28.717881192079364
51.30451142801342 24.22260766135178
85.98463082357635 50.332000825855
92.82113712652719 90.15411597355343
23.3765339841307 46.62361120610773
42.76338387281673 45.738897383857726
31.95305878008412 45.01013805843538
41.70868812602097 37.63824979936356
70.0735591892031 47.62441866823276
41.27250929604107 32.840234967210556
85.88129324606761 88.30069815634639
85.88003905310569 21.32709045112747
86.40650939265669 11.326831444404439
86.91952341212662 6.948747725938853
99.8994684252296 4.465261422568345
17.326245719644483 8.623495896760424
49.03492521000818 11.939895275173097
