186
46.45914439324509 7.42215128838718
86.69770378050423 60.37315203159406
54.655658050430034 12.885645376020992
88.91825294903303 71.90478178547899
82.10094706307565 49.596551059270496
60.96246646909812 4.50119083227829
89.78959776986687 1.8596787034905415
70.88716623589889 31.399867894212075
29.431429873594794 62.9509229271092
24.941074767234294 49.61231442207469
95.0785810701804 53.47600397204253
68.76449261616197 64.98536190730347
85.82772960375043 81.50568897084278
1.1390564527877678 27.58632171861678
9.178295373606538 85.90758818671104
26.07927093762259 90.83795819919796
34.1972320097895 44.95600667811611
84.43738353006833 62.72836252574457
39.27169437074354 64.20717082982009
10.321899317105244 53.62949950972773
99.32222503429597 29.235192025599986
45.819581867652445 84.72100771367003
25.289236734730615 8.32294431382391
19.284455871168248 35.08828852545117
58.42534867136043 8.924605451410505
93.09574074900446 34.54265723007358
11.5312745380715 0.1130076815862302
89.10370929510522 57.5485305555533
5.632820495945534 12.43412622639175
62.547236168122055 81.0005533662595
3.2072741769033186 46.21793015286476
78.16725707409225 16.415471964268146
58.702718354028484 18.080714038153765
32.657522652955706 57.17311294445728
68.63133687866342 35.73437193960929
10.204501684363464 59.97508100505377
92.20072076360024 1.9924634805962738
97.60150967136033 92.40848785526612
14.936714584922829 38.42415192980205
15.823924664017008 20.780694148748825
24.414042503262223 46.68022523530397
46.98755229689435 16.982800034356305
83.52658366787217 73.33621397000958
51.80610037119786 99.11045712330943
83.12314024550213 90.15325249723989
49.47305397491187 54.58684035251517
17.85076565192867 29.506361496597222
10.926476810781448 97.81163243516478
29.93974371196445 36.18980166318867
27.081936327030764 72.47130040951808
50.46759409078886 8.240422672108982
84.45946953113088 70.8836513453681
6.814704110733583 8.852502354358272
84.72808158126679 99.7314007793078
70.4763819027058 58.09436399209562
0.037044285567133795 55.69346611676682
41.28029037980829 26.891708289457572
55.40848307547471 94.52845823780102
0.9811302326267368 69.31291094978363
47.163726813141615 79.69733897229727
37.36727547991017 6.089983911961472
10.30761741645627 25.97039324905579
23.184083674423118 20.72188267807701
96.9558258988311 93.89056170725266
48.46292588804122 4.0385003749418225
83.03488104668187 2.7960392285903413
45.585106356655444 39.53295912380996
82.94670006241692 52.71454686657161
67.2640595655196 23.765927156926047
35.38320665741189 45.07702732203148
31.88673044369297 60.889974951798784
62.09275241038627 14.409921938863967
54.13291086212008 14.071637548506377
5.289867363164136 46.41294068755467
36.669678784009086 75.68324270122355
31.166995135674867 75.27228472149444
99.17019618220718 92.97994348826906
22.117863365360524 21.6411595092764
81.19651692355835 32.73180812218604
81.5539017928558 57.58100390936287
55.85953936164883 37.11855747091278
65.63880140909951 36.465494299227785
40.76299904180245 95.40519661854512
26.603861300992982 91.96812617989066
3.884969111536918 72.99405595265767
21.29720246849636 81.77419547145975
19.262539629367858 94.84295019761689
47.971518351090396 28.854796603992316
75.44171103243129 59.943834422297385
82.59956493000493 4.8618170985595395
8.946739485917178 94.84239257045242
59.64556253893684 62.1691814261535
10.045814343125393 76.04237409861021
79.88229064961303 15.63903698642335
92.19244983698249 9.955612637215783
47.91274219432471 50.37231548611993
68.35425728500533 67.20037951662034
77.1069665672291 95.27265702580557
81.04709379978281 77.05191633634425
98.69587273007319 72.07499716433968
49.747047863150854 26.193596959363486
89.43435626392909 91.4120993549533
23.422192448196412 56.53564039150092
47.807265157835886 30.288399143455635
39.53631760061156 18.872272650941824
20.087382428124712 66.61570759163946
2.307131812417007 94.08980672866582
77.69480957565132 41.82857098936547
59.219627902175695 63.398417199212844
40.09639621870623 66.55384744903003
11.26254431104715 25.796421369899512
27.59144357027624 97.77651191065374
58.9047876920987 37.76335329401851
73.10058291715758 94.07425316932846
73.76707446966897 23.6463730427788
39.91851597530791 30.119301019446265
7.1923503771515795 13.927143301829714
49.05583960616513 34.92495357486418
7.025759882245586 33.02685081243658
32.12175470945978 12.685579694546867
72.13887520311049 11.692453379724089
66.6006460963635 27.343428838313034
90.50534178953488 89.80626671988308
31.027124288884224 53.28280794011817
28.055277046960114 43.086365200298204
84.4495075915259 17.04972025980108
64.11485141572298 83.1546585406956
25.950725026494048 5.515929639632788
39.063802071093455 72.11830923584391
75.25179571659618 83.88419297394351
54.560628744857695 16.94517400837714
58.319246781025356 3.9021746495892184
77.71607298745113 61.08550432486094
49.86443758967704 40.2196526410798
65.41956470473127 67.39470958562221
27.144251571645473 30.98260573312951
63.609005966722755 54.55248458262606
70.02280978040342 14.826915613710966
30.25077992377797 43.23521606996873
45.82673884388907 3.1870116101340495
74.6548202295746 35.90434991471524
31.22969731225251 11.7709202338252
75.14368077402543 36.86196796463598
34.65970243145122 85.45370152422096
99.12884676546128 78.3323002137464
98.65016468149524 65.19994030274752
42.662309409253375 31.604495431227463
37.146678592809266 76.46629902862291
43.04345352103446 20.739698874707734
41.17966728529838 87.16763628933266
53.81690711942731 8.577055871046346
50.474538169979375 52.6975761598409
32.08938881457991 37.901063198145145
5.222443253929498 73.8664941615311
1.3957752746937224 89.93572945808417
5.935042690728998 75.56684769335588
83.75796420649358 5.368529049812432
85.31776339414154 70.01813880582846
94.2502369816874 46.640051480098485
74.74654490994165 38.096499701778676
63.2698806909897 80.32766113709712
61.545499132365265 9.207998841926202
42.33110360807276 75.85411254845181
15.17129972590049 6.123130249850373
29.235167842078567 70.90324665453403
93.50782327551086 63.70387893537135
20.612428784060498 16.93316252211644
21.57934662100405 74.69823952022726
74.88102078923117 8.357077977150073
94.60982236427573 3.005193292972397
28.767231131861205 58.523421006688814
30.96109476375378 5.074608341549958
5.424559895336878 11.94637970844392
91.22077547999076 73.41936961527391
53.322294671690784 61.642989921650084
59.885247120792265 58.55657017325464
5.784454252089466 86.69340623415212
42.282306614577394 58.38904869738341
7.018258044012027 5.692378555630995
65.74274614579916 94.43430475478858
65.50693774630136 24.449458810489123
16.543454093654653 76.49600231767232
34.847635252423444 36.72591539019765
56.39586296657375 13.137917660929087
53.2005241023043 82.14696403668216
55.378717552989784 11.308187583479857
