132
94.34300036437354 26.608567971490505
62.851381345078416 34.94444532771207
49.51783212959193 71.58378270201585
3.771006515819453 47.53559291368816
40.00822527139165 99.36999589373308
88.25400776550924 3.7819401031093824
12.29763248470669 30.040441481211644
65.38035325004394 39.56128541308732
38.25789688410938 88.0362220596217
62.95500319100697 15.028634613304149
80.20856726050842 40.61345595697634
6.710093973979969 41.19003472337318
2.5864715974619035 27.568829797139383
86.86083923949738 21.439856930351652
27.280188729780065 61.48844327734518
83.01435669935474 80.24593635163113
68.06168000264026 21.912841237077984
71.40264007631882 37.88449194596354
92.7829384734683 83.23830578431145
83.29943874581217 97.3395537271954
46.1192040742428 31.336856087647945
36.817054779702396 56.81929306359122
33.260790764329826 89.94522377250959
80.77074531355538 23.92595854818077
81.11789428615003 1.1115800450098634
37.663796654856974 75.59908372062596
17.264240880296978 14.076826399645071
94.35023482180459 5.707984042359349
12.405980504891655 72.36220713758395
15.633953351087527 18.75390120030531
84.27725304642844 97.91473984737333
14.101206814429512 18.150261539329637
15.920786265533849 59.75666343794489
45.73373144870323 10.434591111962755
44.40528376990158 35.54622457519926
18.274522961429184 33.32988791539869
65.678563296682 73.80067297334676
69.86847162523343 66.99782385374208
34.90281656536579 49.30447601326724
0.17451778720918298 32.15873203408385
92.29192787179596 36.70002433659027
55.305745803608694 30.548606337962514
1.5793307310948967 81.37264097212656
53.54599088715657 73.65133370216287
37.373921443028514 87.60516957703705
58.90407128204196 34.90071656068342
30.189549014531025 85.1874672582831
96.65802241969537 82.66503167712499
55.427210818129446 17.28222113466027
63.85629441913784 46.60704614472175
79.84614100892432 72.48675025608046
11.309889151257568 71.74972059121048
22.01709019680881 33.96727027886022
28.613210961672298 44.36241983805724
32.652655356721894 73.10552817895385
0.537167028128227 84.12177383718968
97.55895525331249 99.2413885871063
76.9187550430036 63.99644113899415
90.82911031585425 7.925645977071804
12.35653994065774 31.57380472077743
0.8089453342566388 93.5328479634522
51.95651058950842 70.02688868902793
94.58019824291893 50.607469884656474
96.63197678443119 54.9294313409
45.32206051224159 43.107590962663366
34.14699603695623 10.410767727166492
0.6341096308344341 34.899428319943716
44.349550657223105 90.97646553890496
86.90809530606776 39.064018173268934
4.200419701140046 10.81245407778042
70.38804475312756 54.53278690129498
10.979938533447985 64.41304051424505
34.647591498371625 55.13182782658082
94.26427431237798 16.141560621169447
12.088003061259068 92.36861195943078
71.814165752391 44.179859392139875
63.14809115085615 31.958406508868585
56.27579325474279 55.92731743412621
13.99998813774147 55.539061854872394
90.4105183432559 14.817476338281722
19.644477690034133 50.24996801479217
41.44776015250857 57.09549213117449
99.79989749317096 0.8155621059175222
35.2448977774681 11.456009199975059
24.86064065239091 53.19641849759851
4.812181025089579 17.090295618052608
74.72161649549881 58.16883465152145
37.309161709545094 34.98171384241983
24.60280583019162 29.180249873090435
28.24175204792837 70.33080726536656
65.29243338844945 47.072310599064515
33.07794705618934 3.3941491571084725
91.65632117749028 0.7136349727781766
50.39323697337467 71.145665667696
23.384854683464184 36.2388031704711
1.3917826590149507 87.4201220811586
52.952811032578786 12.456664507656479
98.32271503506392 55.2944445393346
47.86421536982617 6.197214691845188
47.62304407009492 37.17264411577472
99.80136124389679 20.23867903414741
6.82267994158805 71.85826260834178
8.45550950583769 16.789908395673926
85.25391428955739 75.55248925570656
15.235403846902729 84.24551248726718
75.74654635050442 67.45661557010253
48.845188214241716 19.11155555281441
67.42258950007269 89.50359571487493
11.630198134403823 50.88880607013968
71.04207341430102 94.33493338687906
4.22258157754587 36.424154891603
37.38288397869736 66.3777771743981
5.217907661343169 70.85720931819147
50.69873298026921 10.882023470514678
72.94633702923214 29.902057255353466
15.14707207848348 20.091245506489862
79.8534472881555 63.21627550887651
98.43634544295307 42.599177524720645
37.34814671579619 5.806128658887144
70.89841208478323 29.408612747338424
97.175835016603 82.55255113368568
38.402883930633024 73.71639869738273
2.2723787945265195 85.609923434381
61.45386491531859 39.69349082834799
72.13352947717335 16.861790131399758
21.117375312028408 12.310840494497565
58.4768314246956 54.92222634823428
63.82064254316452 68.82865749457768
78.391961531688 57.56121697559422
86.64511864797815 91.44907083168512
27.38537724910196 30.50871093841159
70.6799247166709 72.836838888589
