141
1.8534830885283515 17.675465443380357
12.838161440334483 92.97060569595905
78.8405465284813 41.225916108617334
98.35829758029625 38.46728292665949
99.33993204278568 63.53380268764044
75.73251229235649 64.057064462616
43.14452940499828 2.6433984547820866
48.55835198328619 27.69831419789285
68.86585615504256 52.189425960223915
58.545386399329416 95.26264733080829
89.33011497341958 10.280738179740911
29.686004349990213 20.865480666168345
20.72476546851173 27.809262966092984
36.52650625560925 55.638439088087
79.5604461243868 67.327524177432
94.61996745328155 47.364400873071844
96.00813986736232 63.05605429996094
88.09592743540858 50.534326017400964
9.376815013363416 38.01456101512276
52.71094647668665 61.97236339273633
51.6564680058839 6.520598820510615
28.92671102734078 21.651520370183384
41.4603066728642 39.554396289624684
7.336774123266066 34.10224303650256
10.0810775883175 62.9014652614471
50.344698050621474 62.45815198587904
86.26133847292047 27.032551090618895
18.591337420025067 63.63506075297881
39.213052213430075 11.703872513549584
74.77186763634484 96.83488095536505
24.286466623923562 41.95344408155493
87.52671912209024 31.386578977872247
50.59659526653678 86.66124118148451
99.73442020550569 19.23231858489951
89.22797889830096 73.34537186646668
97.34367365058934 25.855894579743467
82.5100392683483 19.294017183181534
41.91298157565887 77.25598252414581
67.54651180288815 98.23884059707598
15.203076151794603 51.065247169942616
50.50672731920267 86.54195043345764
30.5393412389973 82.10219574305593
4.826142106282239 8.204427671054138
31.608478798809315 93.86927660835751
93.07543998089525 92.39973521740215
62.002801742100964 38.94769673591
98.44702166400029 6.844158474037743
41.2620099867876 27.986693831819576
15.152668760826216 44.26861920553529
43.699682520751935 10.914139590027371
13.04134253685948 53.93635770231664
9.345584569942089 9.739833356753802
50.672575877161364 25.43054714830395
15.026063825783076 73.69922237586198
61.747138756476005 85.48493926313347
49.5421748412207 7.226930405180698
76.47935043898396 34.97295290699864
83.93340194783109 7.521793192985893
38.81072971407019 66.55295261976151
69.82239712901695 78.71109482322892
22.030596851597338 15.95480857337731
92.69753421565015 92.64995292702915
37.26173216702918 86.72032725666685
3.6216232792752767 79.35655131538779
56.99740484850909 60.25790391306934
90.98756091549586 86.46762043780609
93.60359218416939 33.6498287913498
14.268027883607449 75.48748843370313
70.92412340188937 36.01058145366128
41.800594798041544 5.789935749293673
80.93570396717365 70.27707411524997
11.893215830121006 6.204036933070278
64.02937606536054 32.44928567120372
81.59030892457973 23.034166819953573
32.886027098117246 90.4697428004961
73.1141844801159 50.36150595901533
87.28416349692048 25.287043379722196
26.68110875087556 5.165068458416144
68.80210499641397 48.45998352791187
90.97995945813767 77.53819848183791
93.23391225772723 49.6754216356194
63.543758952957184 79.67947358414253
32.71598301965574 5.445017815987341
35.908027733867264 63.960955318657895
55.76944235858343 98.62708410453946
28.780397063811048 91.23594416088736
30.32359397908826 23.74778643355627
71.59673014862666 52.063619644005584
91.24195076014561 79.83196451299565
98.02001016211929 79.9305719276887
98.21112231418637 1.2685620119472607
87.92312276991312 26.48589625647404
96.70894217861806 6.649079307090899
25.813775425456885 19.645928088931353
12.123282888191723 87.1174253717331
10.946590307522975 70.80810628530642
28.98980330525539 29.938624345827392
59.0685917583373 28.586629569369336
73.14000322516758 59.116332777556615
29.540045237731505 30.798717078225955
45.77171218255985 63.958601916021664
47.59430386170885 87.32494801371773
30.257560261042237 26.719753471028294
75.61702385714909 41.386869175475546
1.0956101787328976 7.8928736375679875
76.2088628581818 93.19764693737889
61.07838637489855 38.81439619259909
7.267038928080205 82.51322975990102
87.7412724250598 38.98416544356647
1.8810959824033913 23.054171908551556
27.911054218831822 25.16870720093143
32.45779931315176 91.31286660883188
6.741808239338654 26.201963347319378
74.5157154335638 88.11528614432326
13.173898292755137 48.55533928562279
10.912325549865521 8.767271733911164
7.017027860168989 31.855288542538172
2.7889002474254743 7.26252480793158
11.363337196892708 39.514311356819995
60.736900184374974 13.820012040418783
92.32698165076964 14.52890937300808
36.39438219193938 61.75666492967191
15.022951641821415 31.328238535129316
23.64880261903859 11.648428760646002
73.98747508981681 48.24660931858279
99.92946054436865 43.72496194347298
36.134638974853736 74.92735015135791
22.7105857748785 17.218885282346676
43.98630562705675 65.89768029958528
74.96105900925349 35.50007609379375
40.30669917477532 99.81863426281893
38.73514539965966 56.843188808821445
39.988477325222036 41.02019184323008
62.36904086037439 43.86959831367021
81.6576809894689 7.838035127607135
6.058371838858045 59.03658034448659
34.00616754549337 61.702910969055246
40.63040907961856 56.54733168394983
37.70719795104003 66.91088393614562
79.19413822070247 58.58867974008889
44.603405668616645 31.43059723346727
