126
76.15187483729306 43.64568131190758
77.51460624749922 83.13007966294818
39.36338167128524 48.78896155123845
76.32523429807507 34.228640790654794
16.788483912009468 96.5572128028318
80.73699685144153 45.912351572854035
35.642291204000486 58.99519106971633
85.75564000445205 4.774954932758635
62.7404700795705 86.31236877562056
97.52954735545075 86.7904235624676
53.480297152222946 46.14075255629256
63.76366667690524 79.30691499062571
15.959699736021449 93.65927511227565
29.455071441111492 33.31736399290314
33.779793322893624 45.86081658222565
45.39539563893228 99.95039431608087
98.94830817966603 84.91875952740544
44.09372400507093 59.341987064428906
17.15042797507801 37.94803407637251
15.339226107868488 11.24287780078621
9.715402895279112 64.7911239956848
30.590091471834757 89.32358317760585
26.01199558776558 43.24140821827073
93.76141233328623 20.43912597668527
37.339083504717166 78.79132962604622
13.043891304449195 33.02083211962879
10.117987703171384 98.3046846248051
42.14399528905959 55.65051208005853
25.78509003344428 87.760529533139
19.317071577644906 61.183950933255346
69.06729912758888 38.72767223787646
21.258281319574046 23.677070125555566
50.984979106445806 62.269906479270695
32.71549528857894 19.650896393243322
73.96837801276581 24.795905631108628
85.46893411480936 23.774092910891387
98.39491653173378 42.261158435223166
78.50299380417071 26.956914056926884
20.249579321397537 89.38779221815338
42.619359211780164 44.948778760316934
10.134172492821103 8.924078995962326
73.79665451394581 85.59507624737354
37.54814065438021 74.58611819654789
56.974193985860175 18.004039321722143
9.725379200308492 47.78734659276682
49.22029340619337 61.03516463381259
54.37968557194897 28.57059780275636
85.90471771435045 93.92516528774465
70.90553779768473 26.24088047586487
37.273952436308974 26.46196626983589
40.27511344053137 53.0784503133798
51.54597934114561 64.02879938405336
16.867959414629574 1.6474369350235163
27.54093721777079 67.76324436796429
87.58752841721386 77.13395180972489
23.67411414939129 58.787113271122514
79.4526121680038 95.75686828437868
74.15036754639421 87.33331723730535
11.324974937919563 8.69392489266515
68.49606836630238 31.2640463440102
96.56951278205227 44.64833693120146
81.62423292952305 12.463384208412132
77.92880323669253 18.618090533081954
5.4978270228390524 49.90645754620767
85.99755859398086 28.235036427025562
96.38592813008954 49.24598926250958
74.97321852115013 4.598424098212394
6.85709860676913 34.234462509805184
6.475782594861778 7.972462553014026
18.396538883078307 28.167587290596884
2.6956036567763797 37.04277634864521
67.87241310718333 16.581556736186098
41.73144756230446 3.851802791469605
77.09992692812695 89.28455710623986
12.710388249748593 89.67757430107815
75.99377124512944 81.78642505057802
73.62753708571591 59.98205351866633
60.72651722619575 47.8720674372566
81.86303266130582 97.08019797744217
27.26580602627825 62.83245440112335
7.635767656882441 23.834818756154785
87.06057213026604 92.0352002065065
20.277275954605688 30.995144229002094
20.116119829110556 48.58947887621574
18.125169321026302 96.71617105649548
21.432344906303147 32.08659170431096
63.68888524969905 39.53622845605973
65.16485932512471 53.90589291037921
17.045493347071282 24.014778362467148
23.848898833460254 10.437534082162026
10.981822332310765 73.62846445858953
85.88727372310827 37.13626944098718
43.37248298142396 42.39022151735076
42.89614667774537 66.32164109733307
91.47800079785877 55.90406280105067
91.82752921067792 50.46632651156756
57.57103493264945 61.91344618804649
53.09169375803946 71.88221646782034
32.39174544073444 12.366503631133508
4.354210382608381 42.08166295389313
47.52147071595639 77.64442698953474
10.240244164648015 31.894850281104215
89.34770639866176 81.63358367060619
34.706763411550625 67.99938214390515
43.90054454026563 59.336923379934404
96.47672001522827 67.85631739585182
31.954799329422347 28.13694258511913
51.73176166723926 12.678432996012424
91.66660279462458 67.35963550572211
6.591924417888173 53.59299630249742
93.70161567917921 70.25089367539414
60.40125789421103 38.16707109082335
90.79589172770825 97.21328632347378
61.36305415078601 90.70116946276693
16.600361058124648 29.073307060706068
90.15653400807425 57.87639962701064
52.023435105255814 48.41184779794212
76.37708042710048 69.01369294232967
28.605260338531835 58.30853710620752
65.6036643813836 12.183728653509219
17.160623670351406 70.79766517858253
95.11065389684526 64.18334282414794
95.19046924242151 96.05731647386327
25.699090652125378 87.79655022413215
80.98501920975396 9.240980603304083
56.19611792442737 18.398871267316498
