145
46.0884438491947 78.22524287834372
32.094655174253994 71.81002921909631
2.863609980037407 1.34634407155092
25.810214350035444 62.611903051971375
36.150108024643224 41.20757858503521
67.28256105182669 22.73298701597797
71.57545361479663 67.7416037587315
23.326271754352057 85.6396629598632
36.48740498102898 27.691757137762853
27.3274973786787 28.121904868416614
92.30229646369597 66.08863650268609
37.08808705319622 73.32091576317585
93.51346110914186 36.26788881776194
7.593283862408173 71.123361567662
46.32557005639843 52.126375340666144
89.32791803044896 11.643774138693663
58.605976329057526 78.27171184919114
32.72888295266907 98.99450791536319
27.575562228656803 85.55128405122679
27.041404952811643 26.643119250216994
60.42163408574639 48.62588525030841
91.05651222915368 37.574938160039004
18.609847119872835 1.7492487595427986
65.37199019249275 3.0975685032893163
92.4570417694841 11.740536703831783
2.143024965459539 86.88939324936864
69.27979711927303 27.96389219707426
77.17301261585867 9.555055376861043
32.673104369233684 32.86626944012369
13.897972024472082 35.15263120936106
1.2454522062451678 40.23544876356514
87.57985424221577 8.165069047216045
59.153371707500746 36.37804952241659
0.646056882157986 17.257142009247172
57.11703290662582 58.43669064014044
69.53255596674911 79.09000209238546
99.86709106474397 68.14512033191765
25.042503565338205 43.78827583566839
9.624286251422909 45.215615605110635
97.96296188242238 96.18457818923036
15.24068406368354 14.558684744905603
91.02123071803983 8.71662739004757
64.10254009948567 36.993227051453395
84.51067412307496 83.93214124781174
78.4651988628546 25.56002508892362
33.05985026080612 4.059306536503482
99.69113275661508 56.44874645382488
27.023497369481152 32.97012420932472
23.15505427381718 95.99698625879714
65.99102750948323 74.2903626667844
49.81761520624409 32.73737566967715
16.760965807967377 41.95059524317082
61.21199013399568 55.93577690129653
49.58204768357991 5.144261494672486
40.63301004106069 92.66014791694943
95.4505485235489 84.6864202756907
30.586855128069057 16.96407506512726
37.38792398204714 64.54993819819624
2.8997893145151776 53.43999221106498
5.4058678960527295 38.822051467121746
74.91883575176847 97.55049624375933
54.2259323292679 40.65939185251766
87.76983971035487 41.58594330126576
22.614286153096486 48.13187808566989
42.36478818017849 31.83445539191202
75.1838852080606 58.147376842486075
45.12768530759327 53.02208212178974
54.126738070396726 60.261065618544286
98.7654563151828 74.33613529301134
68.08180559078558 90.80474363797975
98.36339539581198 87.19141758070825
7.306729464091477 0.013782438281984
10.47035744945214 75.06180737226377
46.188890065366515 68.67773258632393
20.052946390140892 33.08567850792531
32.053581766622685 84.11161943796128
39.25575310793845 49.88180940225927
7.744227486196886 27.473173431124522
91.95178230486528 30.39184096476135
6.193275074849303 94.23815679434318
69.43986612192522 21.56037430329718
95.91335049711743 63.04412810393739
42.12936025491641 56.24381837914109
68.16376496623067 88.72978265073581
28.4682653022862 49.25931242513653
37.73740299240057 14.417082549433735
76.30051047965753 59.540599350727796
81.08571070121965 64.8202833299268
84.82440121214817 88.47532623020633
60.60685108264371 24.48743744272126
84.8813482090143 94.27124081796879
57.31836317270267 19.377726473300417
8.91542829139057 17.86201611906979
21.694809917876444 71.83111097107052
77.19538158225315 73.41185377552681
42.098361471603006 97.59777893789536
34.754907126425906 69.34773690008423
25.31474958309854 23.939417912793804
76.63323024120899 38.52664326376375
55.58457636123051 7.974122742082324
88.53590669874798 98.6993850522696
96.34733858726622 2.1163889801681046
77.09533795415531 71.16426933757054
73.62784439628402 21.416468776689502
1.9992103726360733 83.59636404466387
93.43146224776407 48.801103470699616
27.87707650797072 44.52437915439783
44.38430545607876 7.038393942327092
10.464275817161184 2.2631809780860435
11.98176094330272 51.97422484281988
34.61590624746601 1.396815012893482
48.703507430329694 7.5501984540785045
46.17713141054263 65.37163245941434
12.98839388965013 82.76421874588793
30.508353466992233 68.6712110539893
96.20299449165283 85.63296462070024
30.909284463928145 33.07553483508256
61.86187096908588 53.6306900213783
88.46269937215584 85.3221360608258
80.58168646209111 92.52240671204743
21.19326330014174 48.493492172185626
8.136548119651133 57.92454485981649
86.14382584131391 38.50635448989714
24.704602474513205 68.01520507018724
61.51140980541703 60.95942254921176
54.78213311978073 50.975431532037206
72.52829044706081 25.141273467013903
2.532457674632782 87.0527367806638
34.91105099334395 4.057402341089955
29.038561040117628 81.73775331756781
28.7872557083947 87.92968362793361
0.27845556284675776 63.113631229242074
31.441566438616043 44.36454848462462
27.543674503182046 76.06871644199339
43.36105424599741 42.20778174222464
79.39917799698492 91.05679887886635
92.05567642264526 5.589282783686289
74.59499697691234 72.61574941452321
98.31954219758295 96.85727102836705
87.75376561210435 76.68784648188476
25.185642575321033 75.87309270535336
84.03113901590613 63.19703418109876
21.411900590923196 19.39369737534945
64.88886547823117 35.53980614821114
9.867047790677274 61.309465867448544
