114
76.24649795317168 63.00514840490934
72.04303262675738 85.84938937602277
69.88454118810944 62.45352865910026
70.12986304987177 68.71304112421018
7.9638710099507515 61.84426490902828
27.31975293078075 37.54823073832645
37.73573779797995 60.36985402170555
46.497670833333856 74.59845936429485
66.4410876280342 60.07118969013986
24.581439768671366 17.58873949219213
7.380979018719048 18.045586304576045
37.080755346927816 35.618452647326315
43.23791912988014 98.65139868272159
40.0502420785766 51.12939450624007
41.34091032180355 68.52452180973285
12.108352696160974 81.97389446928116
3.3300107352184694 72.29692128374343
87.46415281973012 48.296984288232835
77.03723450070254 91.0950953070183
70.44599523868065 8.202054397830405
68.17201027145701 40.91835589672274
86.08835642076083 17.957397008794317
45.304482146547755 40.87794712711802
45.76160576974475 90.31575968341824
63.517959592607795 11.448197384776881
61.08986683331806 42.26373053925201
96.78919184529681 5.8701998531984545
31.33791746428877 29.537904543508052
50.733951474293406 59.88169390913627
67.31445929366889 87.67308343624602
99.64660378021554 82.26612924889521
74.06581470542348 36.51109780605315
40.00224800487767 91.7087427900812
67.42608558984308 96.12115537504218
49.977708638975656 82.0671177078223
70.9423031701495 25.92336634858946
8.46466898334718 58.010353166120844
77.7647597270236 38.50513939167863
79.45487986539494 94.34865810778219
18.78355558792828 80.94090020711243
73.72858291424659 34.289672438813646
87.2666630948232 50.65984452251185
39.31993422332847 44.9015040849704
90.26523569974592 11.616638398717328
40.45817678370959 9.336288347982935
16.90530388031143 37.995425525348516
24.154722067823155 86.22875804109026
88.31092554100496 24.748530837901317
19.943556291695288 21.074560631340745
1.928399058196295 62.60120607965245
97.99431400384012 19.819559189593615
64.10821727897482 9.052793142542704
21.650182095172877 81.63893514017016
54.30647043319039 48.59170156403998
27.3538860641964 91.81077346566568
13.3782436468165 47.92688769900234
58.06951807768228 54.59609731293335
64.58832178994537 56.64142635956972
20.34472613364168 73.64592969377955
83.68351879685902 20.38925799766057
42.61491712198292 48.908765803430775
72.88442558969757 50.59910287085586
8.164727613693179 64.49074961221645
99.69125171470164 70.71138831314401
71.2842942114494 66.94607872389855
51.452225202911514 92.14361246433921
8.245545021754685 42.75744336084767
47.77105262346109 98.91455883252675
32.792474903262104 45.65882316980048
52.56824263093177 64.8599588749746
72.44880172880129 71.91223377925023
10.637922746729146 90.21340131985409
16.14915324316557 75.37803643258997
53.21900061649725 21.206433009635827
93.71343482182135 39.814463581825365
21.460327892311415 48.199843231973006
67.88687984514085 54.36294975986773
58.68026295590734 46.01363717812901
50.68572150658365 23.26108453914332
72.53154599815775 41.25554354138313
65.19498324195008 57.05707941291458
94.93963181612918 63.48031264778725
18.472191454037933 62.44721598122557
8.734134395140003 43.11606455734117
90.2639544691981 17.781359015742993
29.32094789963977 12.744228407256253
32.16053543313956 32.40985253378972
6.113414800635697 47.119841011871046
98.94906687230988 58.23926650777192
22.940579811590855 48.58078721968349
37.721059876465254 24.354942363454736
62.13491432698478 23.225219038375002
87.33839913865428 50.205567507364556
95.86564872215617 78.83454416524846
41.62321724550703 20.278646507338514
78.62953001639663 0.8316476111001947
55.70232460553234 24.43578525356136
24.926385220429637 51.48724780755338
61.152795715805496 36.68856166464508
99.29606032171839 49.75696348524657
38.563410433982185 24.34476567206917
64.6748552956726 50.5798343098664
63.36198286609811 32.64975175974348
30.96708963082897 55.09509280664759
12.863163552025581 23.59144152274215
2.7499433718493282 90.76685157377464
23.104759291616183 45.16262921970979
31.358825883081764 39.41301177294307
71.13652185889364 70.36432648339223
36.30069627784991 59.69810215767447
78.19378445536759 26.86695557227302
37.59184159504295 8.210209398134804
53.4847252654295 4.571583846586624
38.440257062720995 22.443378532621583
