201
72.66231681123023 18.582375878262635
47.9556388980374 99.83922036331455
89.09015187046839 90.4820002505489
18.550468406709097 55.0940829450938
77.07849819700242 59.00759584826972
59.0417528859046 86.0515969313279
0.27513261188593097 99.38807911337044
67.19096297351523 29.531279006829912
74.03737288131344 39.64972723797111
7.187492203489477 34.27260393895182
16.2916680525808 74.63952994102983
8.439646451492589 51.530518199016896
21.863666051706588 49.639363645491294
25.275240242999196 82.57111143432812
4.122219372883473 63.124229180654964
58.06826880643574 80.0350639023862
75.01531002587727 23.251537652173692
3.180275980503333 68.99346895558341
19.188622796381427 94.70315406978888
74.94343982659473 44.08971245596733
29.938851267639777 91.85269545306156
62.369580420421066 14.274798807645094
70.1875468951031 75.42533564166447
44.12846853237231 44.88356335619552
24.31664378448277 33.195428179800665
41.45494574523886 48.67698733462967
6.884293144134601 35.299599744130084
53.89331141035694 96.65142464547965
89.71675447278866 96.60193076968199
80.60527373364663 34.470097222513886
91.07864957648344 35.92272645118223
6.917076374854581 53.479070872640996
12.415033415229438 66.44538760071917
33.08615813995153 34.039051790316634
20.84925131976466 89.40079142545767
95.64917486758037 94.40500894390563
76.72963544424857 8.662453372380075
29.89964055310297 73.24534265463083
87.05350770789981 31.34510896752769
88.8066716795365 24.947823139739032
94.09683432083783 29.952683553790006
63.3196267918445 55.98961101640588
89.94284420426368 8.70929155235033
33.01433909893214 45.913565195359205
18.663602928456847 94.60298150734107
2.985536333204708 38.38051881065583
6.601758063477281 9.288277931539424
24.39099853506218 74.51418190440987
59.614249786636364 44.45182986386551
15.179966727844151 57.17402186041658
31.372156888070602 25.988791399155275
52.30959647002966 1.5126157248362748
85.04660501054975 8.097110650822826
24.649055571821698 62.36905361850816
44.26300404440683 26.79912809716575
61.011311901498146 39.732315749652344
43.18551787044882 53.05837979295715
15.304681442736257 32.31499150483745
94.57515770019235 99.79697781404133
33.677540641203926 95.96400117956335
98.48261851444462 17.051274443705978
83.20127106837046 0.44720282949369805
40.100015639936125 44.41252887837061
49.37590752395808 70.52409154526342
7.124400099291783 1.577689920001868
92.64938858892063 71.45276730807653
15.47666851886138 36.26276231022468
35.440141164299654 30.366405605739445
72.45157593884458 62.48744805129945
12.138550350126264 90.07998473199177
57.600104269023866 53.25376217908174
71.37510861911616 73.10252876333556
19.260890753907212 10.651691728278001
48.267500170434474 99.96097662705168
54.69270828723148 41.40936200351592
32.754507241863585 50.347473197905536
52.231911521499526 74.85321745359077
87.47786270111962 38.48701810481554
55.096344811026135 82.82373940706343
27.28420586522098 39.66609716046917
37.62419959096698 57.23311897805428
51.10974099828671 2.039894686914856
9.93727903446625 31.14377543760026
58.254024691582195 40.44007424870688
62.34190231170271 36.896589366375856
72.93823871553731 20.09089304416215
82.88196380637817 66.96419775620092
31.54360462021041 51.18197973858102
42.03087862004593 29.88848199981816
57.59752037887497 62.5378517849177
92.14798514854931 79.29254476516348
6.264456540770635 72.19056602813876
86.92502747099681 6.488653668248457
63.89307358521778 71.80251890229665
33.76232271853017 87.4716934934091
97.56044784823074 68.7839162956164
26.927084576085537 20.273181286801346
46.71605288792613 85.30072418847996
52.74773856314734 89.5386350346112
33.78095488377598 26.150343213853688
85.89107430201162 97.13750311209155
56.25993467945353 97.21779098131566
46.183572049826694 27.806338946232557
7.055147109771431 15.789370583894534
11.823744823375105 5.739089564545918
79.82262019228938 96.84922545148625
5.212185806554148 64.61039341560479
93.59342519329384 13.515253669899785
87.22668509337123 19.336979129502364
64.03377117426061 32.192385618108744
1.0904572192681705 61.15505841539595
35.5979211806502 8.344215981066917
23.81458733788464 38.27877518995876
95.00516524831343 52.51282283614881
77.76005609479458 53.357861568766516
15.988719934908978 14.058077992018037
57.78062472880391 90.01502145800725
13.030420277868826 33.02109151031778
59.36040804843511 10.890735280660024
34.58614875367763 79.2921261725654
68.15067526151168 23.82661630383469
34.67229447875552 9.17343966336256
53.88769789534393 14.03903690350895
31.979672675195182 52.66486544217267
95.74009033746906 61.21919912930689
83.76821486584954 19.579172392682032
88.84403930123437 59.23469150231182
43.050127909255295 25.103904950230273
81.31404500584296 29.918635505870295
66.76822073877004 57.54334254841657
55.14430660434737 95.85486390925789
64.91797026855862 17.958991024936
87.87425901249308 59.025285303558725
56.974974106441245 33.08964855433357
95.66814480100729 98.98418370423107
69.42254334925757 2.2073335381564196
9.527835789915141 1.4552763718295059
15.120877027271028 94.36487069457309
75.18837729896215 5.871672126594851
51.51053931851989 50.56327638934648
30.273544798871434 3.038582413669344
34.9065032742481 80.51331785120122
90.8288983171007 79.56171611856155
72.90570544155574 35.459603781385276
88.06996963935315 95.35497964626205
5.225074501695648 74.27058624091714
97.17376555909397 57.029575406903824
10.505244352363775 34.99511050583344
64.39402607808992 67.7376935067821
99.14395243745487 53.57282530153804
1.3279371517777472 86.28856907023199
10.536372148925432 13.244196688774734
89.74795511200176 4.658605110707703
44.72630905572039 15.633369383971585
68.115062569177 46.47560548253451
31.582204752636468 90.70524010910613
30.948599648443988 79.3512970519941
79.51551436449877 77.88182491430604
22.765589484763048 72.28124478634787
24.113908730134547 60.968210137469526
52.19162543630744 90.95674802607991
14.48426340713479 0.9685265422156975
26.310478403215697 35.60419382759373
80.64854120078756 14.992761528796727
96.06245354710435 72.87096294195725
46.412707398592815 41.34058330763924
83.64561072502671 61.73455839285599
19.83864581952667 31.016426818308183
95.58395747314411 80.71971700871192
92.07593486924104 74.10936665988798
47.55084301038443 26.757366561165785
23.381667919971516 61.20231928896972
18.31664963938301 55.46778805955238
4.623839367757798 85.6240736159534
83.62806214065564 55.03398825812184
61.557485750107 0.7837527650058518
74.98474601292313 85.00084518581569
65.38030168828448 89.88022163820494
75.58450916986916 87.34913566173837
5.365795414743002 97.66571715804295
14.29264427171888 66.43177639611602
39.654453329672975 49.57426186287397
39.13464750497049 73.88094600379044
34.543892259489304 71.41404718464783
55.88506984348551 23.092955652348856
18.013959651428234 84.34241379948419
36.69144750999751 25.454246537994564
79.75579645085207 39.73162606954411
32.53419133438202 72.4672347332819
41.74584836316741 19.18363952690727
22.878184796248078 71.36682602217913
50.26474473406777 44.679363817789906
43.13660909165778 27.208988590829986
63.236653694275965 18.68317527470269
0.04916628305199344 50.18011406900974
47.43614153898659 53.313152355681794
98.46741827354066 46.38891823581891
89.43450436695306 12.808805156712422
67.18452574587424 16.639097532468007
50.00985974638902 96.73384146914665
10.329914785726956 17.093367389671055
