168
14.986806338613857 9.00100114701814
85.97983748690736 7.813948204416943
63.83811096704507 15.564497811899813
25.365471088508464 58.70191918166231
82.2940754773137 84.48158481323851
80.34774007986901 29.948561559145446
88.72182132450706 21.231594836203417
24.99300157376323 15.826587403289317
63.874056314301164 56.9183714099591
33.07784858719719 8.844335895669108
54.97048140588562 74.81348677779438
38.16224930300063 19.914003168038775
34.0747658723515 74.15199204724432
46.0438263734518 9.411323688948025
22.367058247161232 45.95129814968014
76.66185051398385 42.815357247691786
78.74920965723534 6.463378458694457
66.08860493122037 86.33462864822302
75.6890504433159 38.77287078188297
37.391668964758594 80.91801131993763
56.430302789297016 12.639245673985888
67.64311740725432 36.29812157946978
40.76443408614162 95.88767691393433
44.7432900285214 6.590028620768229
15.779309157321519 26.64213186615517
28.795458051485035 43.15296473804192
76.25403763915112 5.3617179644869895
79.43516334427453 26.21014361669498
73.9833122317713 14.082627204989384
6.9566534850918345 22.33614779433417
10.429006558335029 49.213906475101375
64.16196398631914 90.9285406777197
24.71518722331162 80.90658761425664
66.31030470955476 82.2900029523167
53.87994328419061 93.10490141757654
8.783432674593916 70.68293604430767
83.51554901265364 51.45871043223471
8.453135865431493 59.969909820311116
27.462690562900626 64.14615446209825
73.73502332429199 22.153995315909867
3.950386361443192 98.5053867451628
57.8849811294379 41.56003100766822
49.67685568959143 50.065247829584
25.402638536038914 50.800814489556345
5.579451206536479 80.64074926473073
22.54111800631159 52.91329066966763
76.79130079292148 31.33326748639693
86.5507656801291 89.34346302408514
54.12765639104731 1.1104252923174962
62.16749370973276 4.21636949249643
41.03258569433397 77.76745394382363
70.40235877445602 74.20806568393864
20.94622008143573 91.86897121484692
11.204017923439269 62.18853619397713
75.56037581506125 88.22856483628875
90.39621695331684 69.80540588681207
31.434517527863825 63.246232582136564
5.2856052725324565 49.28306792893979
66.33890975199496 43.14672692317135
84.15552744122779 16.314701565508415
25.282368409957645 34.5054980377147
16.784132029351618 26.591605262932717
41.46186875945935 4.065217982513126
45.04023572545871 20.494671962116605
25.15650813927637 58.95764599125015
14.24835897147807 15.923302448648002
0.1597410771324803 82.49734297235186
78.04550218737323 7.833267385343756
32.764501884141275 86.13575237032828
80.64848000734614 14.379870253531646
53.631025692219204 52.53354712028386
86.11766568421378 43.467321749058506
72.00938936390202 80.6355376724845
38.30440124660724 85.8863695390268
72.42834538268984 40.71819928353187
20.316757047982424 73.84786555763621
71.353652260339 84.07826243849699
45.63277984801982 35.3984332182702
34.89720081502005 18.055743247637956
43.14313354002864 77.29304537850153
14.645200490832266 59.55750837202965
34.55172298478316 65.85060630019642
71.45939978179416 5.008763611688138
78.57022604606377 42.37594418429895
49.99725831873702 7.010702114823242
61.64206269676441 61.151088473945926
72.15446311023639 88.2602874651644
65.13129227523756 1.7010782604315988
42.62296278176048 75.18158531372553
92.86295308121085 82.55192546747467
35.202064341161076 44.95979786758665
43.835642187548466 60.426721286761385
67.01150305587956 0.9536888691022871
51.473714016731364 7.339281707594747
6.962480235784197 76.75585017678198
73.09708103462982 59.03394770601397
11.49704109710048 99.14930209704002
10.803146565972943 91.74420970782161
27.298449009432378 32.481028072261374
99.99021934526591 96.20152778217057
46.703363976021464 40.44687865516311
89.22362323454239 93.282079335595
41.973545230395224 50.78249202628611
88.87425306166851 75.08811962362655
24.28217704078883 43.6478232684431
54.017914888445006 3.467443845664764
57.088628293362234 81.6728308593263
82.75715894877175 5.263673347421616
18.88432321170448 92.44005211172801
31.034219727003855 71.08103925843987
38.400934949893596 47.090102313183245
97.51434348916398 62.95667250617068
89.3159020875758 3.9033520189242443
61.51345428410726 52.43146018372711
73.48852483381675 76.10049134773283
77.29010262419273 20.464187564897507
65.12155948788141 47.10461301974108
79.44572505730792 10.44008061470947
93.15093148216516 46.95501248691672
60.47573023632344 67.68194630372625
25.28449385174999 87.52180843821316
20.18078044599977 33.59221709189711
38.601988933759 52.66903730916276
57.48250589086371 22.52344934352415
63.211495113106174 34.23075412442099
61.48659668927227 88.93224057744854
79.06099833062373 70.34369656958701
9.433503976965408 92.14704986750088
98.78220584633927 54.18713376052909
66.28050567288386 70.66686968605376
61.95243800233901 34.337436324658064
23.603651614393396 73.33331335853573
41.426466717495025 47.24247415089056
42.77085855624579 16.115714177569174
96.02529045801917 47.121513815282626
82.62670882505658 62.67363462820771
91.19391232188615 4.295702766272802
28.40207048570812 76.13391873144654
87.55466960555003 75.68133523632324
74.4767648816051 42.56917716849854
83.00814784308295 40.7878981112534
33.18279930150436 68.66012458962312
3.5714112358963157 95.10956153899652
36.32037302309518 7.722246733086946
3.3650870710674408 27.405327754391507
73.47500796885635 20.308285304418703
38.484784790603165 96.97396131855302
92.67404874438277 83.73739161514713
6.385027976599744 22.974266299189406
92.02831690963126 99.15513905674645
43.61051748667758 16.112227703888927
76.33960754962192 1.2785842334451125
20.25694969634676 9.951081470762901
22.46686404034104 6.982063630870384
41.00226582191746 41.70903428670615
34.09957115942079 83.65832027825691
90.42343567157167 62.8772103401332
91.25724679855043 39.679091561669
98.46249645065991 56.758986122789615
54.34551538432552 45.332444854301635
62.069963957125026 64.09022514705889
65.28663686842602 51.43728473470718
3.247646391890402 32.53511262841944
49.27168515713638 5.294070288968966
88.84853514502336 69.62541277237861
63.62383137977359 11.616582637971229
84.0997690516253 83.00447257332334
15.538254837598997 91.72826708165327
