192
80.27327938733978 42.89992455272953
59.30953325132543 85.10293143038845
32.678335334580076 54.02592018588038
7.762031156899751 71.49891444492218
70.92656949355829 28.09837498238338
5.097970397116969 19.838846885364212
16.7253952294502 50.05885673443014
15.604733224070689 86.6642133766717
67.26718209644686 2.978172419239866
33.31041483103717 33.67895887088772
64.85401301724714 3.1547293267740195
36.69502327205792 90.66693789332017
89.58200828782726 83.35505512032051
56.7580941210253 50.41956467227073
56.155935673932134 54.09667402226685
70.42852000681002 87.57435758364898
39.938090217068535 7.246256714524746
72.73251359260311 45.243113618899045
31.47597558884908 88.74896164480859
21.116398490040076 74.82345340210982
43.47037830122724 36.6345076854699
26.945919621829173 26.173588964609074
94.94929476573323 98.90142732665048
61.933915810968486 18.023530342243276
49.62277877245141 23.400918900051902
3.9651328653730444 99.78818735800805
4.061815464513153 51.86910073254727
88.14687296306212 90.99133724335479
62.63518349394751 68.816223422199
3.7470521084573383 37.23528954772771
3.0548650611671113 77.12822464158666
16.884821346752222 9.376887811157776
22.224425883552712 28.04580650267676
89.1735934791879 35.89980430638291
97.22156837710213 34.13269849286637
77.94536657767799 98.6120667221666
41.396823904421986 24.09411142292083
16.15973714444636 33.131344870649535
26.095422518499735 80.81959991289209
96.78053816117442 22.570223362127017
47.86846065199002 60.48747201347749
66.29937540743728 95.72514136060354
86.95694392908682 76.86208930554436
71.66222253255584 88.95461070872864
12.23347947412502 15.016889040642978
42.464491307061216 63.375804055041854
25.68509523968564 1.8273482976057576
57.96846848031366 97.37103474844602
0.8040670396803118 99.70401249876552
64.42080192460995 19.890008365362057
1.2584385054890124 49.39467769249886
81.26679323179951 47.524362981768235
59.36280239042144 40.98667625873146
83.16153064317902 61.725434542011705
60.63379876711055 97.07178384994644
27.938056643883012 77.61108653920779
3.3025245800089253 18.217424988579733
40.52217362806646 21.472470995708715
40.86059082827326 5.750217806008784
79.88386995431087 25.345787021499653
3.2831967920837424 53.71564423705932
55.232918133711316 96.24429849828044
85.70255209169673 81.28498137489136
63.91359558630363 11.139585631431459
84.78821698028102 85.98414883533543
99.69026897134734 46.275556953633455
58.50111152209665 94.98594616175868
67.2901523787051 85.64516912602417
26.731590016754637 98.11440703077062
22.147377217940623 29.428270648041355
62.45240625615824 32.864304339960526
69.89740359355895 81.4741957821887
62.27199093555923 42.62211234619423
89.259530700224 44.16510593079844
13.907869322930965 62.91622082456389
77.14506684632157 23.253170432968208
1.91423227811649 39.2983255934791
42.34962041023389 38.1573947882208
85.43452790100811 22.743895000957526
34.91794071878582 3.839868358721643
48.78516667530582 92.49864630140678
3.6043269689275403 91.55566993090956
24.916323314321296 64.60665307613127
96.94794938944273 23.72939896240479
54.10993779731608 38.45777471404649
22.65339692086824 35.76204392806175
72.25367861992802 98.42978004302077
56.429702660089646 56.64989093856943
44.847188079898594 55.270426403832275
40.98373988221936 57.942204004844655
12.021426594048767 33.784240303806435
8.040751166934601 5.5390487477344985
37.06902721207781 5.091972329247973
74.26252710747214 69.70342192520239
66.17864131654672 11.133197702641262
92.18938345413662 47.77577479289773
41.09896688255007 3.5338208647415437
80.77442798846937 21.4425433527345
63.61812349864191 33.72687026284731
90.10575076442676 59.76969318904243
99.11285493099948 35.52097428732459
54.053489389129915 86.09359065743443
90.07218728437603 1.3372453706476883
43.54201650673255 85.48260348360934
51.37177268461889 14.001964211938278
94.85574869621315 38.75635823366089
55.610071994983144 75.33284165205836
14.3432570336115 98.30219053147258
13.170603897675193 24.570207735939352
57.62953440226403 37.881139371208036
2.9821131059364903 58.31361656409021
93.03564993913889 72.67572844790391
73.71470240348812 31.700404654935944
25.63936955180981 21.55145512796519
45.2870726993653 96.18280220157655
51.50085566642293 58.96738731247033
75.63491166110214 14.465460920982864
65.21819616032852 1.666979338377017
26.19531526733323 68.79679137583449
60.42229151556503 9.902382849778913
29.14548510250936 53.691684690442706
49.09748592881699 45.321186227594545
79.83696356621219 16.727755685478495
82.82393794831674 78.57092444533563
58.47118418407121 76.9272874801383
54.36248315919849 5.044384867018337
13.557177291797695 82.45947484313872
58.29096904950887 48.608207015498095
15.563339937154241 68.51263035712559
43.08050505839992 67.18546483330285
50.63013153213608 35.02489006703611
54.96746810845452 63.57609510273499
32.05049279466039 90.2450343020051
74.3422516993926 54.84731600608321
80.92004871366834 40.04728471092061
17.46509814342785 90.44313949184054
73.9780891425551 76.7864956918466
48.75264072939069 7.578576062778197
97.82759143899692 89.23505088809905
49.422305276659216 66.6081760348662
81.85235934075989 1.417856077463897
20.48172134420373 58.230375781086316
71.28346010431692 76.78989749657286
59.05391694875789 84.9835249655288
24.60115746446263 9.228401629169515
57.345398998124395 92.1031142021079
12.097657465577372 14.12543118667362
12.980815037961413 69.13649975310348
88.1913527187119 12.439212727535997
25.445182093924156 78.07132535911748
15.76928784866196 39.565846161142595
7.534221169051647 89.38241767828598
88.22604569096548 56.333297466371725
77.16652365159086 53.38744189310919
87.90118829606288 27.24912743734774
93.24540528315039 44.54120712825548
58.00297459679502 68.99098977110822
6.766696420931595 89.60090566609568
90.28712760625594 64.02787552217629
59.529340828778786 19.1369979104852
5.72091468390753 99.12759225897254
58.802129699956076 47.96964794730224
89.0553802292735 59.02651698934174
63.798641218450214 50.64692020133086
73.81334333679382 79.11264868266682
23.502417654637064 31.543750655470305
91.98930973100504 69.59324953742964
78.49188666611808 90.80084743360665
95.14875510408356 18.257480846452424
49.268736020358986 79.51864310414878
90.40811123027125 90.31342468574607
83.98115664694448 33.14683520990831
28.845967096941116 70.40900085641843
67.26054849586195 90.23928771824359
39.26262351199077 35.31033415904411
61.701937375325045 42.0161386081662
86.76802746138662 52.94367385842354
2.6520276548197774 43.10447985605342
96.10897121923712 21.048354456866203
22.79793845127851 79.94870011156465
61.6141734328012 82.90594749579269
51.616204623242226 9.848315549520127
47.08841259338966 68.44112657151456
2.8664269648769336 79.5040153975855
44.75962127030999 89.57584630895789
62.11083310480022 47.37669746185775
64.14552893338971 46.36479269313709
40.62355964804839 8.574316937441395
73.200209720834 47.33246432883169
78.82990511755095 37.708281172107284
54.92005957437982 12.999316005876727
9.241125413637208 2.2694276553226533
