167
76.19633641323792 99.73987866342851
32.02472301417746 31.281741658820994
27.744052205196112 29.116018733464955
3.074246640425482 46.651886546007624
92.27227774566782 48.30460897108721
85.36236278557105 84.30205635209117
0.6042513296124485 15.662125638591595
30.188699384920504 37.173156728468605
67.8427041610292 49.55241071878091
13.79661565573722 49.27631589824583
38.66612375738087 24.224629417161225
64.0107802305526 49.65960528741349
46.8216304215813 59.599664466626045
30.937430634385255 10.422258886227198
0.19367106230037123 97.97491588724874
19.65396636527519 0.7020270612379531
70.21989893756387 63.88963188142416
36.46067991184787 88.86619394454272
13.673797660307873 29.88012783019327
53.230973546021396 83.83411822016879
81.65796378200405 33.67096365865816
14.848730705289725 41.183412196031355
61.78631085656349 33.66372738156229
57.4170877915813 92.49084895349694
56.665857075005924 89.10136531542672
3.269415372189177 94.64861190692973
10.387939004842849 76.4756192909782
8.497351142697651 93.38500242712088
1.2323348841009607 30.31057326477471
28.919702488353916 45.88181931027432
72.15067210799886 86.99921982208649
14.0192059581699 21.24776137583012
33.38234674256346 23.38656235455022
82.7233268715428 48.89617007111325
83.98304417333844 21.386566527003982
39.82840094028681 27.26988150521056
81.15093424513464 90.80878497431296
15.80722590734137 68.48864225062836
83.11331961151318 51.12667380478349
1.9960327137892087 26.799919267993687
0.3648719313949167 44.56976599037695
65.06426248851668 49.34556295213179
98.01593739371437 8.613683718304511
57.07615022483057 76.42314838112931
8.49044778878617 97.3058097443786
52.39375273158272 25.120997215104847
30.551775900957622 23.895348479989607
72.82314827020883 72.03335851213619
27.07539812122417 46.461389008189144
32.68150158570593 22.61119676196498
92.09211677990122 50.071269239575514
59.94398246926108 56.048862419226474
39.3861509342952 64.77920485587212
56.39305816906545 77.21462963055775
75.24379356876811 53.76112204727445
47.17643165431842 15.279972236032735
2.9538556058949172 35.533975911573634
81.6561728601767 28.305843713051416
83.56174164377356 10.30905772693378
86.22197870179241 1.3699972168811136
9.365551144162797 98.10988866974205
38.44157498315677 74.81101105099548
88.35963779306893 5.515776043943754
90.58471057004283 66.72276523723411
4.528160327777686 45.292123834583094
83.59881756559498 64.61520576003656
2.0782020864454465 69.80837295728264
37.69744223845093 17.05151250579534
0.03369092018188358 0.6711243813530055
46.85348228010092 84.41102606342085
65.13432131645108 23.96823258391878
21.843138071611534 39.8568927465794
52.83386693891507 86.23399570346939
69.56354697805789 74.08626135918763
77.50166749330951 42.01150000505687
47.14281192103819 37.59582705872491
9.826592469461549 58.43560033668259
33.07960754860538 59.18118608879654
97.48986024921433 11.98625548614789
37.672968760512084 99.69468811051783
85.80528176809916 51.43021110609203
15.365882004588228 57.88391944067837
81.94319304941553 22.987316704184323
45.75422472999334 21.075263618533814
18.99384963710856 75.32026282234342
98.3041237389685 90.6460200570629
3.772417777504422 91.73571850240275
46.926893435457565 83.37328492591286
9.736420508863318 55.05120144609926
54.142524829768625 83.99198959464455
93.49096696466952 86.15517080117432
90.24190763103852 89.67706972340888
72.95055309382765 55.867330141343764
20.732470803150026 74.51422252853075
2.296494053185394 7.425379806958721
54.80146266230186 63.958631157466414
23.17255152435117 80.60793055111655
31.393903098534658 98.26110734361572
31.194080891509913 5.906012295551866
10.305382376876715 79.5311163059161
80.28974022080553 66.76439603052403
90.33031607257563 10.463983881450279
39.74591527448089 24.86584009197712
88.50452881634791 95.73917197732244
14.290778273115023 74.00867934676651
55.15394968367329 82.44722329803429
70.96816323926416 88.23049853722812
32.05833074213156 96.40366791811992
54.60460918177531 65.23995105398768
77.41660697547049 43.12835635534278
27.532696874077466 55.131336628072944
92.22617569110582 42.24411640408216
90.20657114842305 21.335761070337888
45.83999208470748 55.926096919998145
72.58345496462387 56.36356553923706
47.22834171762243 75.08869542220604
49.768134388385846 86.01533935165301
97.10753822596122 80.22151395288326
14.625134062549927 14.487190623750779
19.58695785297353 94.65669758526062
45.17387480668583 52.13247645339442
19.576300432281624 80.17837621293368
33.64629935315462 25.437985603642467
68.0208950208689 29.785021838594815
43.07293618529236 79.48130703576084
55.512713744945906 84.5915730478278
75.78230514085833 15.096111184855033
79.35886568774218 41.20820257316428
31.042602860429934 59.6760493417048
89.57606908467905 33.169820830583774
69.09577273244535 71.36540595721665
85.22978235056533 48.405442527442965
88.03416165043502 90.72477295375606
97.03388929518226 80.60204733108522
75.13842375157694 76.95866699555701
71.69335813864546 37.106939295034195
49.40583821632616 99.19971491021911
44.85781360764092 63.124687791635715
97.81886005051538 20.965965396067364
1.0781351874171285 13.437651738938927
1.9044045510032914 3.2819217539278744
15.724120699939338 22.00160979675152
95.34058188669454 43.740910326990466
88.87724371425516 22.693338902471925
39.32184231428063 14.293717766387958
94.58198320429577 80.3297117793425
22.27539263271977 22.569953026727664
59.34646822175601 6.66594312884431
29.19596885061185 60.08217738896641
37.61787863516054 91.74786948094757
52.345521756053934 56.3104149318789
27.67722100079395 95.49998382327499
99.0940725942938 79.5456202295582
12.049046291759336 89.55716663989396
91.63328918861228 33.90154349358636
99.37381367599086 62.175826037604644
10.732427455845938 60.23968725703095
11.90366411833944 11.752830530689696
26.670185200529506 97.14343316000141
2.5363506745980313 63.99752744597084
35.910890698777244 50.04950637773741
59.91448404578307 71.27008972479916
23.712272737491713 71.96947827543075
89.16324229979836 85.65775930554608
85.47727726861314 16.847418413789285
75.79425379506873 9.8738794328049
70.56417997285713 54.12146389646806
