127
65.39293197693917 51.54871804635142
15.192228261795893 40.01103181486031
21.790192271530927 69.5793182178826
77.42359262732606 15.156973887475012
91.08605841463611 64.86002229465097
9.066317858081419 37.33068929614942
72.07988447625074 27.946758087797562
70.82863037256519 77.86648842752021
77.90063408941688 95.12089874957415
6.778474794457123 13.65195038017941
67.98673773232414 45.96138169145865
13.433209553506087 77.27517316725596
47.03701164777399 70.1351298383203
46.46534624401711 92.52231659310006
98.96468551200182 76.0587907840761
63.67327121243199 29.39518293861596
94.71894170610254 57.09932487439525
72.4328059117079 64.15752372775742
6.617603151946472 40.19339189577228
21.681358561917307 51.75017927254516
30.12155008012266 42.187630757703374
10.686650005817578 77.41858978015873
0.060006596369155396 80.05238054161585
47.29832909187749 20.80296462200494
2.2972490304562942 19.253745452784678
75.4115858593221 89.14111409013152
34.61778864364491 61.39836308190817
10.263634881017792 90.71634974180482
58.63864004194346 66.13828441095929
96.62799277515532 17.98136257997609
29.90467387192931 26.079721223879016
58.52818153933651 59.83982600275242
12.548633208810289 12.479579393696572
10.350318137877213 86.70799932917704
63.70732368753498 23.71202666538659
86.40057013735799 44.7340449237849
46.42165360475654 26.995268194794676
44.617217724386215 56.05400715803784
8.922018353844107 64.14112509954595
82.7207902411143 52.72042583093993
69.94476792540426 62.81663020078727
79.32695973387145 11.814583929794754
47.85807947095241 9.731144890238486
84.43443925362186 64.12733749783156
6.125237941922923 32.68040145574312
9.00051126745729 85.12647418999188
67.98569296492217 34.74531439439832
96.6980087291972 28.0416973750062
17.161797195746242 35.113145888513266
62.54639301585949 23.068247382051744
11.93561806230987 65.8488974992275
67.21317982566151 91.58066186770253
52.65683300899616 4.17050976107557
34.24697429341123 53.44197787195397
53.21170037142016 6.575658657291228
77.7271462025144 50.813964247048496
51.10462398091524 88.09565127009888
86.84440365485776 22.790581078518144
42.85437997228595 98.6685163456347
6.789474648401683 38.10211579771946
64.81368491516344 39.4421195434549
31.432846394690962 81.44660464167252
61.58975021809224 14.555407074990478
69.65122403927789 42.17117349536681
24.349761322024133 54.19840585584721
66.73583275812265 62.15492291487399
98.21543385852257 83.696724079173
22.15335208036756 93.10341993905675
17.162538598652656 77.66011162202047
4.310800630462208 39.210715031134825
40.95041498812865 99.36981053533208
45.21309409049269 96.65928651163615
9.253043927772886 39.51467543688647
70.27107316375294 94.02779834086937
50.10694131369004 63.09988086701358
78.8121450840181 86.50283600192806
69.33632235249031 73.70482113824302
12.203979565583333 79.90348751385218
90.26753945673752 18.22234715986336
66.3804491284023 23.90257224081278
89.05328269830028 91.44524782312561
56.24469218987972 21.06677531965775
4.560182655668388 68.81400974018672
85.07269702074136 60.181854241635065
13.939905955618503 63.91968688186678
81.35344153577753 54.79899055808417
65.88728378696302 11.551191451749343
80.6932360722958 5.985958879283048
67.79875358089511 73.39737322099779
20.583580745211293 53.95588143826193
13.923069333077077 24.543309020430105
63.900133579880226 89.385413232233
13.36113405295578 85.22838227045327
63.818167042890636 88.52444578200583
89.71851906633378 95.54856485406874
39.6965636094523 47.889198486958996
21.835329739399747 80.48939080664637
35.94824101500465 79.26773513972518
92.30350523834785 56.6442341644396
92.95535495088812 0.21859378176191102
33.91573546565398 50.0038726841734
35.332082822941935 42.228521393823435
39.101513842741554 29.638350844278026
96.55505390631475 26.00454718969284
25.262870188627183 55.56293159929516
6.173383797087395 8.158024299943245
4.325531757342372 52.495832377823604
48.24536487560799 76.65062802493959
83.64949922411485 21.090802995100887
82.37086313565419 3.231066783535552
77.94262486797136 20.99355288659509
90.7317008513968 26.401731350119196
13.934385696264329 30.60646921704161
73.25446562800234 50.388099022567715
30.834215275247544 71.42581963745052
78.05311664006169 25.936981552439995
96.53821984558387 37.15124103609244
17.144882975651488 37.8733868753441
95.45446002639417 54.943506615524484
5.442831930241443 62.8630985370627
29.252851129961353 24.877045500906814
46.51413751485008 28.05169186265467
20.023524029606797 36.71070006255813
77.19763830971007 57.3202959625143
7.940400307391404 98.21755786743222
59.24396024651508 97.2708960677908
43.547286162329634 51.48606636364741
