200
77.08646870779246 0.01351140536639539
26.428780319791333 92.23431423083159
47.551848689165965 65.82232027932417
97.12687679580813 43.44940616604946
31.565249879323076 7.170205943123853
40.652026998001475 26.350665287977847
66.53569326581075 41.67048661692384
62.56657355495889 75.35883601108114
12.678664565565578 90.58285164304793
71.83653610010194 65.91538909995985
75.85679360215029 0.09292493622157227
66.98245291708103 79.25172085626383
68.83471621795167 91.94941809628678
16.389421280141303 96.40822916189381
55.6574345182963 45.705064529011516
95.0720259893888 27.13317702069955
48.90489405682982 46.31781882065214
35.574712107731976 50.58420831564041
12.43329548462776 34.85935734891966
16.09934848188749 6.895321150961042
92.14448828078416 30.651127796793954
15.540763488882092 5.581860702635644
28.95360055927356 49.53535809162912
82.11872414904458 87.95954444351372
6.263075064810419 56.17611105601915
82.15561694032783 88.36489197406772
82.63017421289005 85.14520354569498
14.74909328897709 94.10091154408565
60.85182945818622 63.687908226501136
59.931630866043704 29.536900420132916
54.97584506811746 65.9331656573627
90.61401709543094 15.93198344813407
79.01386742594015 16.18301094072747
1.0625128451903665 32.60304700477018
37.216387982067786 48.66749112118072
36.20954198882364 68.23707934993331
89.22846248816026 60.365196419669786
84.35442708407435 97.16462502982671
70.3852668598781 85.64175840732403
6.6995637947302455 14.62189055638924
1.8151844685354135 18.927291296659543
37.174574738739665 21.257289176183136
41.47390827187295 65.10958555380051
57.56997743906479 73.98404340531185
54.40647386943161 4.129507496521323
47.32854494918966 17.56345255367635
73.27997063928507 88.96340754636647
17.784566542828284 81.7688962436422
78.21984286982729 92.14813597502847
1.3518595072358197 29.670739230833163
97.0004265218842 65.54848837435759
61.90052532716813 89.59856121985953
15.26594799105414 84.88380241535036
95.84759786715156 81.34814821136177
78.1567289838933 93.08331580789826
22.483080831806078 24.732662134791962
54.09899979486297 82.63887141601943
91.08985824195011 12.9056493065261
70.490867896295 94.31000518234325
42.70582613046504 94.27089727779251
27.72271588599715 39.593217809861244
49.113928153832084 3.2779524082350964
1.5152264022409434 3.7565573984742473
50.18047689687778 58.22993720720526
54.63915178675588 68.34428164304339
89.20896935526861 18.4667268323369
57.990045012885986 99.12164615869
48.626927460636196 1.6569469780744694
57.306442369308584 68.57376833467274
25.07388432745773 51.73254769708346
90.58732020317612 31.995463344669062
21.673253471216192 53.157343486477785
61.2609242489706 5.944678033617579
94.05804681162522 98.38676910778355
11.195721082230758 25.57980184828149
29.574428249405248 82.36344039768277
10.162374849821287 67.32686113191471
80.9396298611639 58.40193894919954
55.57688775160655 81.48719016376333
93.7531910513888 77.25659290392628
41.99119548264185 64.30942928466902
64.01901172808338 55.40573390082643
69.72242640698641 84.28985993295446
77.37032657750464 7.902230946404298
58.740367050364306 30.00803603094718
61.81540776816372 67.31955816102152
32.46277138305595 79.6719213810923
12.049379895966283 30.88584062844777
1.5024320749899234 45.3631161286622
24.981259505728616 50.029490260522955
26.51429679751034 18.32723932210851
29.243718761729877 35.05431794341486
33.43720311510915 29.5972497592383
73.1267715457016 12.224714499841793
29.01201933364026 20.3436271945451
3.050579336966841 40.01735798002777
97.9519005303859 57.957477568070935
80.2695400700327 20.640912398844623
93.3181998487838 57.06010519412267
58.003849179232745 71.78928204676514
31.833901855281376 35.17078804623816
27.564116671801376 7.870793857507808
74.25590311919443 8.421273930712282
38.4279089682225 60.226212444573754
68.22288371379369 24.327844525404018
89.99111647734988 23.16300702635332
93.45611145074626 34.25104382374955
19.62124705520567 0.054240665819726974
42.69602705424236 95.1729578124554
30.937048200430183 65.47988576978256
72.50325182404427 64.84549416538707
80.64005913127461 27.349472196260926
29.075009686295473 98.21286498823763
57.6090344908745 28.754646337098542
29.695591621571506 1.7027960337449577
45.802211944124195 76.3495558737954
39.95301537161209 7.83461596361168
74.59398221527952 56.15998691212103
12.430826969171193 63.62796609982516
16.492400352323177 81.24504898464762
72.55784312697334 37.52363696955429
53.92997716927825 52.127208489427176
72.36216961178418 85.46957337936621
85.72819423050014 72.71070627581089
18.617183878482436 45.34869258915154
16.139292835963538 53.56270715754904
46.40173484517731 19.789049587764406
73.70251978358742 76.83494045266282
13.333712121313123 39.82396684237295
14.98797583793985 98.9115726499763
59.711589565461566 66.35680810630076
42.169592091447036 98.61881686576174
45.23699156322125 95.94059245005577
51.952828595050434 78.4311709499644
29.792248507641904 5.124028637539613
40.44888921795122 14.80554043162412
21.859449635357375 89.81041574835346
51.46990291560098 98.54431671067768
32.64642039015079 10.41371520850063
65.07718289004765 9.705810403757608
28.043298832404552 78.05946367238856
3.080433790640358 60.53803119826707
78.07486406383528 72.2315437801128
82.63310872990391 95.51146154938127
3.7200087464123954 55.46567922076184
73.36896696121362 93.91796852360102
3.866151902746817 71.04733809761055
49.53874937054176 78.22458303953961
64.86471075247881 37.77602890478179
2.6188070807152797 70.38605505780879
24.787322308568527 1.587828796069679
51.73204103125282 24.716029955027786
36.586776522915386 5.607378728865764
80.15453464769803 71.11293769365426
45.9578561923171 9.086526800751004
13.109641437419095 63.86819180361235
15.434076632682425 56.82360774627507
89.79503211786923 84.29621981400037
16.077647548134344 64.47062180290374
94.39637508561184 81.81575265081521
95.20009547735171 33.681177447064215
42.300730303725544 91.2382941270815
42.97738905401959 38.78588926628358
34.344354060811646 55.029026476786214
54.45472475411053 3.926853377489148
34.45351988539047 99.34328511702834
53.01693046428002 92.6915087258817
55.26247609452667 16.456221804755998
80.28224268265302 37.23688036500317
75.39582603443125 9.066254489241555
5.706141423640743 83.37492828651146
37.212374643989556 30.011685382178065
12.836807006609853 97.52462911044817
72.89277787687816 83.4740620777387
83.07609873802568 89.99722793511094
80.65837968227281 88.32115843580229
38.017297198357895 90.893539064167
61.23952636400881 83.34086092429462
69.77663244532765 99.08696072009822
74.44107865811642 78.43048598642811
17.49147030604472 43.92497588302685
74.69508057091498 78.1752699650005
98.30953611864788 75.4321255926945
71.31622978910868 6.845016408529414
50.8574808192223 57.904269763631966
37.792487426383715 76.17087394365217
67.86020613671884 16.969798459113772
49.50023847970567 28.004167709187577
39.227489620791445 37.89126535310338
51.934285712974116 41.89511056764588
70.2336531923683 58.79081491754343
62.53582410021522 29.461281375981773
96.64269146706881 79.8124673145832
3.697114538291002 13.642959067952741
3.9222665772067122 75.66702565941007
17.785025725317695 67.00808001472728
72.77182449196556 80.29947564538688
12.058085279768472 4.079176915179572
41.65380840489876 14.413931303798188
94.41885147061959 70.75718942517322
