161
88.5508895924601 99.89977602031607
13.802279156000274 70.36111156846894
44.419987236799194 76.2460793201336
61.611947173925444 72.6335491794796
53.45996408527227 74.19686839181429
39.568939876409395 7.716236833373824
15.594794043066006 39.683638585487394
73.77774238919413 30.99987312708883
97.38583021377958 21.596867862595904
63.74652198136596 99.53094387596929
22.51044551641884 28.950549465095865
22.798024938145023 70.85268250518536
87.82508635766862 56.759020880405366
29.592711111086 68.43112348903058
37.33355283533603 49.44511989957812
59.11245962835088 45.3906950527866
32.345538259845874 23.02039926146213
75.99179917201803 94.26424680165346
62.40384295649923 52.42063656478897
2.0377062108424715 63.892058825837594
85.84284319649178 89.95211653608202
15.105341963324081 87.32208878151572
85.20054329672918 45.48844565660952
44.86155225830917 60.49930861997779
34.32585148573839 53.88908615569639
72.56757071241915 97.11341023508044
19.813147941315346 7.5894378346598845
80.7249152401856 61.56623980687351
24.458679085370317 4.286863809264785
49.91683461420756 29.47924277573809
13.549659960225469 66.36610437560077
14.9174259712767 95.1183564387404
24.494968127986482 69.97487995186015
51.5158393410157 82.7233822879127
34.697517290792156 93.8290244605248
90.51062335638711 65.69724701665052
13.877606273735799 24.42749774608224
65.40599355235219 90.23524977376627
54.15561954083602 24.552563334662736
17.403669969154866 93.21829078395805
72.44565085882854 3.917309278825587
73.99605508572151 24.24448768959724
29.29664768426241 97.074358609166
9.936027742627019 22.013647757131448
28.79959712330281 39.86519367208226
80.39560584079338 28.191229214282533
5.709925164428764 96.49450964592549
8.344047358975592 59.002168159618726
27.544221214851405 51.108572657893134
84.96400896135775 90.52568061373219
7.1425071971446545 44.97100235801405
47.481435397351866 52.537686381038775
6.625048385997512 92.30993108459978
37.744689864413786 95.4184986547993
60.18730167386332 86.48464223814324
78.6659857769684 15.088289835264323
27.253161721074903 27.060752305059122
12.229309970607838 40.54074303227352
15.489707854629287 29.780820216148463
35.25154969142504 35.41144387994093
86.98089420547645 93.57038635606575
17.734701711377433 64.21066792686551
86.52274207954903 61.11334014527845
31.150906533622937 28.6731895488067
54.01709018102018 49.00022952615873
68.63116626053218 93.00239128014238
80.01717640077945 2.0645323070316524
59.37232728810078 48.16521316062029
93.0658429564303 71.37427928406512
66.19419594661848 46.5406526296474
65.54109030446416 90.23563297530872
62.67850402949905 86.49385236505024
46.58734264837503 21.346464769454276
14.798424608658223 72.63268157090235
31.380180045004856 65.50751322194048
85.69587664213346 42.55007913563358
57.56602361279042 62.82366103663216
48.778506045614954 25.59807217163913
32.101187703964015 8.352344320207605
53.96397798740058 46.5197902929238
18.150391294090895 53.24476688404227
39.41949548580151 8.723622864750013
36.4536822199344 26.565475008677673
19.358735506471803 41.408896870548354
21.42280013664266 23.433696865189535
7.138908877420502 60.83296946642918
34.07392941012438 14.283538842501486
70.31204445237 22.257109205734793
49.6455706186841 48.23988834578924
42.18180483377716 69.60077031783085
46.923090145865544 45.989760560440374
91.23973880597042 41.25571320446306
95.63181088694724 93.19525206661746
93.10849779024147 50.529818937051516
53.20267223447699 34.34590556548842
76.50828847101059 49.554774234270894
40.76186531307929 24.399977891844248
5.694408471008305 25.208610619303517
83.93350745247369 54.92301226979425
3.476013725123561 43.19207094809244
74.94524381671721 59.11629767491503
67.2080918324667 17.126301594984394
79.03671620923318 4.224656025670681
57.66859947883067 90.59529488456738
4.338671052114085 74.73137787547078
79.01689414780036 9.348523691147303
23.796334035822888 13.578373287550328
33.440626459592046 65.69015651724828
94.18018354560367 50.68555703271337
54.44727053291341 42.184266244079105
46.792678155187815 59.142388117172395
62.695419652036854 51.48349777511534
74.73800109871446 81.13744584655348
39.90134268363015 39.78077124063856
48.22584989462463 81.02315119789473
60.71335395522483 33.43495675705379
28.839076150356636 39.653674661677975
16.000535624695132 10.424457007032172
13.768934592795468 94.94138544518145
97.84184443961799 67.1242143428398
0.46303822105899783 53.68443768188585
10.6347784855217 69.3701296099048
71.78426305738928 10.633105842439361
27.833414448877967 83.76548579243672
76.2352890317108 9.79814512499586
42.18490374629318 7.330324164164292
0.28725253283745644 40.32720780871458
57.24455329011525 19.676206520279948
39.93477982573705 83.75656540991316
12.800479279896926 21.78591433210324
74.44606293853813 98.85466965801368
82.39600808688466 17.220140209209678
43.24985495176087 10.393003257702759
46.802593672811945 50.95055286010739
90.57847414515868 85.31144207231537
35.031537942076326 36.68858606823889
72.29565274284032 86.88929209975514
8.059931954625178 3.8322957755935305
7.578668306547753 12.849072765788694
98.07634243952356 23.306375870895522
56.82815909482137 97.45667901222734
16.640163453123648 39.86587163875262
83.23265714966553 19.001908710721484
63.38969288313757 65.49739313003793
22.200658861015764 63.728969241712605
13.055942151102018 58.93335125384335
97.36285898100702 44.93735731617383
88.64930219497799 42.13169749142368
46.87890848556434 97.53169154015235
6.206301629374156 7.460210033517378
40.59443694370538 89.60526022613477
73.62132761614907 79.81988068990863
71.92023414801804 76.73905463708529
26.920688758169387 4.600710906618044
37.62961386000649 82.70862690267765
40.13012257830282 27.22830150998201
72.90979786012855 26.241275309556066
89.50052036752152 90.14586806522763
18.445346337889358 79.70311712272664
22.75359512564491 67.3161696871256
6.147297925931571 91.46688615330876
