20
69.25684718512747 29.90510034565621
5.395653119004063 50.3213608023964
97.25337567194016 10.860481220384322
78.5699453375269 4.6448867135162715
11.03375338418462 65.60626798982308
14.49990113804981 47.89366939410892
6.868399228165134 52.47790446706898
7.23289803395174 73.20314331127486
47.73654345321485 23.58182851910534
74.07186454426163 77.92869790316011
16.31519734421063 97.74673364207571
84.94813266849378 49.03326027892299
19.864572106751545 14.365624400792331
38.143711766394475 9.909413956337676
68.43031017730183 12.468875910241639
42.572138946966156 96.10008422554274
2.6967778342475768 80.32589926150624
62.08847105852334 16.202313612527597
93.38227633111337 60.32583886030339
70.6799962233702 21.82077390210614
