15
73.40469974750387 62.56389788735337
24.267857896922386 78.92873857802047
51.78933895074391 67.16448034090234
1.8338245491468452 42.95579646868103
61.4368321766503 26.735486791944496
46.31427385676229 65.60168400755674
55.67730359283757 94.42761441795322
95.57816919188038 50.42941818387147
53.28850532458954 52.464341467935725
22.01272312587177 53.436280069819794
63.221022929783686 7.588038741563441
97.38726263170904 56.00790395013318
53.96357837712551 26.988687629087384
27.092930073522105 56.742671071072095
21.228038324159982 51.259899620261265
