178
42.502372491497184 29.960239301791958
43.46379670923276 1.1223018691019826
56.216857570985404 77.22318163833904
73.35057260084123 48.89769354992261
97.92268236485138 98.69924804173462
60.85971473295915 97.0277217482076
43.54344057856895 15.150657997119488
63.41765393705613 95.15009719724617
95.66944667246827 59.346559172859024
34.60530824416607 93.66575650972044
19.40969903705706 82.21061594325597
18.351104760823723 83.92052214763147
3.998765358933909 86.6249521519506
19.131454681709336 97.81281563827272
38.34001303806356 28.184744446021615
27.840038392631673 6.95185940012939
40.64048373462026 43.50303138700286
29.703248849499342 2.3329652640109444
5.964775732924499 17.220895893010958
97.89829977824324 38.94090529561151
75.40485380496212 67.7472831201537
62.8451247454228 83.62705269518982
65.08892309776795 0.8967334143625383
57.09049318282371 73.50334898555
8.814433308055769 0.7957839317430659
80.13354769644151 95.12168245537768
79.05967577772915 55.306670370018985
1.6870529686106583 34.382036974958815
10.913845994062655 48.37418963956311
11.784844192177458 36.544921516288106
45.231076085209644 45.05915667504787
49.37970824574995 56.06296611391781
29.67777621437421 10.103055706202591
82.57983650725772 12.641297277102638
12.703196697866803 22.738945798734044
49.77683071068033 9.669488561186125
27.608546091437535 16.32229134270431
95.95304627789206 89.86602654089539
15.428977666514509 77.54225816120038
59.67543518359755 91.86497569631331
75.47135351469225 76.71072285804986
24.45391696031024 33.93806068960408
2.6516699946805944 42.00268753046793
58.824019060245234 60.63847858886564
6.821374239791112 98.03531005205664
61.568231708927044 41.483787708903186
18.107470210323694 45.06808775522542
84.35577183214193 4.455565076082102
39.18124692281593 48.590838077329444
22.026610843624773 40.74582150538204
12.72829728632211 23.069495256638916
44.03025030483448 9.174428282942259
87.45122120015891 50.24980738972044
54.86537695173337 92.31839077476957
98.9487966480036 36.71592493646874
50.28848751334828 72.39258139749066
16.458313075922348 31.443636623781856
4.740764055962732 12.887236940559088
87.83665224155597 94.1494788118845
92.53378728563271 46.212029674105246
96.50130967797068 70.7846798154798
1.8071211779366547 48.75059768648215
34.87817717464887 26.231350373026665
23.486652917474704 87.52260598954224
32.403591190230216 29.20654256880232
88.16319771559698 72.86309751163986
52.76236355107711 92.07869383632818
12.571918995845287 7.888429682893405
3.544925666344989 33.160267553118786
77.00824984949082 44.76617459940334
49.596953013631406 37.553926998739286
65.85731108458108 3.0188371565368466
20.315973764546456 24.694005665522024
38.13053891217838 58.880475204688366
86.58641696306972 8.132546831585874
79.09842761486041 67.69130906890254
55.87221060991418 50.43056970105715
95.96299098955292 9.786586762307003
58.81652000023111 86.68849510105818
43.64165083705066 27.504217750999015
9.480583696659227 87.37978531556574
86.60180588040218 41.895362730266704
5.68755746066908 44.95893218299274
88.85774748564228 51.65288635690698
34.65763120629634 25.885848237152985
4.208063632689041 22.756302229807922
36.22752516721418 13.416963039841768
59.44858967238545 80.31869836720912
42.421591959501335 74.35462318202
77.43993783630347 41.83528117507971
86.94253269701751 90.91669038339076
64.53462395776874 66.04049181480646
98.49075406934172 51.79617632716842
48.976013666908905 78.14871917840448
32.59343703575246 85.2937724980677
8.987891439784889 5.881220842954127
84.93005409020566 65.30266114443205
66.43469207382023 51.271362457078226
59.64926486205966 47.58514836944213
10.070560241845318 54.87966847953199
73.08307790574973 91.30675857962676
92.912083782925 55.33484709786342
4.899041218859312 45.142384165336345
91.2338062100137 72.53303033151039
75.09045614431912 17.4903068988127
58.512049721757265 82.02344307725113
73.70639001209962 15.775669918042002
33.711231998289904 39.3729708424701
4.41340460471128 90.08893473374651
34.821912451216654 1.4497925603654815
29.877588939336963 52.953819556134974
12.266950940609556 10.412101772414651
82.79213691716058 96.3749103984166
51.028192072039424 76.20698843367322
62.71108515655519 46.95425005802423
39.19252015824838 96.52840502810818
46.577427781384664 74.17368839245361
17.1028100765241 46.10414465143333
3.071348232861859 12.507575199468135
78.48323514430102 34.60752254208417
65.74876854513998 28.824560123655885
99.75138703145441 2.477246840712377
87.68498888052784 84.09191537706833
31.454644763374684 20.84597256865387
73.76393829858917 6.785333826064999
31.520992112101432 88.183100790311
45.56195721674534 40.99723614989057
47.03569761359715 28.727326745148584
74.50119726886979 85.04251041573332
9.618031023422724 92.36970858005027
72.2929572364285 30.76809976451862
5.8710045970856495 34.80160030417308
35.545453211241515 94.70735907104006
14.537236759670424 12.508890048197042
6.154637205510671 64.52859682140665
68.10652521491932 76.13193445049075
30.176362766389776 54.17801875376882
18.708248811361162 13.659911296575334
22.445453933325688 50.91178346223247
10.78217358813185 0.2103708769958912
48.31885850461502 8.943961572163072
78.73893777986241 59.94784686673845
18.40018060207096 58.55271973954152
9.985818968280569 67.40156965574047
3.886165432753863 38.19676934907301
53.370983634360854 22.319297563173112
47.94061955985054 22.139028899060975
56.33026098714316 15.320217567520123
63.45428188363403 12.64981798056687
41.25460921618671 54.628141075928696
13.654670883419184 74.89221820067348
17.100335932177614 89.66571240614772
45.42567216594994 85.79494419541919
54.601229071848444 0.48790994009211275
41.235943245321614 9.073575370394282
20.5848397444373 28.830753571849076
85.47276612171358 32.68607382005104
78.63430402663066 7.052924923985104
86.5223275015901 9.879627686646353
1.1491267565511443 18.35959623637099
67.53774906339235 17.166938974851398
44.59239709891042 55.58051849434469
36.76898980512677 33.051955806282386
44.385748793796076 13.667166411962306
24.831751494016995 19.065089474856634
81.08778229728233 9.812870423769793
73.84102125398651 33.06611854646248
30.585711001479687 74.19814154731702
61.251019003216044 19.79662788770685
64.2109227034388 65.61484411154981
50.79762099418021 17.881505903735317
3.8528125592175 25.407018006543993
10.87140733354931 19.613235743379086
44.11970671939965 50.28859446277806
68.90351269262999 41.90224823262106
1.4699424661162253 63.93007832722057
51.12673291079799 30.25759023131539
89.25305800982714 86.61301600296159
