111
51.349149791980096 29.567146033307157
48.24557044490445 90.55692389203513
35.1782806419939 54.592581495881575
68.3664284399608 55.21498212007435
15.893984302475662 18.570387997029492
95.51150371217261 6.580900859005889
64.8535892257644 45.319717955372276
33.207755700140865 18.79749044485086
59.87267670249029 95.40552963925578
16.334530690257132 33.78812863253289
79.74409641430945 83.2833532693414
94.98766393870216 80.2235790774961
39.146929561557066 96.2152845969476
29.007927092337972 36.101103344694266
33.02157928292336 70.2803506994789
65.39748095414477 17.72240943881934
22.40209978689016 55.29257998965195
46.13770072913105 86.31300484394345
98.39077028867781 89.59359544771081
73.78169532850688 31.656927754990537
77.72050395421773 87.3558488461003
51.16323195001794 77.55871671615988
89.94652356932569 5.420309522371136
62.54113826433021 45.143723428065385
23.727808880690805 59.431512921337756
76.7545555986974 92.16799369100637
91.23158692643204 12.08189513778376
93.93912206177708 91.00795446263916
79.234571831158 57.78066597511581
34.51995882637019 67.57626139986874
37.68083163666533 48.25346569536961
28.812590689825445 71.21107951983129
0.6372269570467548 93.74340457132895
86.29661711777392 80.56602680075149
28.693118035573097 5.063671454992303
38.65165821157124 97.92136873596988
17.178291771296074 48.059998137401635
48.66628684301566 5.97762303371101
2.960810421084248 3.8835901463399436
95.35511443908707 75.26823790400714
85.70884470634313 0.9023622174619494
70.64089605780308 51.824909064096936
81.48083853209741 16.916439198856214
14.85532420183211 19.26708002427102
40.04655172666276 46.696003930040405
82.52368182084399 34.27771806483663
10.69657719701108 65.0251532734662
89.15920062433788 55.95203931032317
78.50577902487143 5.932671042518423
71.08402174978298 50.14956942172044
20.29970342495221 58.69716702246278
26.921970081646375 31.796623526469293
12.098647227440484 97.53584569469939
4.781558458464752 67.75939776394496
86.7810262688395 0.1826479447345264
74.90933471988629 6.180506920869244
86.04072674211787 97.19312807466773
63.6874131303129 10.787913848712893
82.91997043258343 21.028503000596423
50.53593714884721 62.638783823015
48.69669977225991 90.35252190544443
92.41710763305379 16.981813707401905
62.74332087165059 27.449020789590705
71.14509783797085 51.81843667682011
60.898784750841884 10.46960831375009
82.24021356301448 56.33138083473151
18.05725273866371 43.60711518423437
39.66401059867507 50.66688762406862
51.843311205036066 9.36555041571453
82.01340033977861 94.47565628232533
58.679862510844586 56.601631962533304
84.84537750550717 28.509557695241394
59.157343766136265 30.856245966628304
77.91023168230977 88.44676868608332
40.09031254738964 22.644694951614277
6.1016777011135614 44.64294093277007
34.108491339305914 63.061113685514144
7.485692103551589 96.12944849998752
85.99711384607369 49.57781823583617
60.86163100487638 32.04873015209171
27.88903464996002 5.4135924626307785
27.0905111974143 76.56893991711688
70.14901591856841 43.20318329409388
21.62264138060408 66.58849172883937
25.30809743810304 52.9082276115583
9.146182902330724 88.45185112226753
0.9925620574530059 17.941071879078407
80.8367609381072 63.38972889303803
77.33096565918645 37.47660996346003
87.58245506440197 0.03524139247665925
68.64132281829995 87.39838140268728
83.45218864457554 84.87278266154236
60.27621751169351 4.323640141030438
6.972869256273317 75.7130027045118
63.14888960764121 89.02917400245805
43.8015749054276 2.9495477931981484
18.165506885845772 28.845901082498294
79.82897560863582 52.097866183420535
84.8257575306834 18.052694871461107
16.984038472290653 64.534397749329
34.92372261200204 22.3265221723989
99.18648674150984 31.563770104642675
6.420133437888598 87.67143838693316
26.390388869928383 74.80190835336596
97.05211049090828 70.49584214438109
92.93062171475346 80.7810667092431
38.1839391552229 14.215449162758997
66.28703013079672 92.29472451958813
43.52663456836247 66.11422414952102
98.1991713714158 30.023260971362586
42.12454754961467 88.3238881923193
