17
30.119079563751015 25.04463798451354
23.078249607841308 8.414858811033932
7.625436538007668 51.22979097615723
20.86155176949135 48.78336250800276
72.32273124682035 16.478931144178965
40.45155815848456 36.17635138544956
39.891896207548214 94.78594463909207
99.84043327686098 82.32554524675113
9.164451120649952 79.08369250359482
16.191862576714342 13.830544289677583
89.78350536716474 38.237274634933335
99.73048857922768 41.70436334219947
30.522747581659736 5.604620103388003
5.851565657594026 49.742154616021985
8.155836073379053 18.85816647202635
17.89565424316293 17.10875118547589
37.55086448559707 22.170660117619068
