103
46.06732689851363 2.461634798964507
29.084058136084856 80.3997709734318
14.095834353249126 29.247751533726706
98.146370506008 93.09408622128637
66.7276161248127 40.47524185085914
70.26883215485597 23.435118693081016
97.16677545820222 25.500207832093334
83.00392213090046 28.52948838067685
27.990894596992554 53.69231062363154
17.97068316227418 15.529454412192411
77.4220187106259 80.12283875280171
7.568783269475388 58.55294795583298
0.0707686786679873 63.40991684053569
30.194389651305343 83.28724914583118
85.35428899615664 4.539527667709087
72.20371322200513 93.13922224216348
40.13857249289233 63.54531364911893
52.922264590881106 69.12233217310975
49.33071500187759 41.92414873297157
95.34924728735965 94.53480587337172
68.66521013534235 34.918078030746436
87.29215269659319 49.89325956774218
32.647811483620856 39.0962535840552
9.008888081095733 14.6070804097576
75.40292361283142 53.26483396336058
73.86698620776198 31.10557900462161
25.65376977776762 8.8484628060713
39.93137989564455 90.74365632958336
83.11528234982256 66.66100543316617
12.081410100675537 51.924849639630466
61.656155117489476 42.75011083286239
8.30868198465019 89.6659853079036
5.0941019449450735 84.14079419658951
61.83204659825803 27.18471032274621
24.383926203655506 71.88337091599631
63.69703762845962 79.69991791396558
43.2388958793271 33.827016792412664
93.01355605610992 59.35326207589884
12.895289551969736 71.0146529930298
70.65088951219339 99.60422771476304
37.19060581741769 16.984733322868074
7.301194679945732 57.0856434843846
28.151725996527976 3.549943110690057
69.69147767207757 72.14370872599054
46.96542826342417 43.211530563392294
89.1497441189017 98.2328168688929
25.189037468691144 64.55877089386813
30.70429006466451 17.17568050985757
40.460626250073176 84.80018331102305
27.43287940020479 69.94447786107253
91.11696906064222 13.988350133679294
58.93227712574489 30.661561755526044
37.70255599939446 3.6168312518000456
72.09614645852298 7.250252465452423
16.25776231737326 61.506218187645075
93.70118874372837 33.94246830668584
86.48694723503677 5.500653539339173
11.012660393518225 56.98929113004818
59.53466584631399 34.03960806648973
84.16746259080887 98.34102556687422
55.53277465877569 49.7253399849111
50.09236151515282 9.99404329238266
25.043451082564104 64.64183372357472
93.04224340523555 91.70060043713356
21.45893631508544 84.33969940980398
67.12654364215277 26.015004374581018
93.90554787736585 10.853922964175878
90.47788065763422 1.2513324600566866
59.22140392931734 54.23341280570316
49.26711743231324 62.89546834854532
68.78680692308349 97.19692842159947
29.75931723245171 98.83392861305083
45.10289004029564 94.56755497379189
67.12655567165994 14.370083297415903
99.27657907413452 80.9590416314397
40.68044013666594 33.02506578328074
93.20416121045963 20.706318082690945
23.75704918623741 84.98509499449632
67.37424785945646 3.579366048792354
66.06741301229903 55.223934716724074
98.23994945316112 36.363849430887306
9.954723651793884 52.364032621846114
98.08538436123506 92.62495087270308
46.47283834317433 91.06859051002452
53.68851400370629 85.66284486843934
13.5156271955995 87.00770645248062
85.4552654044455 16.98478827281853
34.34250250651627 9.497628610327824
51.34105440602039 28.824851536719486
21.20901029685959 23.93725450952171
9.431380388373778 68.98169826414626
14.891493410504097 60.516330710540565
14.080966859842492 76.396156514072
1.7081747055581076 48.8083778865312
0.6421080646089372 72.15686950210274
83.76745972342036 10.438128645517807
49.02433711439045 86.91598061950178
4.674788976143729 49.0367651120895
15.015569936309392 26.423203877909152
66.46380799015884 26.609651840510963
10.407688291581286 38.28200104698332
69.94206494793006 97.51921155634038
86.752900404973 11.046669590470481
