117
14.457791529247777 62.926253298217446
2.0837084836719755 59.82140875884999
72.90326915563095 38.255218988661625
23.764933337776718 50.544338260132136
82.85357681678008 55.40294937489777
46.76880175668232 17.407303088553427
66.78617973635362 65.97687521445194
3.603289279729438 30.04118149333006
81.55227678174174 34.88222661285899
61.685595178147054 16.48383898174528
46.73866264979544 10.921440240429202
92.94962958275583 30.266980039695866
4.565797428973173 72.14222963215066
20.09911760284997 4.466016516016669
51.79074207601232 1.4545154859676113
27.389262210249253 72.03692878659804
49.78674071344206 70.83298330186007
85.65911276462796 54.15466343560382
92.10649040136609 74.76904809803399
78.0365800684643 60.073380418572256
48.67305759591554 2.6233895727583723
21.3245608284613 44.39413292832632
21.433470344543903 12.31422370805807
35.05823036479426 1.4932932228802098
61.095704059251545 88.2591775330176
2.929820968460506 9.204558343574476
0.37605329566976486 6.637875198759691
43.98576241602746 90.9149734855541
10.643224479142477 81.97265944810697
52.81153431226488 18.000388447437576
71.2741441892809 69.15759912266606
59.70707393372876 2.980409447469956
66.60207351563325 71.77522069815507
59.089519177190475 84.86540473912831
18.487653482790744 73.31006366426959
52.57281736021378 48.517161001552665
15.647632825780889 19.792477738591753
75.8495724815109 28.356503614343087
17.54380927314303 36.3774621963553
95.38770696990626 68.90955414716511
21.30906385894883 82.03181223552005
2.5395205838074086 58.32059481356768
90.5224735129577 29.79847537964837
98.27802133454423 51.153235407668895
0.382726008262102 29.86346802055736
58.117563466467224 68.64577853983678
12.326335005430877 51.57494354878812
60.88049151184048 56.534865775961485
44.19823315973913 5.464522002620864
63.82822946830829 84.41038992498852
9.136536570006658 12.751319547338625
61.47161116642385 4.258916651650146
21.028133745643952 80.26688775200536
62.91981473181827 43.12388013096903
30.296287592267092 12.194960256021592
41.134996887287365 32.46504632927412
17.1060635927338 86.2540513634927
4.631203731248579 82.01913654056948
45.932991880675935 76.68698918962342
57.70200858523934 25.189290226422667
99.22216917750146 27.574354804977407
99.94664452375929 6.749762310542129
62.01453540187879 74.02708744439846
35.002149788884076 9.805355161367102
64.93919617835687 67.45814438307723
85.09308981226752 18.122825331050908
44.536231257431055 10.613437285572314
41.41832421740417 20.025322668273702
79.6383405586801 92.60513615832113
96.28095572812822 22.48436914142338
27.901843051476593 33.133924315518335
35.036532749809666 41.10070525413882
68.32256239291486 27.697113856995415
72.76225341425686 68.48047677934433
91.00580348860123 15.72448185106926
48.67607524566358 92.6165946689747
89.83742765595662 79.11935271340474
49.067063519351585 1.5907677585553004
1.3076180913978663 26.56719723843074
62.23046472415673 33.79437107990064
55.01241638397259 86.29246872957775
8.982047181616682 8.987044613152994
16.66691474001193 9.100913979096303
64.87120810923781 88.6209163190419
32.16823201608202 27.883158668229957
83.8165599149963 26.48394962912255
29.97664996145376 76.32798140554415
15.819454600259109 85.41497459110448
12.713406185068244 27.95828258221087
94.75377312321774 79.13794118745724
5.597337394041713 96.93259721060431
83.43921024440476 42.585262565952966
25.262923114429924 30.662366718234413
57.64588340496142 43.58089493411853
46.36913707224662 83.64144570936526
18.546364461802266 56.83736761061103
1.8833085779956904 4.275035931779103
11.193715925294201 39.82284278477187
6.490677139820811 24.9171368776786
32.41554841809534 66.82963387556192
98.93746792860281 19.58561852035703
39.42888283566959 50.92526611198258
40.76968290217419 28.55943524001131
56.79130817824496 70.84719770697377
55.10488177974013 54.818778030567685
87.41233379479158 84.5389564118745
34.70556382654166 26.88377356424264
8.515363822080468 83.19748674173023
36.58684713755015 4.875757546998461
79.05579995396518 57.23018430936051
18.527641161827624 44.01068117844705
5.56593844654345 61.72086548990635
86.39962479423318 30.966108492622567
31.16718978384323 56.21319045797873
50.53930330707333 71.91272251270169
61.77176606771951 55.735480533139494
67.45081197382406 89.35461514275302
