149
81.94551872809632 89.08375314254077
9.247305796782623 3.006906724802161
4.302575609423709 99.61896350826987
86.71379233503708 15.433618195556765
52.16266409730027 16.759077800629928
97.41335761366342 29.219857731591436
8.3739420360324 52.869913102647416
9.04245611531983 83.20444332160423
13.018747047953493 87.41847968131617
76.98094284048284 8.215715248617872
67.5559355161348 46.78414770378333
43.63402292336931 91.45799348766636
67.0922352635703 35.886997350851004
65.46922099702553 31.014878352328758
59.70479894755194 56.90855750214572
55.98600748067596 75.01596918149934
46.639888861726895 84.89303816443481
9.370507167741614 17.16216736874535
8.472876832192544 48.23133506583874
63.37783556557399 88.87563590802048
71.04630121037985 53.298467088350485
45.04417636851018 51.57041465665987
97.16760184258469 70.8276024915794
76.58202436859742 20.777981676740577
45.69310774177813 76.66559295015773
64.02430873083918 52.87841738700393
89.1506288745512 44.52590930607813
74.56926550527602 51.91144339782653
57.248538816838455 62.75776058534138
97.39809660360874 85.2418852980417
70.78353957867208 38.933566196332634
77.93269425608823 3.8363899511349553
62.89867795325227 29.012245506975386
43.32090623479664 47.489588243345636
62.68885267158021 11.439849124407054
33.05933569221593 7.861109725427484
98.29130830151203 84.60976470999258
35.60518110865218 76.35199230601195
69.68743309057305 36.31974195946308
97.50347622238571 38.01248880818999
59.24108284531406 42.397257192997394
67.46599524805139 10.876727613230974
46.380635237712994 83.15159915234226
28.806944171429283 26.30653235354461
46.199659142618664 62.07900360137361
8.387592526316023 99.36518753251706
50.3119134698058 10.413207193424723
75.99597750135004 9.551683557552348
99.18773858294205 85.19478384806672
52.314858232764486 44.22893260624111
31.81815032994445 13.819576463760185
50.70112257887379 3.1315092802976174
45.01091837327588 73.13495390851342
18.956542612697458 11.498974267342332
26.086157700264323 31.38932393905356
54.452315470277966 74.60680235944722
29.314028183189166 29.939520394293307
34.9100902403109 96.7995533888643
22.849010244853783 53.423434293760394
81.51298655973665 35.82746510051811
51.68616936502225 13.029386632556395
65.77480890940129 97.44394465480516
43.567900403817795 25.92824030773623
13.696083799198 71.79289582840944
60.442128613795965 98.97812292467533
19.884479870214676 39.0751414604514
46.386158755046544 8.103290338068348
48.43535832445865 91.16327059718674
45.70744235734089 75.68417369490756
98.04347439213423 4.085541563061412
91.38425952683924 30.911917211618057
50.884782417950134 86.54124672730279
92.72963213641712 81.14465281984086
56.7122074388918 90.81895897420273
43.458831761562166 90.79657023466375
81.30623457354204 52.01444279114824
44.500498960803604 31.0377791363322
4.699354479644935 21.038508067185802
34.24249275878425 80.01834851824641
86.80863834552794 7.080681968624947
58.7551869064233 74.11290499041084
4.61663426828216 17.79786166110082
63.2242372503513 87.17199095003404
86.23697854545492 15.741883756140606
83.23576520973411 45.179669924719015
63.52602780045924 24.675557028589967
10.496127244025965 76.5803522425777
55.20325088250713 39.11215766006588
33.902706064232746 7.0975044669616345
89.08372543186255 8.343187473144964
11.724730273463491 36.168104135803524
2.845031459052816 85.26683578082319
40.52422214961678 51.05093759031616
19.589826645081487 84.15718116512856
16.152876480558533 35.27845977604231
32.59240595683397 8.796590761953205
23.00699836027299 1.4279635891891074
31.024990370476292 76.58066465424236
79.39178111365925 34.547434506635135
78.50673747238488 92.27242656262592
25.319813523064504 82.15851812066727
49.72446034913931 16.11486472302931
34.30281014049934 64.11142504475448
23.60083607303197 20.46021678157892
20.390604708347272 88.05742595180797
8.4418104609857 20.275247083546898
70.16122431232426 50.438394138287265
13.959018080388141 37.61718270803397
44.33807857187052 5.760215767134169
93.37609781495686 18.415794488606853
30.752382533668698 42.607471304523024
0.32047875050496 66.06915343450726
59.49062149580931 36.31331576760767
91.42359926905561 93.83982926565764
82.74777647362757 95.60820285578995
59.77878608742241 26.428131921229625
50.84079697808364 15.980452479091046
82.19765977155929 92.68555771047579
88.1827128244448 26.61339080847337
66.0183113982833 7.693313312957861
82.86237313708307 48.77350632359666
28.596066032882828 89.74310212977336
46.244388162352365 83.38327162067081
0.7142362618492659 11.853145442329872
67.28610104154386 14.479158879119291
96.32549385506053 12.482299043221678
11.785571458522181 98.44776734820461
47.08477106144942 44.81175350486977
19.41758673812888 4.392431024230037
69.69324950875651 91.74975270114236
27.044860244845747 32.11039857461634
15.061173155470275 43.13140725279335
67.56326270439222 37.55005228235749
6.827522462156788 53.359953260588625
24.03940836930545 34.683208822841
2.4203453918632767 22.929792424406703
63.302151485692725 16.182120136421485
30.869306060866563 61.68050605839992
79.01331878861862 87.47111439808194
38.73537273851767 54.20911206683149
69.26236112698376 47.49405545286018
92.85395175379871 9.851380421694921
90.78737405318945 10.283807163778302
21.328148794160086 78.75153791397949
46.51467189966449 12.15383833542395
27.11993017636597 27.449051493389486
87.70413690348171 40.28180617536242
7.9370581296791425 48.710816365146655
81.88727235167906 4.99092927612902
