140
99.45664649248872 98.27473491971216
8.30368256369911 36.551982033729836
99.57745612279258 21.975272448462935
7.338786482112125 64.1180564547132
39.33867389857453 76.78579419097676
29.2645225240315 52.10188560525283
69.63754125930708 35.85090158164213
56.61674287007386 27.655190729175004
42.49727083918909 84.28863403186463
88.62684840292323 96.83155474011734
14.078694315492701 70.30665221613664
24.98456839371943 61.065877893001094
72.40590683095198 14.859801559233842
16.249401771197782 45.78697653933468
86.05042267133108 42.5503593052579
5.587177455168302 5.056534674592239
34.616568920261756 38.977076051969185
47.64361367424041 39.313146211868975
73.387304212856 68.32637020455925
64.5629528088961 24.374939434490482
18.61421787741062 37.4451249226221
56.83011102069574 38.12380930441689
1.4621676026461805 61.757957414163215
1.4179669142047602 62.63848154231142
48.841834823415994 98.4858628140035
34.315906137677345 96.00754301962428
99.00397327347117 70.92675588984694
96.94652974722801 32.75695162531784
29.40789144588829 11.813675643627642
57.87367560005744 98.4769073616339
69.90413218400772 84.92153584919191
74.77470878352936 86.615177477629
38.5238400414308 36.25305088708038
89.54264452232805 89.5072269489817
80.43745328625043 10.623270420225639
13.72971447255653 94.5143401229797
22.86693942597133 4.656143542895785
96.86042562952434 24.778551009025684
89.63338651221406 26.115260722855894
65.31160366683613 57.660231216401826
70.9446970628672 31.034122155751874
27.900617762418044 65.70604650080949
94.38554336896425 28.86520857292161
3.142079090406613 97.24606052745214
85.97047842910878 30.18943420304354
8.489926915927281 43.98376878339987
57.4614496760798 42.096706334612875
95.09223317671037 84.60573343494534
27.340412849731642 8.633575935638671
0.09235731078456322 24.472812931937014
35.06481611293789 72.11078896935915
48.533355780910625 0.9890007192405181
44.03243951244726 8.977835306257354
69.18601331459573 7.244104858050015
84.49822389538703 36.13801699344752
22.624920437783803 81.61508348244195
12.0774405150195 91.56013231464965
66.05306331448875 77.11897653721707
47.41520192995979 87.21599540100297
66.2425237012439 94.54604593568399
20.65981632605419 84.85596837290342
59.314931233275416 78.51180878027844
85.10652121493231 0.7231319965495753
84.41610512201376 27.7396870519369
81.45531936241939 1.6185636514426394
84.95259718333502 21.05087385575747
9.060405380003889 17.595570206504473
36.32241024182551 30.070787461122052
55.90194225443076 80.52431772968673
88.00951771886369 99.23795111434829
76.48476276071764 43.99760999647351
5.397195065380389 88.49879486705092
93.46649170244012 24.026615943881
34.41578825624221 41.51970609063782
24.55103634464222 99.03215729326133
24.37829994913291 91.86581072865563
10.281041879071484 20.222751471542256
97.06573367113775 59.77048080312429
71.1660493335542 5.320892659352328
8.186126385405668 49.877501059971166
16.287567954083492 8.52789822432971
93.63843193642745 74.83524610929135
75.72613283127635 15.100972976017424
12.283097553090949 55.63602030645216
77.54155710843084 66.4548745324728
34.06703075957886 30.24645622268851
49.63203630979982 94.90634516664149
66.86144519230346 61.22329231540936
63.06780990651239 41.78987867314472
61.56075060025267 20.13258659133309
93.68239400374667 71.67804327880509
68.07111161817491 23.816125156595934
30.867910521269604 33.86636161363546
9.413186619832581 17.36516666085084
37.33766276228982 98.56681083967612
99.5974308362925 91.22862194535001
43.80107210839393 91.47023048208007
43.146364135365175 22.53200799146403
40.0012306676932 51.349751634673034
56.86133662302755 40.96883800345799
74.81972551070115 41.475746384701665
79.16945826853285 78.80284967493782
81.59302368436586 50.90208896154527
15.367068539583128 20.326138249057013
64.91622057127073 23.125412382608346
50.97612277814542 31.963855986789113
61.52423366053632 91.47157736536506
34.07257354646786 63.09403076628457
82.33785814804823 64.03085811433921
14.193375205556647 57.872125627848014
32.338785868710985 71.13708381692892
49.72412945473581 73.32880805621065
55.76396272159704 35.11859656238845
63.77668667349815 67.27740896516136
3.828566961605262 11.850132186551576
61.91471730474959 90.30865453553102
56.48360415525355 26.12892671697937
23.503816688584457 27.233997226714802
5.898273214686367 96.17452537905429
34.78390681733645 99.30642396469
13.932239872186724 80.20901457197346
28.43771133133299 23.06896005700154
77.26961308695903 8.384348914147544
24.175113719441622 23.553839643015696
2.3935760836398146 63.0527313783908
55.307777248656485 32.25213545901799
66.0205126091639 16.172759659531287
31.04532703241357 8.543174038589319
65.45910443676543 35.35534122271088
79.50034363809279 12.47525657325631
86.7952410914151 44.26676150343288
10.36595540331412 13.391645878025615
16.96907856716883 40.70396441229818
92.92009831998017 67.45047585454893
31.075847048891237 31.360667315647195
97.3805511727027 3.575386802528435
74.6396303875978 22.54556150269519
73.5449043140638 54.47633538577137
23.790329638049247 11.538690764423098
72.86076343809292 94.67938790298443
