177
49.53333410678221 41.3577226654497
86.10526433734555 97.31771642479053
84.03837282679153 86.14761339707206
77.09518946015552 81.59202643560654
28.90658042484714 10.311544781147086
45.1623788889528 57.226581175174964
16.842101873187755 93.03121464544185
80.66850012528965 77.38769857555252
43.91879618708475 15.962609022315455
95.22567267969413 22.170696018561376
63.44160156968094 50.14234109986866
91.19307780442479 37.36501304018177
87.9590841896346 34.241735035619136
89.70890905568935 13.404832665231215
93.4314963128066 13.20639313106442
36.64196624341044 2.1136447308260253
31.918972158157246 48.73201946531859
67.72441757198996 58.742367303554644
2.4075100430023144 27.70883688388097
6.071516490877082 36.665119807551385
17.783719201562942 48.28541149362026
92.43501021474572 85.75669038919865
69.71055560023973 90.23442816207262
95.10702794951243 58.913774395514466
43.249925249049696 94.64919254441203
37.925853762164685 60.00920661289557
68.48655992649476 42.05921493469944
41.91171727305535 27.122933013082463
59.25574895001977 46.80862231752965
10.024621998133687 17.571624566512668
17.363114794595404 64.5661028262542
18.031675367966372 68.5842857522092
52.34891328288693 93.73207150696537
72.01786872321078 98.52253174470638
42.36009602947253 52.362854820715945
10.515877230416393 49.957034597100915
59.102679763057154 90.95449412267781
44.85110224003416 53.66251498203777
10.44731632123952 49.63097581289164
94.0274030447886 96.35406794781677
44.69501330753918 74.33593887011301
15.834440389284499 82.76050503345236
43.575983620625344 42.49657315919957
18.17971877738579 95.97215310318076
20.20429228950532 63.08633215648941
79.6036746137226 81.04185924486924
87.21643329064285 4.633476064136466
69.33849321575981 68.53111669023131
56.0580169902335 59.564118653267705
86.36110176230925 93.23599409275894
69.67206584558203 76.50247959130223
94.43214618909238 41.82526997008006
69.3319777646701 6.069636000460433
50.250526053404556 63.90804462460908
88.60997740144676 60.81528315160799
11.65702680047791 10.670875269581481
24.423836085069773 46.32497763696976
83.74246542313743 8.450798053320764
37.36649888721241 90.96039961517265
64.26732438396985 18.85698803744691
92.58056648406259 97.90070227114238
54.92333834601778 96.96964059177863
4.758334710831957 95.03258979720056
72.20390710339524 98.66067435780084
81.98045151971122 43.20612761713317
16.483907647999775 36.68302876999719
65.99030712856495 34.04486636793802
60.91934054635302 68.11123136473441
43.62896821410291 35.88244217492967
29.486218968100687 52.23302006412124
77.39580750714259 54.86005259604345
92.63306105385331 68.3132266216479
50.231994090158906 38.59760533806197
62.11131804852601 1.1646495189683304
16.623700141993115 31.584002173628633
33.45673463404849 40.257230350462116
45.531796662035184 3.46420248514292
54.41083231974769 82.54671454030755
65.50494185674964 20.814370598047038
9.927367217368499 72.46182598607912
48.34914791345546 94.45571412659747
19.239401887988727 36.57343520872038
63.18908944752214 96.4846723046025
21.859229166117245 47.274158067515735
87.38342283869851 32.88501458599956
40.8451207410959 60.79867872145003
72.06483784953936 8.012468795801642
83.43297772744684 70.94048411328579
63.62495185030711 58.28400647587044
6.367807125069724 92.88568015639993
71.00103474690893 75.20391105532705
19.161652781839944 93.10058397362097
68.21978713300746 8.494551323378941
70.68553635483623 22.58379386151188
16.344888608742192 88.9098008249541
68.03383135706616 84.09798409645303
78.82428252895734 13.490921940935529
47.65453656846474 43.40396908470221
30.076158132407393 49.64621768595651
50.013923692479935 70.36747705765367
8.155934017258426 23.82889864058001
16.650497527010224 77.0626095672724
0.31823289396123444 20.80560612419935
0.6653198749202449 26.621489727092985
74.60599565845291 14.104129274991372
50.73811553237056 94.62923094530495
54.62694517986816 83.99804381297851
28.419649192969267 16.005308006423913
85.01681875263229 35.49630251388757
93.78244764870864 30.58407844683566
53.70875465295665 19.284482584536867
55.86406107670563 25.432611379332528
25.10071251978697 78.37927650960717
79.35588799447584 71.77256307135097
84.70593095839965 70.48499532459985
68.69672212062957 67.18924148112181
82.28145103211624 99.65831570368503
75.18709178436903 80.806951210657
42.64374961721862 83.36781432501056
76.51691957367156 26.329259998523302
19.925407239834282 83.71434447691242
38.94263233599887 67.02135016830906
96.01454829754059 95.48456482712822
39.003334940169765 79.43690118126977
62.272722040408176 6.183817831610716
12.63292000245636 26.971126321978566
90.62885929983176 96.81791634721726
76.22327717872437 96.88610399255434
85.14868716510539 21.504509738412203
33.50218156642365 28.690725052128773
75.14099533996155 69.79898663238411
55.13779922564872 87.08728063176262
99.30733298376227 63.52135462228915
46.03957225264465 89.99633905830356
53.06118126946123 64.31658894519852
95.77904752679949 53.4743353578175
53.76825265826828 41.8039424473542
97.98086730221333 45.0448947170875
69.98616981860131 74.43701318078112
77.68144983818654 20.178432669154244
90.72061426141485 44.8130352319622
35.896566949978784 67.3392649553146
24.658966181630714 14.154223160594647
69.93520505140566 88.52314006614424
7.221082838293846 64.08509305800905
46.45382817089379 17.23303339931136
44.38852098162289 28.705332971054677
78.97265489292724 25.53691422868657
50.68341465757891 88.12190363829549
62.35427704978951 21.65128444207296
26.512651762395013 72.17061410697643
75.12284915403848 92.26414241077634
4.917454439411717 70.63179750928681
34.79752272980855 79.4340048295903
35.00744992795581 91.35797358815528
84.12600319966057 74.50187308666601
6.044494829494617 91.04360367849219
28.755521866118073 76.0199136800961
13.396686072270537 2.7570585747838106
50.91889919147155 15.398496254346018
48.40555480867267 44.59253411727562
85.99967168695429 40.56735002255885
58.01430539109268 79.508321811573
47.62014408781382 4.776474054971813
74.22753305662762 3.915332995827181
41.54310074507615 98.04789348035969
96.96516495409007 46.205584487122245
44.91572489922624 0.986240161864016
29.832559936607296 0.6014306494897315
77.22542084645058 40.71724702064099
15.5356008790129 69.54781991942995
9.135504381972371 50.08191908835814
88.72042547636903 13.095031956629766
78.25511658629026 53.80698648047333
23.143993911216754 60.583634483222106
17.314417017644836 95.06773470034061
16.906139483437656 55.51838630056803
