21
57.69845879361357 0.924527395413588
58.524500197815 41.23648010536161
5.768083114013455 71.36579166909185
85.68199649746298 20.855484030429693
96.33702363200395 88.73642927757986
21.755122672084404 9.944723802607413
14.399658098732193 65.50990620198039
77.30778287138078 48.93195122301061
82.72136896472342 52.18485957612786
45.768500040847805 12.728330358118011
51.042401255650475 15.109650747083059
59.39854297484657 17.368888007734018
28.721368353105092 70.35606939244174
72.11623281582912 4.765451865574044
40.359012475435186 23.61030468778371
16.54662934498775 61.950158852697314
68.47221560446702 38.29720787823392
78.21095060514928 2.890024899055621
3.613567762444425 50.6136975640625
21.25162041107297 33.371123179989645
17.36540214167499 36.41511415686307
