199
42.75851455772703 80.63752427428177
23.06639081517702 88.37049179747576
43.70095171264698 35.72079997157584
47.17913573395964 49.93537480733865
92.41393234003043 10.35077046223446
38.280765645785074 13.505109013299421
27.064100042131535 70.34924469683845
9.01031588060709 66.31803541618851
52.84724310770179 43.78154566016039
27.653040984116185 34.40634117171917
43.63616502436424 31.712863940317227
76.36672504531302 84.08512634886333
64.85042054170277 39.34392801870465
68.04570458786729 49.091217695758914
32.87670777811863 93.59066089969862
16.44991772404225 6.617258404873006
98.53743012123797 8.628135323393904
84.9459629714885 94.95474609361469
8.77591602610509 68.34644399007065
52.875794647706066 59.330036284249445
69.83342416759535 99.38055416101601
27.123452895366505 93.685169131247
86.28144872473884 43.36847080424108
82.12532086615332 0.4433026165220455
95.62156794915592 27.442567058183254
95.47421727578022 26.730593382362734
76.70314220571154 50.20090499620085
78.02242181710123 1.8256665977172792
68.09709301417523 81.13609066072094
91.25600974100924 67.33068474847079
51.298312502057875 80.51479617130552
77.53449926952868 83.35040629247584
41.57210697114834 23.903364622332614
91.21597623414797 7.506353148308809
69.6755567041189 15.149629565747391
10.157917248703086 33.14185849471748
48.31687700064793 2.369067797862767
18.051965032226626 68.92101566377154
76.92663749954136 3.8314927765633278
21.572416742894607 94.10892482197353
28.877139591678024 76.12758844402859
79.58163877120789 68.30296959428621
24.06012045916882 53.38391955452151
42.7723678342269 86.04411163581142
46.67131654086069 37.85661857667043
22.720660278618045 22.112509005939273
91.68343985086241 76.56562261806724
63.28340321810011 31.02295953194072
58.403063960569334 0.7584671949185218
34.17986511227852 25.04971062179878
97.11674759415284 2.7523948456689373
8.565692826176274 49.232173921743005
63.38840428787756 70.68989534574582
17.751125124722943 54.96115727140509
79.16412150139055 29.837170991264916
38.150211953008515 7.85982015439155
65.46700184320459 34.09597968146638
89.07346151028803 6.947757185704084
44.08983837153278 13.032662780905657
92.2086696576464 88.78846686110379
70.27728396838849 40.65174971875432
1.1194789815038964 41.82834080419781
3.4316494210394843 92.89900381456964
38.98389653971223 22.256308793415148
10.108697322612892 25.133822884144518
53.039659861487145 1.730897062415182
78.65934504186576 70.8806138181489
87.13212915408161 57.711870575779976
40.180080301872245 16.1680500419064
54.235126115041744 83.41503917412393
2.6024336929279634 69.3448905597186
32.26177413542085 13.594240986679985
1.2440509747895234 94.12071851996018
97.24964646058237 61.415391750880566
60.25302983058123 12.276200976147267
33.84521596970137 16.565687213376158
6.398248372377036 83.99421115571609
4.060004885413138 82.05908757648061
54.10285330875827 42.217914631353715
56.05672112483438 43.887259109242635
29.97516375937326 61.69119294677948
78.41532656769333 91.89781587816456
46.26032851569527 49.63756916300325
33.21522990314397 47.667660598431496
94.87126723106299 95.18557919706706
61.624991658477924 95.2601427119565
52.92770643373261 72.3867064418573
94.69757310222013 20.597691080775824
8.430761032156797 62.8386778032532
73.4602125353802 89.36988313942567
3.363423315798808 14.322339569884202
93.95098049912444 81.10915544947036
87.07831146395154 59.816220685729995
84.25758371167734 9.985735951022711
73.72432689317748 1.7989782684241895
70.04895810984453 55.32764400394484
54.84413356962081 15.919154725398887
5.363813915679227 70.31763850531323
33.10038701904227 52.303981579351834
88.39950238318399 5.447629098854301
63.1494275967559 47.85203501404284
21.74271305557277 50.56376646171301
60.68148497615237 56.14624448331201
46.27454187388591 1.466574268091514
38.14503093256529 52.64653538352032
6.903286075257498 30.058318374871394
93.00507464536747 47.540549916798625
90.30236708750677 41.87119152646481
0.10591163739527287 68.92998574455063
89.24818153054355 86.60332813651168
64.45461491321787 70.67896972606759
8.892669314402857 19.152822925293435
93.75051019609697 34.934494903841916
20.324183335116285 7.692035178499879
14.99431234909835 86.36549799194663
41.5773626170701 43.646498095018856
77.9713971972739 41.47987170036196
35.459038974773385 88.95009976808886
53.03232890044514 30.961964713483027
98.16020002793107 90.50974489442719
77.99466191734588 13.404811460018207
36.835752009585946 64.18231408295327
6.504460963270975 1.4172903470547893
85.53387231365517 14.039662248330176
0.7734284726736873 82.59959277341522
86.15176434550158 67.19135153506069
97.75867296566919 88.51837239608027
77.59261967473562 82.31969206432758
83.94048285111165 82.98318440367893
85.00434625580012 49.778917550780186
20.046419273844872 4.3906689294231915
60.219430894324525 63.59727446378752
54.7585273095763 81.71984941772507
8.145835685946345 90.8433637410749
65.55982798228017 92.48613778088458
55.17034470848372 82.3179678332016
31.35326002989943 94.47286943964637
2.126367382940575 72.2567567089727
10.86658343720972 89.8150484400397
53.9241637249543 23.3486096242834
81.64701423542286 60.03939214016455
46.64577524384931 85.00718202600272
47.64405457790739 56.92585932172584
32.35436082635893 50.59386378934357
44.759547685153734 58.99065290331911
1.9668758213106652 65.51473439417435
53.469282401024145 64.39886102976028
67.80225159053983 83.5119931952941
43.74706086839094 56.83604916088384
36.53786787740761 45.238442915728726
9.620220989234184 37.24487065319877
30.225050837315425 9.865175133759019
77.03275397503444 33.426721717152816
91.70067003195554 96.49556142484221
29.904543087472558 10.782730985800114
57.095391036441946 32.986535934933
52.04894446185707 34.14380545800621
99.44647049238084 78.83394036122411
2.4166610171936442 87.5776973932619
35.39525876177419 36.01907032855608
48.98120663211731 97.57059668997144
1.104518495597706 0.12391363859630689
8.570240115099226 43.70196546429768
18.423169508923166 15.86445096506699
78.97714724187165 78.5700997358785
17.33287394750499 10.168915420706192
58.438607942192114 46.554651835753766
38.28153969044528 26.545771925817817
61.66443042507061 26.042546223472662
77.64522165163682 59.971070872600365
6.238701582778172 23.193757705005346
2.9743787008161826 20.687852150494557
92.60155654924478 3.7983398827335813
15.253751259570958 42.79411948611552
87.84874730227055 98.88839377716158
78.42780133350718 12.421442300006236
62.89096702807693 83.62823380202781
25.365588197743726 3.2424071524824516
44.88735252177807 65.87411194556171
40.504489984481005 5.496680922925135
69.286809237975 84.64259454133253
81.65850816809927 42.31598230917043
46.64775477488688 10.249731485295587
56.394006044977715 64.62640729586849
15.913949875681732 90.87774706750386
68.28026168294005 14.744405712590257
12.288576561231379 87.28801742137999
41.32541893519613 99.94777321804823
98.27775887902648 94.90484410334251
90.840993039572 74.34495805158609
15.500837556050984 68.2609066762058
74.67879429850014 20.5738671678535
66.13914040380816 24.657371708837427
55.1121069199199 2.1270770098941294
10.409728916217597 84.62597976901888
36.94557119418971 51.01648601280323
49.82587282446046 45.13158088022637
95.19511147378238 81.43178965087053
24.985381733744173 23.780690163098505
