147
14.625686292963792 66.14146020804029
41.96117435257503 80.09017259295366
87.9365491993203 25.662754278692436
86.62154519326445 65.64035261750523
89.24564481947772 15.52736736432676
83.26099238801562 70.59040954313691
10.68349181967716 4.300696547487681
48.75064322839277 87.47044169501602
43.47867472667685 45.6398441605141
33.505486089385684 1.7932126615890387
13.659108995155556 86.16515601208022
21.177619372564948 9.843997778681047
77.9643042308019 23.603885616787156
97.79845127269792 13.341369588669561
52.96737870072143 74.51114643275322
97.94411038453407 51.936083476729635
50.199317971107085 30.39492719839194
19.890060180834602 32.70842566548219
84.75314988793508 44.12476247365893
19.68884618775837 61.568289221457874
42.51823155059671 86.46094445337226
27.245923802989868 55.76180898881028
59.856354316349616 93.5311228698927
59.24220417649071 85.76778017552911
19.872561296314462 64.85015228188048
69.5821332707117 24.419503597176128
18.644206135454 12.038138412994858
66.59505736340991 98.22261301016015
2.065062542104845 6.8676912093855735
47.65395958469581 27.496664953760195
94.93940298424361 37.22920767460452
55.77164837507911 71.32917902316855
6.904182983694962 36.365175458621536
32.530336763979676 76.31216869348361
59.91018024134507 43.53513378021561
32.68444354837893 80.77736903479537
5.683000657761794 22.66107033606446
46.63769421087357 33.43268927885198
24.64839191185152 52.89623265650191
66.57279492806893 90.84829602032352
52.0853824625895 41.53365930008255
6.499589795492322 25.34743289903053
95.11833745918389 50.351404975569224
99.34025069217931 13.349958458484611
73.4423931419795 28.44765038061451
95.14625749664141 13.57192119869055
20.156973087877827 28.130197593253314
21.816792204668733 0.04082800141800291
22.234090593314125 13.870027998802914
80.43759958716896 3.51451915497184
70.3767576766102 63.46869642059868
55.18416997348267 85.30591905098946
86.20098488478364 82.892129366809
63.154850173906695 67.49553117986713
96.01563094024014 95.36401493709644
36.275794849997254 79.45684889908945
84.21742058388273 35.19991505714869
99.01430222220631 3.6765661908745306
26.34315782711737 65.96621429954219
56.66339535088879 5.204552281808317
43.08014581321123 82.76056283901708
74.48090435119838 58.52506617102938
51.73902620021305 75.99971958460588
40.44434814553954 87.01693804872185
49.42297403660598 53.80781666622189
70.2380603983251 14.026308826218159
56.29686563157432 98.63767919092057
69.60684657792429 78.09735870865721
18.324328437056113 35.77918140169017
86.04483710358568 52.097001022910675
6.133650460559526 2.739604435307763
26.126799362121833 39.387648215178686
58.68892574302051 58.60626802860784
74.02058544988498 54.64760378152281
40.43562915649337 7.902107156515415
86.68029785780955 54.86473131485666
66.30702437681654 32.11933343137968
55.475435912470076 57.49057668137305
99.82070378280011 79.1279815430932
29.672417379376746 85.72392560500171
27.88213185436016 94.84758592718296
47.76210878684463 85.57313191218809
66.69877708206883 89.39275864118035
35.54137621140255 86.48637885867248
57.681482500936866 78.94001335903428
3.5219372249877146 78.52861859412778
13.437977492376763 70.63185182160828
91.65234059708534 60.87482614486919
29.769411162127845 92.2640815902945
89.76210693951585 96.96973353542116
80.01082276558522 96.11297874708235
19.678069358994364 92.5507336495647
91.90839344682068 63.63661643586622
95.81131316803489 9.851186557551372
28.188621292048577 0.19174579173025785
81.2102763839607 93.81781596961733
61.64944410444328 24.412926616547114
16.893163166815974 38.17543265589269
25.6555958859642 54.16612796291725
71.33822816828442 64.41106584524306
15.308223254138309 12.108638139843453
16.2520064548647 26.980447600993706
94.59042290939796 10.187794757054903
21.57634172057803 39.07861195559605
84.96802768105856 76.76858297114003
86.40038769141356 42.57522579617879
81.64301722164727 39.237993728569975
4.47003130516177 14.792046911155609
43.303929309000246 79.05127220075477
71.63129237389045 44.02745040190521
60.161192376082276 9.378810828072115
43.02867052800291 62.85815307852973
29.753528907952532 1.3662406036775598
19.308719325334213 74.4625364653901
78.76344866955704 42.97526644781766
27.353063449482185 55.83822107216944
66.58305069478996 65.11441008909739
34.944654404827034 91.22135219309577
28.073439409666644 47.31120735630071
26.92102817760752 48.61104305505911
99.80905831557239 32.235768866231574
60.833358964911845 66.67574318061598
69.70944114943788 16.449548539780757
87.20025356674907 40.24862141436045
88.8671449108683 86.2926709589397
3.6573575355090315 87.50519183901953
52.7995194666968 38.68407312054485
93.66890565129246 18.33571189715002
5.953759804141201 59.401807522018856
12.264933733151896 91.10751510175353
56.979458118203205 16.388814799614913
13.071520290387873 20.98378494249107
65.21940665313997 93.27639794666153
68.83591112210968 64.19683770383853
10.247706833737391 36.091785570696324
6.235358486666498 61.882449501510706
72.05011063120836 48.773116129439984
41.089077589896185 30.61795608588912
75.55462893715993 40.51599120184331
71.82290828500601 80.55426270337188
43.36627260654442 44.17658813116714
2.8777170554845966 45.8703599270525
46.87430696036466 53.260512982418874
54.444440793435355 79.4055085068377
32.61775376714695 30.040988317962203
22.559684549441272 17.652735418895304
25.262079051439045 54.515009082704346
