197
48.19885909414205 13.354503149703856
66.31764815999334 34.988405666238755
95.98430024856629 33.93227420583235
68.74645563805761 19.802245420721242
89.7821018445356 3.9988269790103503
85.80776417486778 50.802544558671855
32.04604013239393 86.698605386365
45.53578970588617 59.264754468299444
17.689327516242148 77.06543461961019
22.295529197141338 53.38708600603985
67.31873034307199 23.27996346421162
71.03458805561658 37.78842388523448
67.10772947184044 1.4788654240231014
87.099602987394 45.8604389864265
33.98794325990637 10.740671255208756
45.469202081542946 33.46119783964478
62.02531166473685 83.84031757388584
8.68940563503935 93.7607114634495
63.61783571659213 92.77992160664233
51.05964405056271 24.242631816846473
57.328924749599885 85.94591169345934
60.44863283665436 42.80656977630427
98.62061230386226 65.71227015010844
10.695788238893634 31.27711806556436
33.561246384571945 48.3795033643233
62.19165607082265 75.60325648957895
78.88464529300761 10.830245698610263
12.694926187764377 89.47994296195728
7.671267558061146 18.504907866649244
5.688142901826632 72.98048385260812
36.36169373815794 39.50458155072691
22.270176550953124 88.95918828321284
86.46332274506224 77.50348763205834
18.059677306432175 90.47876364157072
84.06951115932706 72.00896321227597
15.590229417874024 31.40890880428512
55.80026829628416 57.97718107003909
75.85838453850991 60.34130612619282
32.814770740407695 86.5243023070344
33.28163486641432 78.24027847258154
82.50375885040114 6.199220300419183
67.4078085992451 18.457796747812193
4.093493627320266 8.593242604945983
11.571315153717865 28.978015888778252
43.469438672173 57.51819617755151
76.66900699649432 24.825084089668504
80.2366314016151 21.96066574474741
74.3903119624931 26.293158671547012
35.86249096704256 87.09793432578759
43.05440050905243 16.29809375746215
32.58792923491385 64.13811396132384
9.25248633304131 2.80852987383835
35.141714493902874 30.529149909698873
38.58398507156969 42.75000096460339
23.951775366679318 88.2027227899818
41.93540525923019 77.53879151326922
38.144889259196646 84.59159216018602
91.45044844771229 74.12494008283839
60.92339863663712 75.35472264881061
5.849728345152705 15.50050479822891
79.2282710219388 39.63327186594229
59.12506682602471 26.320469691876948
18.949815771049728 59.023651459810225
32.71131457818348 12.588584071445618
67.15736102486733 71.41270337977203
93.17966145100375 54.50076992440279
81.54829776262933 52.44192719059363
4.196859997683855 63.837633560408456
45.40574367672788 35.21739353343277
99.56595890039682 32.53149733615608
74.56241375019037 2.646196306801918
55.85613933626558 35.84583017222015
94.89777596645362 87.60015587894571
38.03842809760691 16.209866886213973
74.20741993336573 51.94613291367881
5.240959194581841 48.333501356765694
79.23377529335565 88.26339720030276
64.56348478517154 86.95886519128115
97.00147639127893 82.84037981270384
87.68363939769173 2.3003339505088705
63.57642881790901 36.98098664638076
94.1395172195864 81.4640269773827
26.113524734607218 87.08859502537771
74.84471915475686 49.95774871149059
87.8904646202202 56.29506829630678
36.37145937916662 94.25519822659338
39.46473597278294 68.7753650360749
90.73539907351886 84.40994237906469
25.64719051129467 50.25517172134285
59.42437922525329 17.70229200959269
11.356730203760335 6.108317487413439
83.17377733402816 47.51066686959696
59.61125173434433 82.3844702090661
56.619020908511395 24.61189323653643
2.265823137941314 94.41797106812245
76.09962444991649 41.46136077903508
48.153864457350224 24.720134005379812
54.87935725717823 96.9708871604478
6.610486877766686 63.5190876031997
22.880594043168067 54.6393513155396
46.0307287335192 83.9990013392405
2.029267540378188 26.626714708156364
53.10342687230426 23.11418350435881
42.47253955374389 83.07580642260602
5.394904322780358 79.90598686128051
49.24065252353152 73.41670357891914
20.607642079878374 70.8339253738023
16.192128888128423 60.911756713914755
60.79084085687746 15.063215885471815
16.132396887291446 74.66156781295192
87.56694718500957 87.42880196221456
11.896219439738253 39.41097740560879
44.139785005352 58.673662566724325
16.393519158673755 4.663260121039093
96.03479871393004 34.329112206095544
33.57269463006435 43.92133281906495
19.703238488367838 24.563394752423996
89.69272365589872 94.09749784953149
66.62310067490421 12.021117881397615
72.10304234396413 79.74463887658409
36.885740625354856 15.491513887573827
42.61939640753985 94.46767145760603
49.766765548028125 66.30204257307811
45.03170483054536 29.570660834967942
20.661496933737446 87.51109852287003
24.535125767088495 86.5459871983692
78.5381380881767 30.47231908961696
45.50716266374175 34.306999068734136
76.89606459866096 31.74819248106715
56.84432532614255 99.83025529462086
29.896410623303982 98.51937183546575
78.12403213314253 86.55223693809552
82.26733800212989 43.64372053725262
44.189901827388944 91.33526320429591
90.0059918989315 48.93827222611334
55.06368185857232 82.20048220146292
66.32617938424707 10.105945514554337
80.63654598276845 81.85830024247109
4.819037099095902 30.421039979242902
38.78014566258958 11.206398440362674
30.660413571475807 69.84608668207072
34.42151275054678 77.82550509222082
26.256312682137526 31.842469664698882
36.036185775264165 0.21956263882083604
91.43231972522614 94.93310872980258
52.24379200297502 37.20213143038733
76.20673860575637 27.510598312379685
95.79487476857138 15.54376861733573
77.29283045273047 48.070388586237925
99.5706325474942 12.60442267329347
18.573946410364073 95.32404887839586
68.81121014094384 16.690107282592415
91.8814580713755 34.00955511185732
48.96263675187503 76.99508316118379
21.72585710391346 40.44005238083782
87.15133250623602 42.20278571407401
50.733598535279675 72.71522155525797
71.28774059108804 96.0808164298696
63.966233860123 91.13186442875583
0.303248206748008 43.91829430138614
67.83974427031039 33.968801679846685
51.49046748917684 86.62113481709869
3.720701848866992 87.4554425548862
81.92697053961449 87.63779554225876
65.53154306791814 48.17185427011449
8.120028238126887 78.82171545433114
33.894947300040215 34.55911150848679
97.7845307297621 48.03431569274943
15.588026556943191 21.791457275346794
48.642262961134406 51.47392360496635
34.69377851015487 37.02267784614778
61.7322277568711 98.8232042703185
3.423789712277414 28.284484670182408
77.72313661325677 47.76564337617161
83.77176573415356 43.89851488684702
50.37404862805802 80.73886387258491
50.823620844489525 75.01205282544753
88.88831165377022 58.31111405758431
5.875611812989023 68.75615125407674
69.81839045659115 85.33187152114385
77.78577439442981 85.81629385653304
26.558437679041003 29.37871848219916
18.66196602047402 39.16597057049681
60.34406456447725 32.42589970857716
33.48068277641284 80.67901404162903
83.05394124772691 71.74429468516765
79.91341932655163 53.451916163814964
29.407514140951484 64.16140969155764
23.445689986075635 71.08423051708554
76.25340508000573 88.64985307736076
51.43115030833947 31.810527590270844
22.116576119695686 79.35290541753402
43.9354254878748 81.13097135288338
97.09991656359269 39.94291053102229
8.90273304794591 78.63801023766747
61.85110127417725 41.52020080335077
46.31897577123713 43.560305894382815
