109
31.01533831363127 85.7122612840258
97.7224901677993 55.253422133832444
63.76129632434957 62.495378285892514
58.273543550468034 28.13863875715349
28.13359524572737 64.64317297505602
97.56809827092229 91.35306259597016
53.67197647984084 15.910227585653669
63.110578392026426 69.07648776113885
52.10710314088506 34.140354338811676
91.01240681231654 89.66927115917296
97.04676812786722 14.756035750791941
47.61572755930147 85.44535888937259
38.73088624607847 19.23036852942991
73.07710078144488 88.73454442721746
11.995130840978785 76.76762421124256
0.8917536095429113 77.5950835551679
70.64265597464218 91.34357553555607
79.31508286991846 38.56408775400166
29.277368845159092 47.568502670915116
29.187222504684694 79.56834186111132
93.1459774012481 23.187058678656758
30.01763758655813 51.13577939865104
10.33895537515902 48.18659187596512
94.39581523872666 74.84927449547946
95.94055164290606 1.060386259529933
59.44168445277151 79.84583354747983
77.74747913711292 86.75695735421913
82.15324947862112 35.03385355939535
99.53798412909424 47.6469504556265
50.50043619688039 23.452452064390584
73.89860724452414 46.889744789798094
1.2114827324052002 9.645711781518374
85.81283271225342 74.97879588549752
26.361557098254586 81.86042103764407
20.612988696390254 63.06611730846179
71.92068520027698 42.983561943659964
24.473604457373444 92.92156926652781
68.9259169332731 29.876979235363354
24.686937720247705 74.00408369184464
64.48397754167046 83.31608697056835
0.573586062553999 7.314051072350402
59.26834290686004 45.70457350605708
3.760009387667884 45.33949971906384
62.3161229716866 12.340884114781003
80.20864265180533 71.17336315984603
99.74353693418523 88.29709498728022
8.414486341327375 82.0791716656642
13.180388704407942 70.22881486409172
72.18203111672761 90.86229554802622
96.01199299851692 51.99720297227631
90.57081201959177 35.83759954828489
92.2276648750196 82.27300840228622
1.0147930666111526 38.49520990381623
32.37241720630115 85.18395925917852
88.45070464430688 40.97208631296952
53.680525787493636 41.20166509896499
17.39313186236967 25.4356622752652
15.215944895262034 74.45592158375418
97.28922749998071 38.44818012644927
36.79552488121458 15.606314696164658
12.946844132959612 42.063853927349605
15.044926566160743 53.92557902680784
69.32308806580416 54.16044792583307
30.25487574208594 31.803498006424334
11.803839323625231 39.63947230951105
24.7042086406799 25.375298551667814
33.99833465725464 71.40225050793933
68.16413972332491 7.9799018318041925
3.807418478760538 89.31064719729001
21.918366130863753 6.0693565524045034
81.1913103281916 69.66285024761754
69.85145432841043 13.965172959733273
2.3161654997075565 19.51980000683511
31.106642428859775 54.13572761840592
2.1278827444956683 16.844868896228594
2.5571299263690395 78.59232240485296
53.98432625888937 9.870157844459593
14.152110891531933 87.14565704322868
66.37421330515964 68.1434730593437
62.488006117767966 27.75063494273474
48.30879500995985 12.83744152994608
86.68257532286276 28.865829629043162
11.672066776958944 36.65308291707651
83.51731141411555 65.8014307328783
11.562993800208488 4.7492849842973754
48.679370013232415 63.14814825481013
44.05182592171041 89.14233190641272
10.97962729086478 39.65521318966121
41.181862690539674 33.667453047710694
85.64754735136133 10.952615395408616
50.89685428207916 54.254028761155226
97.50339904238916 1.6777925693784446
84.13234038752714 22.75299668308093
3.1047250234132906 89.99018517742724
41.24160367757187 9.183031712750845
53.118571557426876 46.70846634282421
82.20440013136906 10.229386017734432
77.42329860169455 5.521421890676869
29.40178003266326 91.02124041847064
45.08170267580501 89.4336748489033
5.542744391303634 99.45301818292383
6.043768133624594 85.5847176863494
63.724986005848685 92.87534382547173
7.177808693127819 77.34936475436949
29.539116309326808 77.00466464460487
17.991310445822705 41.84848266335849
76.90198397995482 81.09815925860595
29.055906855420478 49.65596446831974
16.254350436398735 44.2619391388096
