19
67.54511653289114 39.34996479544422
42.14307890015635 44.16426362907253
59.88589915265422 79.40892988081217
8.680302286098119 82.3270045994791
31.60870121834709 90.5085951501646
61.81266079491016 6.4737946784836575
96.32773174650833 15.659113289656478
68.25288080176024 34.978114483311785
83.18051543683195 10.442333353375066
26.020835931298315 95.36808362100399
78.86957205667487 48.21877432066701
68.76341964713903 67.48938263857237
37.322783232251425 58.824538729927944
82.48260208926311 31.31028814921738
86.67228141819233 27.824017280173873
11.823403296457402 94.7627165458507
90.18345621406075 39.34917226623457
86.36424299907956 8.37104015973409
93.68375481555843 82.35095308139495
