151
62.25360627607092 77.66702271505275
31.542790631990957 0.9530613456909198
43.30330324078585 68.39978021687203
21.21988875381873 36.41209074252502
1.5639627479500318 55.06197133031604
36.283132427625794 35.544053518165086
93.30842768133692 87.35253146823125
50.30891590156742 38.57587464042233
94.10118571606706 40.19403346576353
87.32248672498199 79.27551879818527
95.07317959737684 73.50300557184816
11.29712093383841 70.71941158246835
51.49761230056635 32.33169906709313
92.57087171570019 28.615712192963873
36.20276231133366 40.183596764510945
72.98579699783268 77.17778941745439
21.345130655371815 20.351633041648242
33.69494458694072 24.60493833742682
4.1270672092386445 12.578104808876311
42.705750235242924 12.759578196457099
23.326457130845846 39.85646142980534
89.22162113479114 45.644334513134766
52.349745824146986 90.32788692273128
92.90236759339774 32.298654712403774
94.848703171144 38.90381583920545
42.92290418799294 4.952395117904784
43.25704707404405 97.02825815189894
63.284852884733276 34.341087002945834
22.663218511232262 15.787857974176656
67.6347268940996 66.91800015830822
50.82257871922891 96.31264330551025
84.85251559120817 20.72258541926746
86.31964937215344 4.815780793713909
41.31674665960321 96.86898656173885
65.87597424941302 71.35662941091519
48.693309723522646 15.089142339041805
53.29667671984032 42.42623602620004
14.365287305337038 72.51734166710332
18.977891469221163 98.80463190907659
25.365917054380027 53.452678339967086
78.77682184727048 88.43232942006829
24.705567379200122 21.772670244559368
55.74981065901152 61.32519516508855
32.192251186459686 88.6642031420911
30.205242060304226 35.44199305725909
49.68618503533432 66.31801443497054
70.37280249983712 64.9913716921805
52.97765566066078 82.4389820797884
48.25102363118374 37.82401622579176
68.30579852046097 87.14185775331813
20.606509809093243 96.45781816849701
74.71101976474863 82.86729306580412
31.338441095463377 60.17475133092359
26.999651634089027 8.654240453509143
16.04093380177195 83.57286037455692
51.500196468126155 27.705257720851094
39.641355350157795 87.50388510014238
95.11657151009068 38.75322494142752
37.65324613473362 55.00238151016068
93.26456326985712 97.84974790871584
99.42606139095732 40.14338423690425
6.033002944722277 9.749386500864887
29.574894676933226 19.16670421981178
75.93506626669917 92.88365584971135
68.95916029988335 69.52328960452363
44.00032609161626 52.898507449059
19.671451936651884 88.74411968445011
72.69434220751947 81.22619783735301
81.05561877031644 96.03608460518251
35.99415293798873 35.43799080093895
92.10352376203133 35.61266106720584
10.556686087614764 78.47010607651615
90.29119629159499 90.70144162911762
89.16750439581122 48.179652654063375
50.08916044141149 41.56988505742641
65.78816391524659 32.92422292301471
17.39480496947565 69.55675226200759
8.349126460478862 68.36471371249799
44.33278570760534 25.221189687619784
31.03492742584365 75.82662448571146
3.840888675368348 16.427025331117594
15.884836807895242 4.224743507337514
67.41561546789637 58.878495604123756
37.66131662167579 97.717655511888
65.61239920660167 89.09611418296345
59.781614508008914 75.65494813323737
28.425791844755587 52.52466557111728
50.97378825348821 80.34315255353178
25.13232412147105 81.23123026730258
34.02169612255893 78.8284765034747
46.78950694951084 33.63887288461736
25.861257787859394 67.80946079429641
75.3565198447299 31.15861815991171
5.390918449376969 95.52671685720557
41.29407984901559 86.7778211721213
44.3476196163988 20.844929270932777
97.56008422080188 52.962659448242775
45.274989122338305 89.65124363093399
89.52777303321254 48.68305314243888
3.436936076979713 30.819764409993443
4.997639521673058 29.7507495844329
32.049440024556084 90.52383854531504
59.98485771208942 95.3043070742712
79.47724312330978 21.52873376625113
46.96696438121934 30.139818578792067
41.76659304631502 49.559595240764196
34.38160486990702 56.39964682127208
43.091950867601426 79.00686038852209
4.953998041301421 33.892721337518964
67.14607716556628 87.64302384807772
80.15922582128235 38.27544100085263
16.485018501682404 46.415053692518796
70.27723369501267 53.119962272896956
45.22893019542501 43.98023483564697
65.01241001330276 27.001211289754245
85.86826433619915 92.79170357627396
51.44807125544558 4.193082336395248
62.79139961937664 20.871631928800184
22.134746974233867 14.42402581494563
47.593258361931234 94.36727107637103
35.989151526716675 98.83751951362149
90.95134789511194 74.67198060498954
88.75125943210456 19.33576213980367
79.9507564460832 97.04767204554717
10.729715993176669 38.84708577022495
36.030204018217226 39.01756968992379
45.72918749198295 6.663121770967928
87.33330400512929 56.20956974453678
83.92399401831469 92.41013744868542
79.87260125739917 8.212939321867852
55.012614404198565 40.11957696724716
87.84926266443372 0.8064412826535916
4.758176473093922 82.37823384970375
77.77387094948693 72.49779407907319
47.21682773669886 31.289383356704725
76.11328077006422 56.04284309453895
81.33328587093239 51.39286414419079
69.03322809666341 58.05953838329084
48.632882972770595 58.14431861886041
14.417641317420781 97.60794617317676
23.66675713768157 4.855427159911574
94.8429790128451 2.7978698767841315
73.62214580839333 98.6877633668085
17.92022256182667 50.166887620710696
73.54052151180746 93.17805152552594
28.196578955687414 46.339455423437414
37.3935564116976 30.208291340541983
75.6621840446983 0.34072382338090623
83.48214019773947 85.86538782782728
18.657458863051236 17.752856299917475
53.99168668414027 48.67164802577722
