143
48.06388120608964 94.73810436549553
36.31101880601351 28.21476087622955
44.36747433488948 6.990575285672951
34.73362813439793 5.092029040067326
47.42129784656698 50.727009827971735
98.85037593676883 27.38831219917641
41.87763487925744 71.99606092186963
56.3168695781829 34.440692607475285
20.72459368458296 93.39244542352485
63.76755186156955 97.04869133730563
1.5128523200920174 88.53143741834609
75.48178377172891 54.06932647325201
28.968580861545522 21.161344026670413
20.582320518491816 96.24624907709833
69.28309536246775 57.23753641220546
41.19627035864466 76.57180056145214
41.49056516723909 51.97863865997824
8.788331213957168 79.14918286545819
13.649476321917698 28.70596841265761
3.9744888355894736 2.1771559431834064
28.88639447342286 59.272011774443925
28.26405597161904 98.8739203210286
74.55132672823262 57.85903741386219
72.23590725256489 36.28686220367192
77.57992803412228 67.03476616415377
4.512346067121542 68.72839299124163
2.3726063257560215 78.03263642643927
3.870037641456292 62.88498941383731
2.9250996681987274 8.624007723440174
91.224268495294 66.94484303480479
57.1839075693072 78.58748516418059
79.83757960529884 36.064865942385474
9.611591027421351 37.1247703065714
80.86673437065926 69.1113732629507
91.71646606681139 35.535250939481756
76.85998941966253 10.086603183962373
41.233508662883224 65.98141024454716
33.10978352409035 36.54262167266123
37.921594996590876 48.18870075408462
86.35543730244855 52.03079805312184
65.29417562942044 32.52240353295672
57.27886328594677 5.9205012497404175
23.69101879661384 97.18232122916928
15.88488558247948 13.043525950221957
58.7483350772733 59.94921605000763
66.85347065923666 73.40420488835319
20.825158679514466 1.1386741189585714
12.701531485108964 15.230752013295557
39.458703704257516 38.398855051052664
48.226439120201704 56.04716601204404
0.32453493844357695 77.99347713292367
1.772170883785018 26.519537048116348
24.33758262075296 9.024271264252636
73.36401312431344 80.6385889892678
62.35165768970047 71.68632460455142
34.001078580788416 41.045637069825304
8.153228462776385 70.47459755488845
24.74400965686484 65.23533617117035
0.7404786984652634 86.1902939826592
49.43828013783374 24.20371014958541
85.28888180187421 50.35073434873853
75.46461655289566 14.285052018941302
76.57940231241007 21.625957548130792
19.955715061124057 94.36945926202043
21.636519375782047 71.82138552508131
62.61193502883469 90.9368415791868
28.130872423883723 93.29967097053114
81.30198825448544 75.14668156600365
74.09414987701103 21.691062995452793
34.54956072097305 48.390210804266495
51.06115640945226 93.18886861383237
37.941156913169905 64.68111478605617
40.955449378222234 40.351084337163456
67.33347041256796 13.887979219562474
26.819685979718145 39.18846659009914
82.33711149468591 52.06993284726423
40.540289142973776 25.579859997919783
42.05295993568031 58.155141555090275
48.26858224993587 55.47707657844919
64.81821482139637 25.356625145978317
53.5692692377038 25.01045562612515
48.43815319243872 98.76435716793873
10.348043386698802 53.230903111546404
39.79218626218866 90.6841383864754
37.34468839137916 12.039693011567465
81.73366404953575 64.31737648145996
87.34961011161103 54.344925218429076
84.41434936032265 60.48413832542708
34.453403172675756 60.7073377846102
94.96078553009828 20.980202423763718
20.615868713336926 73.3807476231948
15.41678170503783 79.72351217573662
96.40121006707835 84.55381255992513
29.173911936158305 95.27351630421454
72.75497185728767 63.31754771702901
67.29909769933043 17.443480315564475
97.9851492775651 96.94781515308797
71.34660226625662 93.96733640454224
6.044642109250853 92.40937234526547
67.04753138430893 23.41168668552124
41.544814015917154 5.879632950694436
37.49787015451575 47.48414350571396
27.7060625718633 57.65317935145833
44.921616813282164 44.0412875416035
96.06181679767457 17.29061124035892
47.369006089472535 65.6312529169557
93.53255213885859 12.34917166541658
5.493969602391879 51.343350735309315
7.706338898411147 42.366060685693995
27.580593886028527 62.55618983175696
24.10722689737712 80.71070663011629
22.53397001073052 62.133961717492234
85.99476991083583 86.5641702915847
68.28975450535243 89.92644520133976
79.01235301917745 16.249714577001384
85.6540433190154 34.804159358003794
54.578717048436644 89.71739378739886
75.61957274377342 74.64887850638304
22.3202160994455 46.36089500497367
73.44186735204104 43.274536327813976
66.23406298199983 59.446109063198286
17.60245304368785 85.05505759164603
86.72166956660806 96.56209239116306
36.913122302187354 81.16602037580179
42.09125211767352 68.02232491259015
69.32321006216033 24.871138000257563
23.811968729249287 6.041507400703328
55.122334000109284 57.311748187279576
32.04394547643453 85.16040857116765
93.6708483036951 85.84356646973575
30.868660791452342 30.81428195995176
68.86670240644531 5.540226267644499
53.616727305980895 5.389297569938877
61.19085771866142 30.856923461535267
66.84358098239996 77.6112178372936
45.25489372446947 98.56813547353457
67.69488914419743 13.10081295885973
28.03431429382367 22.674626996230096
84.87021160094717 11.76768090515219
24.00707744691889 11.545242658360323
34.43059153124302 36.447921268110484
92.48271443686976 5.989257333260745
62.49142644122463 57.73554229854278
