102
67.10131073939868 76.7352128916928
66.35260462460076 0.28940157824387525
13.94200200394745 10.805494391003911
49.97237749674329 35.4798681606485
67.39444750785462 60.31529425710978
30.836543709758544 5.698761919135375
40.07854905293675 83.82106126012032
94.46513028952769 9.385876782678515
54.33220851330043 5.152785819717298
89.9021775856323 88.5414492774996
15.982761171076575 76.01777560472424
59.25990819567154 16.14265260804245
60.1916657000644 20.139213753012086
64.8023261261192 90.33453843512747
51.2194127504115 48.96508065356389
20.177311138520835 44.66902514413512
48.88429280234947 94.44885608085212
45.20960966512393 55.78319138874115
62.77396068544559 23.809134424359858
30.64315345031037 49.4096818849515
54.67172320546939 92.52593304305582
53.72009519450138 41.38629991774376
70.05306566239696 61.61383411165904
4.978157015403517 56.90361583047711
35.97202114108067 8.047315739998261
58.122328182995375 92.92733776371146
67.59368505537957 55.475701016344594
19.609321390912847 48.56638675778453
12.81856530670794 9.704402811905888
49.59408674849468 52.41150654478022
57.309826346991564 55.40706763799847
66.26858967235108 86.31250422543995
25.112140868252485 39.37083912499916
48.40012813681972 93.71904990249075
48.647141005870665 70.76471103176313
30.132268203446046 57.00799947373763
80.41328766510625 99.14960824006961
54.39678339447942 81.54914063392098
83.70975376275508 53.754239820202
71.1809612296332 63.40912058341049
2.7332898215363 34.26730768937477
16.862104272864855 7.959235044855594
25.354466207731985 73.70791592450024
64.27583736056344 72.10504342126494
63.50389793961742 40.20233590626585
92.5080019926461 57.62282121883515
39.23452348031704 79.14971137043428
86.07405452751763 52.83682485120168
54.65079022007864 51.84534166221274
57.556613441887706 75.51357469637287
79.47022807581362 35.70269191851043
7.946299012538516 45.5018131351874
19.321079967090494 22.037006963054328
29.61902004567993 95.38979601875243
11.83834438536927 23.45979536597461
45.355655835984535 13.308209838969177
2.626215234090812 1.161255507889325
37.95996259274963 33.00192480426533
4.044848701937598 64.56759996239734
14.62246974716952 21.54237464870745
16.607322191415697 92.82638052949915
21.11309267736583 12.752910319988809
51.87154842917726 24.490659157155783
69.11585441140527 45.915354125845184
44.88844670566304 71.27744385738146
26.382895619494295 71.77293069690064
78.48601897110832 94.11781357977448
93.86071706698752 93.07390335947446
45.48778460074476 59.39902067642324
76.85665600618593 8.284556768822604
40.30362777783842 59.626922791060046
27.8851895407911 61.00734575892013
81.49277583349959 20.925628181724232
6.925918284916143 29.25659133280949
90.22493844578442 98.33107814544725
3.0400679793562757 64.12463731263831
46.03748614785776 98.67294689966342
40.34774312528045 9.558120164728578
90.86411269569376 57.903549457025115
37.61991041505684 99.13587603979883
95.94321913076551 85.90186774341555
42.89325336474311 23.148673472553995
24.446380285835367 31.711792122929296
31.309299953526214 40.57190014284118
90.69673811024145 9.288389877551772
12.995781115480764 17.602972028146112
93.22568749151057 87.67712765290383
37.983295969982635 66.3286882165017
51.71345132512517 13.03522896160617
48.90660788736576 72.70801711809793
17.842050065950055 79.05529516481631
72.63753751052046 20.604175801007308
97.0276560697777 13.113954552813977
16.042171930792716 48.812062039885404
29.417037330876706 24.47894572702891
71.81280872556124 16.66551862756701
6.963628341378502 78.47207732116759
78.65342104232136 23.69599618644742
40.254842179021466 99.25528417956748
46.8404891600226 59.0126308370279
31.224773765950818 35.273053878542356
52.27893765894909 31.002451401333133
