137
60.815092949946816 96.64527943575281
32.680372336575495 13.932858537076731
91.81514166665407 75.38688948681657
17.316482233942477 46.01350737975044
91.89094895467181 22.383225787301477
5.161110015461068 20.805457914925817
11.63756695397028 38.86226352514959
99.95084766040712 80.42248539251719
62.010545438924666 69.70906883180633
82.5645637120386 73.5226492155991
66.58549289324097 85.86494500048015
90.66757586489396 11.025614389937498
85.66401582836913 29.42449795072477
98.9036832948403 14.910633036492992
51.02950602702515 32.96969999032887
55.52208682464491 51.48849911241158
27.10369646502684 85.88443254659853
91.14172476249428 90.5914423612161
88.920296247008 33.17109284177858
73.03622289834072 45.91122767738373
65.28275148627185 8.620463004725664
10.199083286929135 3.3809388285188535
14.09658490817154 66.51012616469913
53.03405230567878 24.380974542182365
35.28525616327547 37.5393366661252
52.279165151897445 75.76695379910859
12.856364046660795 29.26278694761266
47.85064355598006 36.06131560428434
57.6390643798974 43.83653159474291
44.334126740024885 67.07734866208399
11.76627415267003 5.0345268063898825
26.729491252853588 28.559123454108924
72.85200167170812 19.94196844271785
47.783057970396534 26.835227170136843
6.645396104114543 49.52403104850791
98.37177324117083 44.138017881011514
8.786881333540364 52.25812173595082
50.66103671435418 16.250060963836976
74.99354632760732 54.91299767043809
79.87945469028345 15.168121792293254
38.9811666961069 15.521344532813053
47.64862221338279 23.841367904347564
20.4358585857916 20.06805980181937
57.122550855540354 5.588313957410806
4.629202816301314 16.57542578377944
30.187401019643158 93.37970147626825
25.055046240931233 10.874522549801725
22.56685134623494 88.11474721457157
61.58690127237245 65.43824273246824
3.3125449807393736 48.7746069548176
62.697167843437796 81.07916215101385
17.005287187486097 19.727065434570623
56.90183357150307 57.369144178239
82.36462488293948 3.3301093867727283
60.803659476337735 16.51438143540792
92.11500994613446 83.75812994347478
18.36162067377782 82.0820954164308
66.29041632878776 60.62992609169046
30.59707657573838 83.11982880926271
74.53850604148953 57.0010224087144
6.418231190463819 28.045053010385324
92.92475971017679 89.67564748891029
87.0830001550147 6.06946569281156
6.74455186671703 28.60500512973183
89.64265414671175 54.51726788542064
64.15434261382661 67.81380534136554
75.16790363932068 82.1361676162898
37.90012529000868 21.266034775533203
70.99478424511007 11.73190176623713
84.31421691785279 1.1875004831238933
3.1753020190786296 60.79395953353439
30.337817825775392 49.78291274155173
48.89841190117138 58.89863817177592
74.95753894971405 84.91013492773412
40.73232769645615 41.293506574511994
92.58590059520317 1.7206597323520478
41.883686348135555 45.54243789214135
38.46644393918466 62.12799153394353
1.3049379619212487 4.268470543694869
59.72852761174276 2.969542305357553
36.126123839085025 98.14835251176555
87.90197062215955 98.17562013493652
48.302807820199234 15.04262291466304
32.530303596775354 78.82408507157065
15.082637813472477 52.98176404055628
45.0169032342988 61.468664557585825
81.62657663408342 25.400394429104633
76.18613008467409 33.82218450472995
43.32539559497233 39.08170416427312
82.92566293332158 37.70952618463453
43.04162090622003 8.28322442003765
20.60744130599028 22.23022776855893
1.8525253915094964 76.25763829589373
37.70564528294385 67.7847144157644
90.77563926405541 65.9045571083047
38.78518183109766 31.35964302932538
43.75437645419984 12.199421666509247
95.6187106664304 92.65725784747443
61.9525963213976 18.249655803964725
5.480361439656434 37.25827927031459
65.03173556089459 53.65942630434791
63.82844858343859 11.183425919109046
16.94295112880868 38.61024114785222
22.608774857581583 51.73459820886256
99.44351263966198 79.0140100226529
84.2838868780064 11.816535148659801
87.1739218443665 8.06426158935869
43.8345908046053 34.837367056540224
14.518092730610032 44.15369058701385
88.78116783076916 88.63466698968844
82.6227313226111 9.330891832710297
93.78262293018447 66.35968754550613
91.8127682959411 3.2801040143515037
92.73830179558212 11.62886726370732
20.448847743161068 15.145289781322568
74.7599744960867 68.91726782742799
52.099665335668796 17.25186090739622
75.14288021814637 62.02738836234198
72.54141720104758 88.22057626184188
40.80103159578614 96.7646047691914
95.91788719563999 30.34576982833297
37.463416930926506 62.985139548493684
12.429754818197303 64.17557241764943
38.36440666961661 15.881824652624744
86.16470805055731 80.07914211997756
62.11360758984025 24.576554904759007
15.926487926815891 66.02720094245612
70.00956779241066 17.16764010286814
0.3323305157830969 31.479325824314795
83.25684585623549 99.51305731776003
29.66990809470731 88.6033333308375
26.298137497543163 33.2291190807191
69.39811316204496 41.6644170859678
44.562586925449565 64.75066967553735
81.04011777024841 99.50735754677214
47.390241664093665 45.27863750739057
51.61215238534339 96.9444217430332
