134
48.40946068463051 16.571756204140463
11.360664087071527 95.48225566225712
63.01941610281461 80.21580742451388
78.9411773462302 30.125020509379606
74.93453148689909 40.551522936229325
76.55458986707163 88.579039247054
4.341809609699821 19.829227010396988
68.43256024303426 31.530811993747896
90.47319431299142 63.84368111066414
97.38105594204367 34.77225245924881
99.76405987901337 66.9514092932458
58.06367151775821 37.77710298120157
73.12722956529967 39.064121778757624
76.86935150790649 27.805011996690755
92.20300675657236 95.6567272395798
84.07494145395415 27.376638914617025
53.25968402257777 83.22476484112777
46.11281860534141 52.474306709096666
55.8703315379486 44.810217567992694
90.66250797571213 92.83532558444631
24.420640751090282 30.53624555428378
46.006224474394365 19.284308138008676
32.251941877116806 58.731006473363664
45.28136237760157 7.663873990930314
15.807032100254458 47.91894697116253
34.27249916276398 15.938741389535583
40.597971332082935 62.78955127671589
84.8187333117971 59.47051502413142
83.20911942582988 75.94230803256188
49.66888473619097 23.40478981744658
20.453218456446653 23.375107719623898
77.12982343732439 67.76609413096489
37.27027809094312 33.60681376848992
47.69782833523863 30.28789713638298
7.679809422278206 1.8638158537069072
66.20803556361051 28.80814496245925
76.19383916160136 12.501079224917767
58.1662434870722 74.13219936022742
36.98922659325362 57.07842861275784
14.626891910969153 8.068664026981388
31.780600289238436 42.01558843478731
77.45324205563782 81.28970838824713
47.32182884571191 62.747972673858065
6.667324048901991 80.822734074552
21.19237587343782 85.73050033099733
9.766146283457712 3.6104896612646153
28.88929239272031 93.4901097074639
9.15964967437013 77.7214053791972
87.62985113925131 27.171563457931835
84.38045987441012 81.29431041774198
7.267822293075977 91.34912956076408
30.59704355118199 20.708906504008162
85.83633943559762 77.40754927968341
63.98885743314315 49.06727653684736
18.872648684151073 22.034619764016526
85.90085728732369 25.44340663048793
32.60261240725133 30.89677590823229
77.18706037925944 44.88286612084986
34.802828235955985 72.22481066304998
72.04383685208012 23.664267739852573
91.22825893170655 0.8371732902354156
96.10612639916268 60.215736653655064
14.244717666955687 26.004529144680188
12.496138402237412 22.97197977228409
3.497372604543192 35.36621630469258
69.37128107498832 51.66510214252362
40.96728693014919 92.56462306316217
67.93979061719526 12.198946609169681
35.258604619280455 43.69177722033949
12.414549807689468 51.611268362799635
23.72237292637883 28.73592983927957
58.054672861564036 20.537820567705612
12.899966030185494 92.8639348031853
90.92143787686523 21.921413386903556
16.016336275232558 5.788840861116562
54.823060346998844 90.92472893179453
52.60574134284829 98.2333203113366
31.42552567413275 40.42004736494367
53.919435478231634 79.17471651254661
64.87554592249562 45.29212888072589
36.511558511978635 14.799905482397701
58.43895491301841 14.417039061519855
32.06087321946325 13.3853368906251
83.10123275441406 75.56509174309942
57.43828774183519 93.22188908903959
12.336436117277538 60.07646809065066
25.671055035668676 9.827902108295683
4.486631162024768 60.96267839085547
92.26960770678072 29.39250798481412
84.7026259986585 56.451432121225494
23.157351431117455 33.21036830986649
77.4512622733267 9.553223747196416
77.04094019747305 99.79859454513377
3.5408113172265887 85.98326571864067
14.758967564277004 23.105293317580756
47.405212697927425 80.1241068944
51.766602410362104 42.918750517498516
40.300299436472855 13.82741782750385
50.19693579913089 7.862864917509915
85.84311160212158 29.624842419331
54.92837630467401 45.38808818489305
70.88121525610156 96.5758224909575
58.34541041149306 57.76380460658472
62.56588811359577 87.39810508740635
22.400950518573826 96.06483815637596
36.67707465292103 28.910883670488687
27.236305065946286 64.70055216943916
78.14110468512187 78.64281099094164
92.69482050894557 42.250316249988614
82.6448109101506 90.88273772353932
76.74952925737082 38.91975863930585
8.44815596771291 47.39833969272789
94.88716349118417 80.26407120155372
45.777230710886144 74.30238975417977
19.731516868485997 81.18000269975607
0.6237382541647407 3.6784401340022588
24.49955417222046 22.765937167887017
41.783641431490835 97.68789721958998
25.085263447377372 60.023492060970874
21.55540032421044 30.58109973995996
13.354804466293736 51.79800117076739
60.98520168088375 68.1537988296399
30.36623932032526 28.79442108314867
24.465707729298092 51.07192356466681
57.22225323232901 30.86427766138232
86.93806783941855 80.18781237454542
67.16288965924106 5.146781238394116
49.560140105255826 40.396640579608544
24.120195382851684 6.547211724832058
89.2062871260453 36.411905499176235
28.903536077970614 4.595594111840063
20.541532815172204 97.03838283002553
69.15041010410947 45.54566022210705
62.939348062574396 34.93567660839306
