174
28.910130219855812 52.671852709899326
48.53804708585725 94.1666049519481
55.92486709888007 52.47300017945618
9.80084609660743 45.610056047617384
16.550295984563647 7.538646579249974
32.71990915374556 52.40034008859964
40.63842323104653 61.501310235092134
54.44958517870225 85.24121294347549
62.603312650993715 44.78752524366426
29.642528459606755 72.5109840658021
46.54275396596881 57.51634990700424
68.37779719512609 54.71059487616934
42.39738788236935 32.21896091097383
27.188425898595547 14.342321239135181
2.1726081248248375 56.86613465812218
78.76572875216819 53.23724243901328
78.69750852594322 41.169594794085604
25.286911016415747 37.66606569853689
18.223229553491482 22.486888404181148
20.44606703916082 15.601025460041186
49.661934887509 67.90943389125144
45.319805280013405 23.163447644769608
15.638941961485752 10.444903139511098
28.97458841424555 71.44416150481798
37.2861650975843 55.42976613560343
71.11636109554863 18.699789206969676
0.5379527409955176 38.775663743830556
55.816737565409966 44.18388747769756
59.264326454723495 17.389960139523055
30.61412112384231 69.60656149208894
66.46467435993785 37.625224040284024
56.394893319154264 2.069740088847394
0.8465739576417497 84.79751836694777
97.1779477017668 43.906544205379475
75.1823943873809 31.44029597095165
14.63470506613531 75.16531337544616
13.686646338842557 91.69934671231378
37.52690232237197 24.060962429546716
1.7050615575265438 74.30906629995755
41.383129251840515 54.08663543795215
87.39837577801276 10.35198975658831
86.65417951645313 28.000047072928858
28.091737151112728 89.6387734589934
67.34066222598487 98.27842798628093
47.7897106788994 40.6192850747766
97.48244459752411 79.10911150990566
38.80283054927439 3.3700277066673445
20.120689810024285 61.50109881549343
24.712656410042342 62.13976135533539
5.466883889416485 48.79405505419074
68.33426690087477 41.14035908226323
89.56166864602976 18.13979278615101
17.96045980223481 3.591504989453431
91.60974184738185 66.13282834686508
20.199600853046253 55.88236918788695
88.4999073424234 28.21517522448438
4.173952387308299 91.32726269566848
67.4018675644902 68.66393802589133
59.622590465078076 45.28746483831153
35.42683384798131 84.29977463050025
16.09066426812108 23.910475418074896
18.76650191399436 54.43646721078355
81.54079747217843 54.06198935310893
70.48466221051805 56.507724218677005
52.662834505606895 61.79557301146031
9.57157799019811 76.39320499029756
55.27799875492141 59.69024211933663
54.17242320094125 58.78231808727058
18.404833710316936 62.351663893866004
40.18559809544827 35.45934715317471
30.793417992954353 40.778299259433815
25.910475962583412 78.6421133278562
92.84202575869737 99.04115622154485
5.237759136412845 5.21306109506029
53.23882669336275 3.135042359616913
75.30427986639982 85.32220342916796
41.153589496979734 49.35937834056061
98.11330784578573 60.594759495988036
79.02602169938324 50.42723803822856
41.75998351781711 11.464929040727522
44.101623436203596 76.10270520346042
68.4474720246373 74.271119166799
83.85586777792507 51.562611528648986
58.02321138760964 33.892373829637904
48.77422972740435 62.536455663979304
18.725452673160824 52.231657818723285
53.94406382468711 0.7303316599539866
60.00107175780411 29.95415960488701
5.051093992587541 25.82479090605577
56.04537929072795 31.302350304511293
29.395960960558586 5.535733355012173
38.88775639199233 5.754226473369006
91.23553489563784 81.63623328188979
83.93268482259877 59.882833071605205
7.6746619939155 50.92218199981862
0.9284201265438607 78.8398966858512
38.83769534859366 45.99181167148687
84.6532625797997 92.10120451113208
43.84805005694419 38.974838189209414
74.67163345563138 97.04658701344557
10.982933938190309 77.2157109412493
76.54479706628489 39.52570614339592
94.8740252608819 8.896916832999214
84.23511598228879 23.024107968050355
98.53278123797263 54.65950959963685
79.66003507109596 30.141741119085818
51.35120305668245 53.81049223078309
91.88944973917572 16.47979379104717
92.19710392281402 68.73480175112334
42.30670568488443 85.61886419740162
91.00307136025889 47.07869068039039
32.95958302213514 89.71463935742081
31.490465427640636 24.326182553058974
27.362973228336084 24.231687790329016
92.81141824937305 17.277051684505608
27.32557560838518 96.3801996307852
48.28806733660335 19.568056460386774
60.06562257395069 3.0588196087417696
47.212565865140576 90.47786114938289
8.299808334411285 40.26824662722856
51.59222877939905 59.24763353037115
45.69870480172965 85.12084406698077
93.62109035971653 84.10712298305329
33.77663244229575 55.47855422408306
84.81272986311072 3.1158591561056714
46.076681197299806 10.651246431556316
24.157053168414123 98.87680161233048
43.04732392534982 73.74723727079682
76.31904683252037 44.0700199949874
70.94625159357066 61.373628428386
16.07038093414902 60.16802625452144
74.47293269529779 0.03436703622634596
59.639064526576 29.713101336500014
48.932166771430516 7.070131579262884
2.78007083552001 87.41192743321871
69.1733820114537 66.7019107540567
44.874857686746914 24.86689863758843
76.91491152827533 51.267227509697335
88.0354238584721 96.9614559764235
48.764956681562325 50.700750387020854
41.4887326985649 63.73217244906816
16.33028490038727 86.58435980084452
39.83705576632302 36.772092200585234
29.958403151948843 88.16583521061791
23.844347733789583 72.90542539768758
60.744502342404026 99.10773186312389
39.44165265510857 82.49320561186369
82.27378403109827 90.26559492918919
11.318706633836529 1.4190223183696782
26.707554435989056 72.9925042288275
55.64860431928377 28.207638432124583
91.58775034848277 97.59397324406484
15.397094148480106 9.116250053057161
79.7860879534602 73.29331153595827
33.02480409303382 28.87658528933943
98.99936375758321 23.76803639145336
92.58736653067132 9.162065258089925
53.144974395622135 65.9023222208724
90.95573568468386 31.17702665820663
23.754305887268977 2.9096668545501636
87.50959661340654 63.624080857155874
2.8381187733147795 31.776045872147684
41.97887973248504 20.23747779927906
51.30411013748045 69.84782444806899
41.327974301438275 71.08687917474646
19.175168063866487 82.65800677835841
97.23708363658487 36.78612828201421
25.63239294374011 85.24930018332257
4.809190250082329 39.07226327847665
9.238727262294422 77.86583106557595
92.32226993317167 9.019476467597043
71.06098509387924 67.895471044898
43.7737710972817 1.9927162062387316
90.27611696387578 59.752289022417756
