138
98.50693245172934 15.214030840468117
47.01500741708872 55.38310571718685
94.80281784892296 99.37844227804104
86.332766552146 78.81381805865058
95.90568628602536 57.61898068561754
36.85590850015834 59.151631270454644
98.29417814088083 64.1617095207814
90.101017116602 67.64177341329645
33.70570525074922 85.08496614829302
13.850368704320504 70.83464066336084
66.07811489519491 53.17386755785436
21.517495839401633 16.567659253198496
2.42557203311351 99.66273276491609
67.770484994294 99.59091323465572
42.85236357006833 2.5178735090647386
74.8107172211482 53.92659971676195
5.544502117501238 32.28983361905243
47.335463976822865 83.90389324794262
45.364606180394496 86.7629117802273
59.46123353471702 62.87978151195366
63.35716786060015 37.59877156655313
45.1644228427804 78.43527028294184
28.916340908008475 60.42328957636185
37.77980524203623 46.941385117511416
12.609330934497242 57.01761784790662
52.3880883586568 81.483983148456
48.65832277418461 26.429692404314554
6.714528179977397 75.07835278623641
30.484984139917614 71.68490264059189
41.18322394318693 93.65315908036152
53.66243967084713 81.23722269322295
63.862679911824685 36.7838866092456
36.892465778458785 83.76003171501097
21.775042081621933 50.936754889330516
39.91538356516783 96.38807783433249
38.5364289921066 12.432733126880734
36.94239873329674 93.53376400865463
82.6514908994207 58.00751593059365
3.87157878778992 9.521585159926428
40.3057323553452 78.9156139424615
68.80894110367737 63.060379747690746
62.747602326629426 37.24735279606879
99.02300878571177 63.34751547170264
23.427882600424176 0.8252283015448447
92.03448790508932 75.85769640912173
11.668411313401172 41.1582600752768
72.40132905812298 95.46908200005248
59.57675358938804 44.983917450208
27.584247504161354 71.7958658796117
72.43254574184961 76.29492937562154
60.07238387205563 22.546588890830265
24.266834391757143 15.518160658609514
32.71110665312007 2.5866189515569737
43.29659178293815 71.4041642458277
40.76215133729817 18.82264526501176
37.492778433932536 15.615535534272428
20.309436083302167 32.18264689575505
70.46191142322962 89.37076916260689
21.74923209976143 67.2760104127101
48.834474180484996 23.21500047457561
40.394538782276726 86.2404171633198
2.783302479809502 73.86319110721021
22.271677160797232 49.84760988325462
39.17033763971679 55.28983964156057
1.4036132088968478 85.52262751639034
80.44444913534767 97.65368489336052
66.67393852613978 75.2982022715958
94.13377847785969 20.723803411887822
91.13682817448337 5.294812271032246
83.0921363699355 65.94346957370763
21.14320682987916 21.2539662704616
77.29176861961457 89.7248665791077
1.5746052243091002 48.36774295120952
10.32024585225193 5.950750352872247
96.86601315767047 54.33968316494002
53.889695024549354 82.54201764711165
21.055866271177603 5.473886850413335
87.8119699248688 96.3370509340688
96.1689722084938 94.94766523882332
58.67070383829785 48.255194264323485
56.03007460388947 69.17345258750835
33.4361197845379 8.70990561441941
25.022113448842266 39.40824269241706
33.03633671791311 90.74001103381335
35.62203867577427 87.7496259340998
7.694117877360219 95.2032706489301
91.41103914028476 43.3500647177967
3.5672209386635734 83.08115215174485
16.440216248860285 20.326416311137674
94.52149444569683 64.37481710788398
0.20096488566827553 51.040386635230185
91.31173395759356 67.87167186461846
16.120957418460556 97.63008764730013
36.667943224988655 30.253046506485504
28.19929863863353 94.35693254233678
39.191045479249695 25.871324317922806
74.72752904335212 74.83021767679658
35.755692178200334 64.20526300110431
58.46405479768462 57.42030993359035
31.234238285122217 74.60538129056931
38.42033216624603 9.259997894848826
56.3310190003908 30.85902990596866
81.85417257888307 7.845735967508716
74.54282150411072 65.61524993871471
81.3760042967028 91.24785402770615
9.898355679804215 61.02451192487839
41.36538892922689 6.230691713086689
82.82971407731192 78.46924451035274
46.32518577739433 94.81982083307592
35.13406325950431 0.28868469488618764
97.89476283939936 11.406437074861199
8.11297753743423 39.174746692124394
49.48531485378738 17.665953521529943
64.8714760225046 36.148535588605846
97.81869506364743 18.600459882442976
82.58809387629783 71.45035769846577
89.66110520347502 49.51818854166463
22.465468384918076 92.98862818243724
78.13229395491176 81.17843873901879
6.963557655675223 68.72615132746299
5.522485174547609 45.22547674512886
73.64117994552126 91.38715028056342
95.72543575759698 78.51525740025515
46.45921771562684 32.27580723615174
11.1088665870542 51.43698656750713
36.83819348244648 2.017320550221824
64.23859259523392 97.65000135560062
99.56081436429847 4.230974405029919
94.9951342691369 17.32905317043272
90.5986637697998 73.45764762696244
33.092810277030914 87.15447222435763
84.42531048235607 96.15780129429741
56.14026684760913 81.06797217263464
30.1731836140848 96.14319697996547
23.4042660077463 70.28031094016256
92.54473649386892 35.01503917620931
14.788718844456493 23.696448404637106
62.3359571706653 40.20380323674417
