118
90.63602496259963 20.024782426837383
34.76467454368862 56.85996796997861
19.511459629500514 3.5975094665835816
19.672861114222474 38.90587022141274
68.6948870090368 59.497329193200386
45.0255772106984 51.28178726222173
77.7570836589797 38.76592247108436
6.36382272086613 64.09536821376618
84.85766643838647 57.8575178402958
51.37044101866326 25.62938747611089
39.98303458176312 74.91479597974978
62.87322583776036 35.66100497925433
54.58870500214389 57.36130099977902
10.997356873990572 17.17335292656831
93.3660209768378 55.68813492004231
14.725658702268662 92.76152811413289
39.09074441715597 25.0007915844356
88.26844336797035 98.43704255200878
20.711027803002214 31.69245977843912
92.3359048284351 85.48343858693104
3.045378585494629 3.858582511647879
77.92243066193879 19.387069346916373
34.667053467300626 27.545067649164046
10.52779210143494 86.47810405155208
73.04163658230908 36.45079375617279
32.13064744253725 40.70650019228705
96.67729041584579 38.59344283095372
36.15511856563415 85.4955749933161
95.00430518724062 33.969980610715986
42.15374867164503 82.830779611095
70.66544575121875 27.59047755793501
37.22941553785436 37.71121760356054
13.88055830573549 46.66973068302342
33.22077505192338 36.988559265935514
93.02452165694508 93.941858121872
17.324768634260067 44.59459259856404
6.382962870714248 47.268243367407756
20.042293586337546 93.6720505041293
37.642012636906216 13.702266072119173
61.04971413736525 14.15732822735174
18.25000354193831 76.49753698278961
28.20982328032766 8.043614238190756
9.681705800594365 60.86081377839844
23.06864638978 1.7474502674752035
22.316114157665957 51.2473757810274
24.43796988022665 71.13544626040003
13.944554880382709 47.95653608315473
25.667571904791487 76.31535066380627
8.914821196166011 19.37408834024785
45.49160694484124 60.966011649266974
29.943935523151787 31.889705596304594
50.928321877091065 2.1259483413015867
0.7127723071684522 48.19066191864633
97.64351004355402 36.711527068432744
57.40124501596916 99.56744063799282
13.521163205438691 71.46943029746642
28.018265243041917 52.4373206202576
74.8621305962539 20.950119259504174
16.396835742461725 37.9608027177412
30.4606654469584 31.582000115607666
50.31348417536222 1.5745618616918144
23.57562791883997 60.564901568882576
72.2171037675735 88.73825539883157
56.933421746586156 69.49039167352487
88.65553656669617 53.67867891124858
38.65028383323399 52.445629453706985
99.09977917925681 45.74634033567586
42.14068296573992 43.99180801088942
66.9693826109667 14.597546803220096
12.358648285414098 65.86841132248361
52.134371059935134 12.003857253896832
63.69163217377059 23.188983385778172
14.273421444048473 4.943323077153783
86.35426918570941 20.031040889485386
65.69049863629915 68.149129985658
74.18448626531922 30.5317708539971
38.538261851706736 36.18662487786598
1.3607041514305807 16.94483519418646
96.34170039451824 15.97246379453715
50.2018441705085 25.387350183143052
37.12137489258625 52.969068500003715
30.3991253887551 82.92426717270871
91.41993590450996 47.452403918659016
62.98609231483528 36.05787543234085
91.72463499192054 43.0633169013825
40.11613279022035 24.43849865656027
50.00114145754584 51.0514913559319
20.04321765484236 0.735227259840987
45.809234940126096 82.9616242968388
56.929327822932784 72.74434105062367
45.42315427753613 57.245763746095214
8.529294800230646 51.10286225332015
84.61954462516334 24.86988301714429
49.329263578895485 69.29148397521807
82.04711084547199 12.12736659497028
72.07215690026484 2.8114860616179627
21.82908195363361 72.70241315498896
31.240539738525676 34.949489327861805
82.60987376577206 7.899146257263212
35.75456001537967 0.7636814663958602
57.83493320095503 75.75209335903466
49.003806828001196 40.80309397338595
95.82996180956665 83.42931785571022
53.54340167377636 0.7630205988754857
55.48082879549445 36.375784610839425
42.9371364789249 82.9798694730597
39.478889161840726 94.41046358135637
83.6864482392433 8.122649673668347
48.57141774241852 97.30728840712874
12.936433455034614 37.99002224321419
64.69460610769136 24.673724739621573
38.31042623253607 94.5220350210592
62.7368445641144 68.40784127469054
85.53012998777378 54.59314790273546
2.7935450387192806 37.3787917746655
13.607866147813418 79.59103269896633
25.21285367209177 24.0760626933781
43.20560285271995 33.823700200480324
