131
46.280246327580976 64.30408796125909
76.33452452341083 22.495473636220908
28.617297111598937 93.78283810611072
83.30863660265132 80.46348756946477
11.890247803452992 92.49367763815502
11.949282678291373 18.640462813695912
87.64910619772388 55.7413690148172
80.05563296133435 67.10126600203145
57.554611110925116 71.11236125158943
98.49757978192433 83.94706621346641
3.914385571876544 72.39777385241975
11.66893466027733 70.79678867743263
37.59384392901926 7.572454059941203
85.85859183353108 27.461174652057053
63.58360076891806 50.73048854170021
97.76493445367143 55.942193351983036
90.03016600106359 17.08473915728058
98.57269046068807 58.05391764066642
64.57812001259643 94.61004825545116
31.17680495107935 17.035054235812208
38.127294215934334 8.820425653084364
61.253603215880304 95.93088747177933
57.99931504170577 91.93182229851796
33.717405464651385 47.550373789615854
7.844332083542838 93.21865304526146
98.05373947938375 13.809583275585247
54.9622525946578 39.333652851815785
81.62424474535513 14.175193700475974
37.87510679043299 70.00598238372775
40.5525396147831 56.4386435295645
24.22392655031631 94.22599447778104
69.90681940230037 86.86135255786694
94.89498812784399 75.08079526808444
93.11472109710425 83.12650252608066
55.63845992539343 20.804000516215325
24.193081334340317 86.84636309254032
57.39241024759411 53.77642303906484
50.562596119111014 89.14431659621597
92.38388732183284 34.375342219441585
50.42554136022147 29.131049173633006
12.155973550158517 48.02404162632222
53.0932611560376 75.89544944168964
29.66794134039509 20.514101629409787
42.672027427387185 24.93609587532537
9.016708409615958 51.19644692294217
88.1261730602179 59.89998061261704
42.53361511244971 76.32781230058029
46.64167241747219 90.54958681353953
30.151880920962647 1.3252193779471622
42.787478159533556 97.61766569307873
44.26706920996606 92.37821619304614
35.02986554638522 49.71945732439564
8.882360944298329 54.07991041764693
26.31814786627342 79.54986335930005
27.862393335225335 25.595662713337187
81.18698972573635 25.004614256782176
44.44001889080603 30.079831495526467
37.09979992585441 99.3504500183168
59.26979802708481 89.62048781222485
98.78218953830437 27.796041811139872
2.0573867156716164 17.470910874162914
22.79185742053007 21.591529906927242
50.01674874072039 5.272943958168497
81.9858254116329 32.84833492972376
96.48823793640466 44.145352169984534
33.61293992887154 50.955245043481035
77.05413779410429 99.11340020774492
29.533033345307047 77.20202466217468
97.29290763031592 42.31605268013797
55.605652946038184 93.66702504042628
46.73767647956687 16.3928353807834
75.86294800319445 52.575309156401076
75.98642737648268 23.25567943644351
19.904646801378423 51.15333605326317
46.6988800407491 9.264440204973369
30.53403211502307 87.0578115753019
11.579970939868955 29.702144259060226
41.85237139735661 26.000144031080442
99.9420878819288 29.018578630584347
71.17477284997297 65.52483970825054
44.526263825738155 49.17136300109319
18.176225276071733 84.82687646773401
45.6538231630635 93.4821235081123
55.16057601966009 40.108514183683454
95.1295368443539 80.79722371432946
39.73833353937839 47.45105989224262
65.41845519732387 99.30917617921267
92.10103578133622 30.77931585645143
33.77264815008372 50.05586320834111
29.049992317800346 46.36061488158288
18.38017273947594 4.5895401218249425
70.26892439972663 13.760797734477759
37.401095813650684 20.721615603277765
47.49291809599625 82.27420839612553
0.10935471046518153 18.422223452194498
80.58116776043025 44.393883065314775
21.676053654199357 21.581166359706096
92.72508545492455 78.96949308715182
84.38185124084713 58.648466064036185
71.32265089255876 72.93893591454018
41.09701338763935 53.04803257856846
83.63603446394886 32.965134082027525
56.48372840530445 36.59380144977038
97.24848977211693 98.95993587891672
75.09124329834019 44.41391594961674
7.804140185530494 62.81340811214835
41.98686794865474 37.00709095396208
26.46699857613034 36.42615606728219
67.28037734102328 42.265773148377995
40.010298180364835 91.49408206569132
35.905755677692895 92.4009679329215
77.57115614979216 14.236195088565662
6.423210032604343 82.98030794224739
67.13525986304224 86.70322907908297
49.69599954448374 74.72665356782451
66.3122058605457 3.691691666544572
0.13555598301647764 37.46377721324865
25.70517503786405 54.558666141957445
78.27627227654207 29.0828769611148
37.36533680793889 33.74563089004181
50.456751137979595 28.153707440699037
73.78356754564317 49.04327468721274
40.81881611127998 64.29967858678056
86.93619068664621 28.945675399240432
33.39329934130228 27.122137550504743
13.915512550365284 60.388355086544884
69.61685116317975 91.9767688339432
56.966536621880216 25.70355713079192
72.8397704603949 63.96526864722634
95.30715837943711 8.744839884419097
47.9025212369789 27.927423192649613
