196
33.35841869060343 31.76663634798804
38.84344701079553 27.830034224773893
47.211588390677726 46.9256538081512
4.962000146365176 79.922754517325
90.65341178824399 24.632426485308724
46.07303286346458 89.62769386885539
83.46587940816991 63.813873238265074
30.661554755685884 64.27519907039928
86.99829590955268 26.246144220640854
43.497996353445224 29.100367132197324
35.71623220692942 38.417192454091364
88.29432295332403 43.77811054744386
41.6224292594156 73.25584623506441
34.84715888867297 62.31479755692395
20.025287151195357 21.94279128948772
20.13080893806333 39.425812638043176
24.023815649047286 86.6212133789522
41.32904529782026 74.6699601973346
79.85010340133024 92.97380387438562
71.68018693206228 85.15037693507975
79.76459303347546 46.862728505495575
18.193505974471158 9.168034274430648
34.10001499328034 85.80388842698865
89.73827294177987 57.26959517503125
4.396575569862559 29.163595356233607
66.78486759353002 23.746109656608716
69.62209811417786 71.22900323592562
48.62851070510145 94.06705398938503
5.014535053581149 26.561360579937332
66.89524888601504 87.29963638887591
32.7556319212175 93.2139498617263
36.06900258437582 68.64663676129156
24.233835469442255 20.62031413979937
65.99021667509122 12.598354495603314
83.09806469300298 97.98806128826804
67.02153652706009 78.94784632055296
33.5172232105144 96.58142441274903
84.26813197266736 13.145605337993127
60.551511612899986 92.5545317967724
54.59470595974712 94.79877587570903
67.99093489752055 69.59899087880397
96.4076602234243 86.41213072311493
27.194968235858465 71.61869455466989
39.97786565416451 66.9216988184485
94.35310991944837 45.31524702003945
67.61661435270655 97.65056405212599
75.71251107404306 66.99100865143338
97.69927365178043 13.000950409206236
20.379614919287526 19.285905914420397
10.785647360201377 88.95176169034309
95.5430225279034 90.31028244874068
82.14264698971236 9.163130909401973
55.10153436758881 53.8414206656995
6.934388381444833 60.27445664561748
86.585987106725 70.18399262893922
66.03209509072383 28.503686577889965
57.85266877451439 67.25784953585064
64.15504563578295 14.858640781495424
96.46358171266573 2.6933121224841816
18.58250901043118 49.27195922433082
3.933851310411629 28.637492763974535
97.91032143991484 67.78676406971054
47.200949296455505 10.977655057726299
87.73444964457069 5.785843140297575
0.03142164882964371 2.5570125352643913
30.62497775616467 15.340194274502483
65.45858751497882 30.89766381648814
43.49774039874501 25.649785462152252
68.30716817011093 21.79151954414693
94.19049615179705 59.19591567257563
22.498575434203506 31.110715573240956
25.395368556192643 63.38692349395222
75.666941251926 34.23074613534006
27.189845418485305 45.807361086695366
64.36422822592547 65.88545419789354
5.441135951982257 11.088150535317354
42.430802297365524 33.12335510652282
48.539232765670114 9.107202447604024
61.3658099714429 20.62321744835456
45.77768772579854 60.15435368961788
28.150180104157517 49.66488717697716
21.929582813636127 82.48653692130824
35.29481900949649 70.08971313863384
31.913192130437096 28.21222734762635
9.760515756557343 81.83620638686261
79.56665394888486 74.88665256695819
15.90317767407492 66.10653945045988
5.206118240653024 24.372799630207574
81.33729681439317 23.80971996346568
62.70951067146466 14.106497619878144
56.79726723339124 51.67676142928298
91.84627714811818 5.514883083448419
17.861862205872182 48.472856573315056
99.98810662439868 93.17718455209517
68.05194054061604 36.091659433550674
91.64565110430014 76.88007509721453
43.33146434744148 60.706651386022635
10.359277761488507 68.55941319986835
65.87739577873923 21.082979416735437
94.77888003303148 20.245974012233305
47.67499956912027 34.61991964566275
75.5518029702869 69.95510873498388
46.17096120927493 4.4345711413672495
10.906366006159573 15.799406062001587
33.895124039878645 85.52488534418251
18.698982533478713 96.90924390865325
26.359514447390776 72.01875583375887
90.3130952428426 92.41047912273409
12.1460747774101 17.79701443842462
11.733853828267515 1.4609625252214764
77.33833573891343 50.57773599471631
9.748136818958642 90.02695889607693
81.25929721485167 51.78358733059473
88.97587488486369 79.06040139033776
11.290807177090345 84.19326439960108
94.45686444864604 19.632647375081824
39.32195720991595 39.77030991660978
57.452046562660264 48.91046496856454
25.945102269653596 62.83585462813156
59.6325975183559 68.41995075058051
87.73203656615026 12.382378772201452
11.163045265642735 36.11880021317487
67.7128765740569 50.88701134532225
79.91399608449873 56.9415879345739
77.65659452981207 58.26200521732212
62.39645466893329 0.20889611261838414
54.61263794451767 4.866336821899775
2.1599689993483717 40.378402471387545
44.07956282744044 18.37616374148756
18.314842733014213 3.888423408649322
26.991121994178457 21.64526228882363
6.092852698698669 4.8591054695446
29.58975300200086 34.703673242058606
89.07747943234494 90.62629920976615
82.82764966789213 30.51637014852423
74.36561549833385 45.734044217434
48.45088441406127 1.0933466793479396
79.32935680108798 95.48017489132168
54.08769519059228 55.109440788776254
41.08322404740644 10.408246557066569
74.28230585367152 82.89181523864565
37.082665515488664 88.18907882476668
16.685570242474412 68.46618673873822
58.21189143706357 17.97235368218071
36.53207129184685 26.38831926056954
78.3269755275554 38.47948090339632
93.76937555712426 28.798514772146135
66.24845058347418 46.391632857476004
20.83051886156365 90.52877904220597
15.48938431281266 28.169515195786133
23.410044111952587 20.598316107553117
87.61716381349007 46.73056740650253
41.05720817906153 14.032220480088519
16.552675200707377 39.258377204898274
71.86198320421988 87.5230162629592
31.2930324726555 21.586518705163027
74.91987172267591 67.43240749139933
23.351855830965185 93.93765920942674
77.76321474920343 81.61557771192709
85.07666928638578 11.617239220153031
59.49863241284079 34.44885905835322
18.137618729045812 19.03277427024761
94.3221309980261 57.60713332920242
70.37794180789581 5.4570933768478
54.98149985395083 93.57356035496699
28.48329679266426 76.07325015104679
13.862384558734863 51.9191842632981
1.7415058993561883 16.286122006061543
72.42888974535356 28.986744167389432
98.63045368498582 15.109840276564734
48.26478111621621 42.25756185245112
2.523707139424791 86.94971620795626
86.79647217199062 48.4853953431529
3.5833948528818715 39.67944010534047
11.789686679917521 13.597110675270907
32.48633799119316 11.946595770473433
29.479835358660168 84.67932294523102
46.436816978719285 58.62983049484279
44.69684534394162 85.06973250645058
8.915132593509146 92.56211645754348
77.69621313659725 59.91295074365455
18.01912126785329 30.236896596041863
4.2263602526127375 93.6620650860282
97.05757490478156 46.222968727391574
93.5552109022759 4.2407448879087095
13.90442812192898 23.8020495454081
20.384537054896544 9.014574159657895
13.395492789825191 36.14271495953635
35.9701480906338 75.90446170152096
3.446477535723602 12.409917893015542
90.61579251630897 54.59999658424025
98.47656732900369 66.31760364645679
85.35608632015581 88.3430714970187
94.04744769548465 90.22089397117769
28.113731904276975 53.26291549968024
98.37488843517806 80.21655903120592
