188
20.294666285159234 26.56264990822813
53.51892079175589 6.988425632638274
63.5663025991543 97.77507368934974
1.6659753502824004 64.05631827216041
25.061937400228363 30.30197401399607
20.929634914084204 86.16479267118108
52.66459759188632 88.00166371243246
52.81433933093679 56.11104706184483
64.44534345454818 55.55293182932539
89.58830111295656 51.83453230038215
43.17823905534084 75.89213785946788
91.28865238423798 91.0853198840575
99.2782016024481 23.96030308210415
3.104794090413432 21.429322951395026
13.14860693274651 70.18582146493787
54.71132685538489 27.786679893656306
48.27260582328841 46.968191347744416
14.935087500768685 92.46145064456718
27.999806092219014 67.09676912481301
82.5888057182579 22.545308095206874
95.50930402242446 41.248160411591414
1.7758148717342825 95.11704898079606
82.14203748775421 33.6507633089729
32.2997221620279 42.465231881282484
18.214892255856384 80.34378495182722
67.67871497565649 12.603835024468191
22.247688036771073 2.697905734486483
36.3561266836324 55.33280003697519
74.61748938659574 65.79798419641718
23.546211119224324 83.9775002560342
97.87906958377567 9.231576828198174
11.322653135851757 85.98791795041045
93.08808237330288 79.56124164792074
56.28243728552216 60.263995713008
22.010429227571706 65.48599777014245
27.491026464293288 31.062021966172647
49.240933924100574 11.995220094480164
72.48538864200114 49.6976069511669
90.83026043511954 34.884408949795265
16.279470308942045 63.406053036971535
13.86312808388025 73.09708420359692
53.33538004811466 16.314024922323856
49.9917631014053 88.10392553825696
95.78912114559942 75.64213997579655
89.52847808549697 45.89932264262675
16.639937006414097 34.14491204200115
6.212666428327096 48.97058687886101
70.41929383500269 15.161488319923333
57.01359970634815 75.11580118591084
82.05462264355747 78.73041808809505
29.35881055526133 37.10736812061498
4.568967206449514 1.2928659528433473
30.9608212642399 22.394065374629555
88.72208525583815 38.501547536241546
12.892833802309855 5.366912851081695
7.158127809070169 80.98463113513853
0.45313289842981996 49.82109907242004
97.8380897001302 83.79067783356612
33.292688149380076 39.29178604591416
90.68670936415664 77.08155764420006
4.8811124685841705 46.890055765636326
66.95400724868225 83.02480499668286
38.88128184529776 31.73376684645759
99.85107894925444 15.37186014747942
55.35589916507817 0.296899830145847
67.45232910873071 31.176228957820275
20.70618356687348 37.88277596783958
63.26595172878912 60.906341760891536
21.735346244422125 40.438023214509556
72.54121862745406 10.843220148648214
79.22985825577081 70.19450282444639
79.4043361431859 61.42065182312453
21.42851516957013 5.395724643003252
12.561368969581011 47.56816695838443
54.82244135092704 56.084168862363306
10.670130963651781 72.76206905966798
80.86785285439534 61.242473242432624
56.043406038869314 96.46248187684965
64.53628246203408 88.40902990940924
5.625331187436955 97.0123314919737
15.875870429987893 33.030841981594136
26.40814909289546 71.6993893950829
68.49918289588749 95.93477650942603
54.60680709457393 2.2169089998822167
35.01577364016002 36.044547711081954
44.0046870867578 3.1631186427441005
10.111477813740299 54.91546817498637
79.6837621438219 46.71047850177605
8.741302303658284 72.16710204385303
19.223212466364913 1.754204970430362
35.69122744825308 88.56838968430971
49.8642476445376 30.73870122531851
82.54717864672867 42.53367265217379
89.69369180245992 98.45760204479542
17.37657632399271 70.85861449198626
4.261205042117922 96.8762475955756
66.51233796273301 93.54736520716094
18.747601143226767 29.449080597112378
13.960835679620088 70.85056357030174
62.18948920866737 69.14066709552716
5.806403392440007 54.17826296021142
53.04211286986732 56.83121528960011
39.167921603846466 51.93677789620942
37.62588941292706 70.9136417688122
22.59759863843015 20.43995986813617
70.84667571633688 4.847306299684151
22.71468235226992 19.43040523063493
84.18708471469104 49.40298649369505
50.449713062918924 35.596986967571794
12.608735153641371 25.049545379067606
92.1498917593823 82.05641054244597
22.198229563369765 23.189501302282835
30.296518590596577 49.33235464545547
92.71287207314974 83.73785756557783
1.3674123632597124 2.1875672855197092
32.964934727554365 28.793619726250274
11.390305077528051 76.71768522003333
42.346895683719964 81.20793325013196
51.021986999389036 50.83258335242742
92.98167965195938 18.406423011491967
60.350179483201025 3.531477685896567
93.98627286837927 13.312077520490773
38.281012073507235 58.88487295785294
63.652633386754644 24.471278102126405
45.518033724632126 61.734921683261476
53.86366577845998 95.54946114087828
97.13188723495546 12.082208312655096
43.92398951397235 28.69223603749488
68.10222866036779 4.364394485452927
92.52996680628337 41.494313718193624
18.46912010056284 32.35738038740704
73.71238257312591 95.15914397445675
63.60477370963863 49.074386313628096
81.8138265819313 69.0961207908903
18.486949466029312 37.096469179900346
28.571780696546366 54.363683145690835
50.08669524005265 93.80870058405051
15.329340172031468 42.33229134555471
91.5967845327921 37.92117777642719
2.921415032078023 72.9933242337679
87.3579596815989 97.15823489081234
32.70905387800885 7.541524462559757
18.686165563594457 78.2127710597075
8.995141024532561 4.599779625602595
72.42833788577889 53.79288510200079
96.92905979479156 90.18197112268157
24.618988389772177 72.31565547309198
48.15816578966944 37.44590730065257
23.499095013916214 51.084907615706186
74.77663458424074 64.86137167826236
38.58508306115915 82.28764001541035
58.90210574799883 83.02166757418257
65.51802007878344 49.657279174579806
76.01300982421431 44.05907708102298
6.166711379589174 79.83791167351781
68.91382985042057 77.74248190635112
47.82806257386234 46.61575563049358
48.356299611588824 30.270265874859714
48.22709736497831 95.94813303278255
30.861815122529123 18.810553406769714
63.456264494044 46.839861137711715
28.161181510744647 45.64047127883995
69.35015216866667 54.08224569374023
32.02287561665903 17.739644216075845
29.85542200144522 50.89131453069666
70.73622751098645 56.54851121798327
12.41363015196174 59.672854508405194
77.10298862449837 9.525691582587815
58.059343953595885 55.87384275632756
85.71064870416481 57.71341637555185
23.35879776582006 74.7891936356059
13.507349321201023 94.30036490432852
5.805656937039416 99.21571792597028
84.01673047946475 95.4200210539004
26.715606935514035 84.85594594474463
42.65808508981379 23.9369013316556
2.350743429987967 88.17550289264217
17.88453648513808 87.66904154032169
52.848564679658494 1.0772615771338145
68.28008923430242 55.52247732249658
15.754757050083413 6.9096056986157395
54.62578593976149 87.29570089310387
8.9417105498372 95.8984211772806
97.0998888545473 4.429704616219842
98.67898704299543 56.10821648163326
29.029162789207486 47.89260192465705
8.79753783926458 73.1333077383192
67.85536297533655 33.120993889558235
