165
61.627484879433936 17.69972502892475
90.40199300597695 90.19120488343667
3.901599690667723 53.246655677639566
81.86552477728964 36.245173496966274
87.62783452346103 32.73754736771792
53.935068759207184 12.597209501209095
79.52243535879767 86.34226380032543
4.268165002183477 61.71861015895279
84.1273737336645 87.19344222481831
41.87465191331032 53.02069822848128
32.77164309030488 74.91353896463644
23.92144424565259 95.41740563744324
7.16200592709143 10.204536755199678
18.074299073027678 11.507034893819801
28.019383925536456 31.932180384294252
55.636764209741116 38.021982129897225
76.57459243379394 98.65026841084243
40.87176846213496 25.732172218275963
6.167478835958329 43.9971672738957
87.86213876964757 11.206344429731196
3.3268828776848225 60.892453748793685
47.922710336062394 42.15391620694553
38.642880693476556 19.962833851259198
39.590916023586395 93.76016597047393
53.91034009648852 92.47316814057358
24.654771518817643 19.90277172653797
19.815284328066053 23.318657451723123
28.01278994495975 86.7485356744909
21.62918376537668 68.68760770524705
2.6892568783913995 92.18430186614482
11.713159734753232 92.18948112004277
26.435165932400896 28.883264535806518
41.670588476680045 76.86442850347015
89.01724529890636 66.29948565605
28.86065181842642 70.89572217477466
70.98455467786296 27.77994530213016
76.77031594421403 80.35960678844815
57.2603554202173 85.75294959491829
5.843863889706091 0.2807840226231706
35.774006849638454 63.46302569794117
87.45149373052304 8.090852813615557
49.581032497294295 4.131227085027667
60.86632810852818 12.818935489423644
66.14947605083466 85.45667703637332
14.346280554611358 74.55951473736296
13.325725956092715 65.98980821747544
82.06941693784213 94.35552458781338
46.395473317903615 14.118975630167574
96.23921363008374 41.056514209026126
6.050326107901638 29.44759593196983
2.50856137154547 36.002638985082754
12.21407795504319 23.39045389144937
53.24533154574138 74.39804441538418
48.88242482905684 78.82420397892619
2.062378105045537 90.45995925389443
62.81624770669446 70.47211280595106
9.027160264617152 53.56969389151204
67.99124982500354 40.78533822812146
38.61638330140175 83.95326772120241
88.15544646484005 61.84114562759697
74.72977789080969 17.084719934416203
1.737588742643803 48.80369932080875
32.108047088346616 55.316664639319576
90.32585762148553 1.4117376037751206
12.074480159525047 74.27393345413257
24.77823570214641 80.74075881325265
40.16878710480779 49.28662650566073
93.64496818823466 77.4910184179318
0.785983258168399 31.967280156553358
44.782399437449314 50.67437744454902
51.70576929408184 10.356019024550633
78.23110786610866 60.697086282210975
95.57355958559968 84.4305766257301
8.71339401149237 77.94808979362432
9.250024263423395 91.98220309516815
48.292680590902506 63.31288843321816
2.752729321459424 55.15638230660468
46.05197925122811 45.70388572267605
35.19692751028737 6.552524838775109
75.60685361008863 0.7698365527738615
25.00643885337912 44.29603614668216
64.98548158787293 75.2719233591041
78.35316671231027 45.84298711697924
12.241114906240147 29.14660762916974
93.87463131942859 48.07803402726787
71.72213322163702 54.9687174229477
98.39600242537792 43.699842221101925
22.818471484656776 46.69007835060199
10.885426078941219 99.74717447475477
27.605070160644896 0.8972816508063142
3.1636488125046935 26.238746779468237
70.59021190998244 9.797781448488784
79.77649523332563 36.565961241708344
29.8076179469718 61.82211680508403
50.02622124859548 30.814856458572294
67.44175802622144 20.040791688907923
73.13299150082119 25.765328347981697
71.11865687623764 94.51210385997119
25.446134272600528 35.64153172810659
26.305628464496433 34.874578848727865
65.17758867670108 43.228490551780396
68.06352286316297 87.58678402575778
12.573625154518997 30.19379901856143
71.32153594581696 93.43198101978236
61.094195295302654 7.071041679306611
61.78499088356225 38.18502444077014
31.043874146407756 57.13792514007601
87.63504614798875 27.504240803327473
74.84467845441857 8.488446328856247
16.73428775087974 19.39361618063148
61.39110282391837 43.30768572497762
56.2073733515969 17.448646576886382
75.28895612565417 21.51512318711919
26.42379699207672 91.13647336648079
10.321338670059955 42.05531589089468
42.889914422389054 15.615939398641975
74.45884045681589 42.534366684139066
60.0830237775876 48.7078798125795
53.871327121048765 0.905938238021109
90.30034679243661 68.4448761871415
59.65375574596445 86.54827075431321
47.531751839901624 13.74100809183566
44.51551916356051 4.703836464249955
63.78032131770933 82.94048413145673
80.93181326788637 84.91477797791664
9.515198351690824 36.55718810038253
96.72256634683542 49.24743535765372
29.887975913802165 15.868790067134608
59.21308810455277 83.88985249808626
86.52374276176272 84.3487705031412
92.01685848296209 50.564376999654314
55.35249674782767 31.884828636296902
51.5736824274136 39.90137309542966
8.569056549303788 77.08633315168314
42.48313786944404 32.365578587091335
89.62280615457725 78.5442547306192
90.50033859444392 75.19260264419009
4.955557280051637 3.6210263423385958
25.443555562262944 20.334313677291004
68.36700519636348 35.865375361236794
37.28050500481075 80.23721999569935
26.927587571285862 5.966330610867443
78.789149880092 55.98855659598235
40.38414725364531 53.44907549002511
96.42407282329532 13.02235519493501
30.949675574502635 58.24474669821041
62.461933384468516 52.57733128686771
13.425049853642612 76.28463139956867
52.9347279322782 67.0865446201073
84.29483728299155 11.681644370300791
66.23803216188526 38.45785101857112
94.78545552289168 69.63690734428897
52.03284614704944 2.5205168177131587
61.897417021695254 5.145515535452494
7.456032535617052 92.14617211166444
44.490613358975125 37.24548181604369
74.15387100923503 29.76219126949089
87.33482281271809 57.49464010663116
83.57341608061488 59.77940974628907
53.50168532270578 86.77294118683483
14.772548007048393 64.32690248647002
82.05365284002795 73.52804082575425
17.922137679431195 70.08933486845257
34.616422377898225 35.817128036895454
64.7946799880373 55.17728017579626
