195
5.575281691038136 45.09973127314456
11.85809639157972 97.55825011304799
59.87771886812664 26.36343526535605
16.784869719300342 86.79559975562555
8.48048825529898 7.837244610204608
56.044655436929546 94.20631477733636
29.06280301218176 33.29865464195974
45.011428638809726 13.992103386496346
6.387946962325286 13.523584578691283
73.41364998328703 87.03339025821315
61.77856334697239 64.74657079595276
41.30049105828737 35.33535927109887
90.50139058238369 97.84147070436823
17.619189775877164 4.409790382404033
64.70041598288019 92.72361474091126
46.73793921396603 42.49640062359703
29.956784317148443 31.91955891151118
19.73163753553987 43.14563510207689
11.266434142433724 55.562433359264205
17.12544121431341 31.920528960464978
95.88242334050092 89.86440154284598
45.46873635871328 67.9044684642273
9.379192103134738 50.975183558352064
10.93775286578137 25.48835972504042
47.27433652861155 89.31135313878148
77.38593158924462 18.089369362110364
82.82126831669252 81.26996812397833
30.42871173410585 2.8471276799226453
58.4132400837547 93.26499577497674
41.54517656191421 36.96411300232677
73.58403546768811 6.55214206758401
64.72924893279777 95.02093680330108
54.028742827799384 34.69986410069137
86.21003604055197 51.09788513649948
6.883889941146792 0.3425895886725816
69.42246989670929 32.91275439459662
63.43482418902548 84.50026512589758
22.242376090417782 17.236757622061738
86.19936331454393 91.86470571387547
69.18975317117118 25.988110054182357
1.8066841480434914 16.312998352677067
12.745562266473732 89.76148136220715
31.25739001090153 43.92157069892855
19.416300225826333 83.18110424941926
51.24436796789043 73.99270968099201
92.96246914956674 30.734248986164992
21.22129181193332 47.51450871869692
19.662403258889473 50.25519301017418
40.34003824769391 51.62650396970419
3.1769675343980897 13.15454115395227
80.44417084174997 29.743181931428587
12.683503357864467 94.04562901452272
94.14643861666056 75.31510913220669
41.046495485928524 11.544060894061058
9.827687378384697 17.075492777131096
41.42062810775566 34.61332070258083
55.491736819349605 1.352882734116545
70.39542841956741 55.29886192734267
70.78956770784703 46.04127157843071
32.52180052221774 60.21061329877918
86.74506758786569 40.472921105630924
57.079303031937954 6.799911110145396
4.330552543793765 90.49388256491062
64.23030526396826 3.733970762686223
88.42191080821229 62.668092235066
16.81150932965021 30.480128505247905
40.87333819849284 61.17770368811869
67.57883539228936 10.32173600253785
28.07454243591554 18.545638662885622
51.44728386439089 10.353123899173767
85.13149565323523 77.91634355752632
16.536821430026528 46.54817708992039
7.53872457247714 13.383743390759017
96.92737170989535 64.09553282488882
54.9513001688373 42.25160103262606
43.726256667083476 72.27724279689028
90.9726865182521 31.174597115873414
63.03882256415427 2.3462617247231976
45.529738861890635 62.42070851914564
10.004314805304215 16.023275907991962
50.8873575265809 93.34817312585272
11.400686979039376 40.5193447602866
47.45305685694423 25.084268911829056
18.35642202693999 48.972183147390226
57.19046425860286 30.766223102811217
97.26876615581553 27.360748985846893
27.242011328657934 32.39911149422194
19.476802283005078 99.35392925296034
16.93572209970603 78.53832971201126
47.98902634067963 11.407591471018918
36.07796871488382 25.49130185770713
98.40231791263483 8.288633932832612
10.976770896557152 64.01036653301662
69.18627268174579 73.29303209228132
68.1370043143456 12.629817826963595
92.89525868385401 75.12503978082451
84.24074625270718 60.48784989724183
47.715202316099514 54.13469492786188
94.18219836303395 33.08356264624641
84.98050095746441 0.5743309393615448
59.61412110624417 55.12226023813705
5.199512742105905 60.55049100945891
85.73520588521123 63.50436863806932
30.55668524483798 0.593488822038768
19.493632005363292 86.85933683113936
53.971374664003115 68.8113983612186
91.8016950099412 57.116895669786146
11.263750522752646 13.521918300323021
51.56785595516895 34.419207456396784
52.915278781078115 38.43025570992658
4.853063782716038 61.723712957247756
60.317531670361944 57.65657687912247
6.495385878798066 30.185912317367382
31.233422576248028 69.01852050486745
13.116557408191444 60.135135190216296
59.48222712192155 90.43297804215699
74.933966093251 28.776157546184976
47.84611394461393 56.67476036359219
70.46799889153107 96.24134918103117
94.55571543364944 38.899109100373494
79.47783464142492 61.24781890126935
74.29186889448411 54.782754399333264
87.57413722858709 59.84238277839334
75.12128079879548 49.94716701138163
20.32181868710311 20.239447681422018
83.88502635996504 1.4377013382192882
96.43034688915085 11.464662271730553
18.031390921291766 13.6794782158142
50.43908329463188 87.32359313509446
84.97243648522661 61.62870617876931
74.9149389313208 21.879834565811272
48.97027597011635 2.1364385416965503
3.44749065686617 38.581475239183106
64.94071956746384 29.307949738379545
62.45016688028541 83.7286214663593
16.911297701773385 54.27584635062678
60.51992167610294 47.449774088951855
1.0447697562634195 71.16045640900595
45.91925451133946 30.669077697322045
85.70345045000988 97.93107693926983
74.25245187858508 27.215638794710895
64.7144366203947 28.75454245171517
79.86562057562642 44.42297515657162
43.891952080990336 24.85587011451047
98.18911501981707 65.57727095678297
54.260924984235714 11.490515265340317
34.592883909603714 34.42892541091872
44.82146659221673 36.02453474502656
45.28350630867407 13.431771579522167
87.34292948073006 90.31055580696679
11.230575017462009 2.296709840062572
53.55014767421389 72.5110645170385
66.72495471020244 83.68049052337966
16.93581410556374 65.39527533241684
29.928845340700285 34.546992169099866
24.510346433102214 86.51994452137754
59.18144667554872 54.620662941607826
7.333558474588142 10.433701823492648
84.84214117689073 29.858168383510687
44.68602502940002 66.86140672449432
72.220216914876 92.57764673099848
96.7536931774779 8.860369917470855
90.86053606736829 68.52802516921909
2.3046689373066642 70.57773874354957
29.503961400652777 32.24324576568037
19.929347056826284 33.984982507715834
13.963086771660915 18.344794076724202
69.20691143589312 71.73669787516751
69.80376531198 41.55938587930874
11.914360171370298 77.89482071266906
7.127884777723437 96.2978088803752
10.708245372082903 8.684583236267917
34.734750924653255 73.91957029602149
90.86928494164057 47.92006815699361
18.871944885837532 0.8597274929036836
23.66042860064631 80.12624240592383
0.1647978721197818 52.5525559630182
10.608780396588369 72.66284921953424
80.10963188944424 73.85113646355605
95.6986233616617 31.917345180042922
80.32503498092966 37.160156276270385
66.75703661585163 17.18825662756991
32.33777722891339 92.2464443920599
60.10637268516545 62.451290806414995
91.7175779488271 30.523309522068253
50.76163974319772 66.52930516070266
95.41127077968153 88.88276100947502
81.47167030561977 44.90250478033968
9.642837547890137 30.913061682290454
54.106809379609146 51.96997402804894
56.321264058739786 89.73757942388461
47.37358166350427 38.276048998466095
45.73345762787264 75.01365052280985
95.80134946940045 30.02300330635279
66.28807071265771 72.49897769088123
