112
55.16121034940409 98.89877037553373
43.3033801745084 13.946353679147593
90.79259856622008 86.4318734456301
50.25900407638252 61.0087795568125
13.438334275984909 5.550607810624475
20.52525187291353 9.460462872796537
17.22214325107587 36.31346250662093
30.293592387581704 86.79217356749521
9.88096560396805 36.3539864572281
67.91299523196803 87.26424825822916
72.39699523027085 70.45834595660865
15.954200268823826 50.730306461429066
12.995961479889273 22.284089682788554
9.968172095674088 13.742802378086505
96.57381958639158 40.61789550563425
84.23070346414153 90.05152755888739
7.376062770863612 51.64494065134383
93.36817797923112 81.86054466191021
62.2763378418731 98.59594718466877
6.677056267786918 0.2684632789603847
88.01707756304062 37.895595638520106
68.70937122236079 88.0644539851513
43.58322680573002 20.848626431381245
34.33054004691455 25.80715541440948
22.865646082348256 25.055542091700612
51.49704335454926 44.92068705862556
17.371679880035718 82.64809889807471
67.91158540045977 90.2292380686183
55.15857986659953 23.677925958069
23.281796044114433 42.313030116832806
9.207147031003238 30.714595126106538
37.855049230692096 68.41347451772015
35.34781325896614 0.5031627948898776
44.088251233593844 19.612264825448435
61.71950333148729 90.69834021714024
24.738736449778365 65.5330949342474
1.168278677876311 2.2492939209165286
54.790279808968876 94.83680876233484
84.48764793668826 91.18612410361929
17.702978839168182 27.23333675576527
4.967448558782883 63.52389948059053
27.57167380646034 82.03547165301156
8.097183400387276 57.09611736537913
6.557427356465684 2.944080349309064
50.602879584554664 83.23154605612784
72.70979627561874 69.94605826023542
6.895975321276926 21.182943244993456
37.23883119294014 89.61176619532138
28.026926508778182 19.161619635430903
75.19393117116233 3.1078233563657465
63.46907189365682 77.44118258172294
76.61569955599164 4.985092943296221
46.97677937298532 17.625664579351753
85.64964467476742 38.88122893004734
9.211979110332846 78.56075697997585
25.794831871258282 17.37572852300209
66.07634351376271 16.226325986037395
59.26249092599119 27.58548180215573
80.16379274707616 53.20058534216139
92.03611231337518 75.38833561091765
31.27457934783131 92.75456065579873
95.990717514169 62.44327306761676
34.50935396924608 28.971955149242678
81.14556838054044 89.75062342823891
68.34399445295001 18.07817327508373
7.407446146817309 26.53194644555924
82.83003620524707 72.29895863187937
27.834628693775244 64.43719849950894
98.56736527749035 34.18917729497053
77.1980122293137 38.98934861106858
60.645332414359544 71.98429252342403
3.125670081321552 33.14103019418815
91.71141799773527 96.50811187798547
16.741471458135628 58.83966355093501
88.41969576703028 10.59953565365105
17.592385393080413 63.939277249127024
1.771328033633368 0.4061483292727819
24.62200704000388 22.746432256542228
21.25061034734471 34.42965358896761
77.65123482049817 20.711083735788428
40.395654292359964 34.83979394480485
88.24187466162213 36.00080926759925
79.56298081700453 74.14554134411897
46.43853291183837 35.037892545498735
92.39082616446034 94.80068323378738
95.71256151993504 73.19346789472971
66.40057228303452 82.56682357561364
23.236072399666796 93.43324770628286
91.69581138568871 16.837512284568746
47.264791736465426 59.49465418148018
42.88342177931459 59.172637115888236
41.81212932912865 91.08091555087407
4.538284179716479 96.33928054583559
30.054015401207657 92.07244916806746
93.5029136964532 34.17645643546289
87.1865173190692 28.78623072930403
96.65342999224416 73.57539737372889
1.6396433601380878 96.6306659200215
3.1466591680433864 82.98458637864601
26.10304648669828 79.62979260201438
28.55374074838154 11.91861708428612
60.510837993843595 49.712697482400415
63.9050418109909 98.08727768024809
55.21120406863105 68.85062171850254
13.533338576854304 59.05419375765164
12.011494662667099 47.753462026637806
14.39050725387342 35.51257955477611
96.06412251937057 30.54664546952589
65.97887822185783 64.00851129377591
57.88275604696093 1.373961923287026
21.71169063740319 56.231010149221426
98.83731498510232 32.98651910942566
