130
57.19173222584444 85.01567601611048
81.57675600348226 72.89848679183922
97.84732905158174 81.40767516403318
34.646187391106885 81.7526847723928
14.642901083430004 68.69688412340074
82.31520304189512 82.243167366487
70.14300402239732 44.389891726571115
7.251398925155517 71.88547149385532
16.296007584336003 51.603122412089576
58.79345894190185 66.44786679376512
27.578402226073784 71.64043644067497
49.08447462389677 41.740607324168344
66.02642651987864 67.03316724830411
47.71947437960273 87.56715703290186
95.89868637159168 55.56971550473472
62.55277038786831 38.15833029521214
11.928346047177406 51.79311956368724
50.88686066570774 8.080797102514792
47.87743624312114 45.887741630157834
80.4778771722609 50.718029833843325
89.53574284491519 54.29313018110163
34.826425605771995 51.73341778423327
76.87672996123148 21.380477370975616
86.49007947069983 48.06609198413875
27.674443247298232 94.37754711336936
98.52037509531021 24.713805521841937
42.48160650502254 10.653547361620042
53.79144157584164 90.1743051427702
59.91598359830491 86.6698003187914
45.58653713495649 68.83333913204326
98.96369357412756 86.61725911136458
92.92472934245338 7.140089690241536
24.980155225271382 61.962345078798094
93.10784146097036 97.39643983604896
30.731004230851443 18.05811651004997
20.528908330821828 71.44760050543444
44.992662757821144 78.7760490912181
56.12033633124604 82.18333811434569
0.38330580593135544 69.95226191231578
33.775127738528866 69.52128733821694
17.173752929466623 28.32730560951783
11.258351490452457 93.35613784950874
82.01905014050145 24.341089438783026
92.2731041829141 38.22292401888995
60.178438311142024 98.6075593866649
88.26070765764752 81.79008120823585
46.23289737012861 88.31675567259441
79.50027796407107 40.148332682170405
49.97393014381727 27.84358670432756
14.183062325132079 37.59648293619424
40.01027740442081 73.35397080974103
32.64205223105753 9.591580269670452
25.520821838061803 99.02014596627421
87.77995699219116 17.26340458445993
56.546566040962986 92.541227700389
19.417386309907293 12.861458524892722
48.402459435889625 61.16715451911924
92.27318296336354 73.18151798230797
69.02425458402354 71.25598168400104
9.447202489653161 74.5688222020728
32.84506884791124 55.825830262879784
34.72981731989797 2.5456721688789874
89.64956910426636 71.541469628265
59.97730980793246 39.51023005263169
92.05583393455431 34.0126636788602
90.6916964501504 46.442834367458985
86.91787008999428 51.96337606754056
89.68836685240392 96.7468922896568
7.993227556857551 52.66635497763018
37.765905400479916 33.106997771401126
79.3187571021828 8.878069698721669
99.47422322977985 79.83393652024738
90.11809563248433 72.1295201756629
39.17266468756016 62.16678122109962
99.41615399736486 30.957904551272474
53.68349879503628 54.831405605166815
35.00117500352987 56.24752910417219
25.120136806005966 81.46970279880944
67.32383295611515 11.077014484246417
33.30615670105877 99.35964798301029
86.51388919785357 75.72946709384236
24.4881248181966 43.50540304698429
77.85817494522847 45.32265854080988
68.08109637971691 76.11080026060695
87.67988552287976 73.83006351910517
43.192943437079215 24.298506386503238
97.58845457826071 95.40197602959628
37.211761249083786 86.64517476977625
21.32056532637896 87.07885089617922
36.46017873100125 87.2668046262858
93.22896688967252 28.77362871049527
95.92043756075677 43.28322805568937
77.0254363291096 66.92149152444051
76.0348330933101 13.102935612200262
13.455665370193392 68.62165591304323
72.67355269463265 71.90044338359617
84.17650518670816 36.039619020930715
98.30749981650047 5.704747080366546
3.0874554884870897 13.8722329537591
33.86155691700938 24.994902661432427
61.58615098208843 68.83333525970876
15.453846413121209 10.58501993051405
82.80293927542476 11.125796054640114
16.79872083597931 21.017125579891804
36.042287557955824 81.43248064318936
6.688062475220413 17.234519527404224
52.59929727463324 55.025645413830695
20.532403096603847 44.30727417218338
31.15789560884107 48.64419684761341
65.51959801465674 85.4540517127903
58.83866739150114 78.48246828918619
95.78591269521334 89.03362297403143
53.73641616459429 90.64552540315447
26.083521868351912 48.703335602882944
12.084586294535804 31.776564880514325
72.08387412983735 36.85443411938265
53.449013578011886 91.0449997677041
24.847110629555168 22.573297162000628
53.56844352204415 27.69783684648608
54.22685157323428 42.69145265273274
65.29318549375515 10.739665250334996
98.81253994962942 40.9558747548336
33.586653726751926 42.2543470126492
7.3159399406073415 99.93791472106697
30.716354318332506 33.15314618599026
17.417617418705134 77.15011612084221
3.418736537733058 45.07586582014793
64.03756651751543 73.13714628903051
57.16151263574471 64.86370066244747
18.432358367294743 43.51193436499471
