139
10.605928071690684 25.28420366253503
39.49040967103075 59.90054150273632
0.5745451718522476 11.51763593136529
24.434821503596538 83.85012839880926
1.6891751886818795 12.675120377313398
31.418953054241573 38.29560104997941
52.38258615081522 80.85983991572975
85.35714997980105 98.73855368382598
68.39474058348276 43.11356731480897
50.22306072327321 41.30585843152909
28.64876385604378 13.131971514452246
53.83886352878539 65.584329949315
91.06371918355983 30.570299890696372
33.74513724748861 84.92437757618931
27.118457894747607 4.099599703459445
1.3521319049833669 14.616298908702973
34.81259019031623 92.70647798766856
35.744907046242034 58.6437953504151
29.604288450280546 24.41973571186047
13.224992267756598 96.54506230541034
76.44946209150541 25.342232954985743
96.31413199948959 74.73077863824406
80.73906035900802 59.618027746154546
92.08794710867265 78.3764053851317
97.31600180584934 60.24839307413925
58.79202206513252 73.6028208004053
83.08509741311792 4.638435897982718
12.220329612958402 33.883817002813124
44.45973792681036 22.534720263160104
26.95924479833319 22.080686471005684
72.31256014259522 65.62497892356542
18.415305616348586 12.623186592204604
3.703461658282381 94.24654339317695
48.08723863583598 4.072668631773957
11.687243023511718 4.448350258289436
23.052106782590553 88.24589240586994
44.486480004997084 81.55383487935534
25.479248345000904 38.505035395606946
7.223844818888248 41.72100282599577
14.989284949258774 39.453428176692285
54.93586679913985 10.805969386042369
99.4847103770845 78.81008640695603
1.2017069897736987 19.609988695928138
59.77304891878866 26.41710045817006
51.06739156921451 33.975909765380905
1.3606540222233399 85.67343533735166
26.554506900901153 4.07870877377473
56.53053234711872 26.1995197644876
29.680112585407215 55.632335679108934
53.44448223638222 77.98955875448783
62.5959793194019 24.696935566898837
65.04552994338326 75.56101878331654
22.19035698316555 99.704883486255
63.16859631292899 78.4018592622391
21.302797025036824 27.63733293451581
39.49787553187865 26.63565673249658
17.180522432694325 30.012932060528318
97.73456449569069 71.24334634598708
9.287484697394389 30.744379632309492
0.12039775180830992 86.6062002265239
46.53116728488864 68.41771281144727
25.064768401041636 19.0257406911128
10.77587188494894 80.51008665508283
8.103726037857061 93.6042248418704
79.14883380952188 84.16864867656474
21.423299146139108 2.8698305065933405
47.8157835341425 99.22036078151153
16.311336928286522 49.22846638314454
47.911174412027066 46.27798173405022
61.42582831964284 22.13891686738416
17.330236588839597 51.737685559502445
76.57989823015579 41.59228818722182
30.871762719292263 97.23523574000279
51.99694520396591 51.92193289207587
11.410894656644876 1.4522616484729078
78.94862436521404 42.93607916696281
39.2095236311781 26.619910801670997
88.99077290200582 95.44638774090363
40.28800451070366 73.51010432867594
87.35236442051719 95.06170511258857
52.73817899102314 69.94042903662373
80.8145981664781 63.99180738300696
78.4220456047133 55.66107080447581
17.453888044445463 56.09553039331552
13.925613860948104 39.5635135450849
86.99529795652022 6.502927959121674
8.680161151421562 47.23200292313192
27.70809257407795 77.0685249503976
61.67934479687983 91.81195359856588
87.20953301204813 58.82139624903591
48.22843412342607 86.32729589605466
51.461427980154205 71.51797587213174
66.81163164497806 51.04572157256536
94.66934977253214 56.081533366044056
74.2936523611221 28.714302662110814
90.35378234457187 67.86190425037188
38.43415822230594 34.884360578833295
13.446424726105999 10.913051929444052
91.3314624779255 99.49274029922485
65.30003503751857 7.932777779229894
4.767915245203591 50.264222404633976
49.2497508339809 71.40869298402747
9.928962077286974 38.21498831349326
94.00749240773192 78.20899347657307
58.536327965259424 90.82448568612087
88.0723014603899 25.91351217730923
67.08390927760671 64.38264556982757
48.23210935917722 71.73212031608354
12.601006623446642 39.93967081787891
1.7230423892880764 81.85439661888478
20.22628139904896 21.747932526683634
84.90193135194582 59.84386341859348
75.97344731418599 80.2423038768218
28.102255407502064 85.72672827315766
93.67403648702177 85.95887851667509
90.24189481352217 58.34849845407465
74.25883612047646 64.19611220716648
42.30806994318842 94.53845339204422
99.88310507833398 65.52381196375443
59.25911656276451 36.048642126861516
93.2858922126433 85.39600306623197
9.435169874819138 28.734754416730603
52.10996571016436 43.167371964474995
7.393989437959981 40.76930572935379
1.210117462134186 57.506007832499236
90.11485474636238 73.8270665069051
6.082227164272435 65.46540299976381
44.381200444059644 83.64026064609861
25.95214884592183 1.986292247437016
54.78370189917804 75.86379832668297
0.6679148242193622 91.10835234748808
83.73772996802653 91.49176634661582
27.82059160082645 46.14302183290421
73.28351445604456 24.344165466820645
11.446757768264392 67.74362647502925
35.9340073033422 26.964153670449086
46.341880993970555 59.52355823864002
34.67541377458973 90.66152859625345
23.279648061004632 71.77628568742766
