119
8.655985115331422 89.47282854525457
10.040036762861849 68.23826099425567
54.74952585085233 16.98045861532925
35.23913509943913 43.73826423480137
3.4185669670663943 43.79141219680467
63.308425249370536 51.249951564448345
6.339659323946134 60.79234360057918
50.13662364099712 22.820912471946652
1.5788406358443696 36.74159103514276
79.06153117405022 37.36299019889895
67.88966859324643 58.15545433224531
60.15077413203217 57.097781659231664
78.47603804235375 96.73804289114312
33.92104050516953 51.10848768934784
72.58159792520897 88.46524151902136
97.36582591312134 58.19729551207684
68.58402527395914 97.18954927125006
32.997270377536815 51.885038094323065
35.73374872584423 3.3259769992023958
0.4815492956265266 55.539591129698415
27.88089008373966 41.0922605470027
35.6305861412038 58.38131922776925
74.41505880467099 62.114885749653325
1.4375213908301765 99.00054325453344
73.7174882662001 61.54300289765071
26.45737891943711 20.95527519386915
10.274822246945059 56.24854353760267
22.453843148873865 32.10329818834046
18.508414554107766 26.357611656998504
33.32035406849007 17.79603795038357
62.989087360182516 86.13540530914086
36.50255449131653 69.82418804314429
98.7157466013185 59.44926047549408
95.88891914840536 22.955110560772606
33.30249969745935 98.93058257968559
95.67764421982282 86.002640350714
60.86744737708506 85.51121045186318
95.57143286744049 77.03906660067278
48.36304138348695 3.335520713368967
42.79975336242763 60.123151951584
40.27241610815362 91.48493517483756
94.2949424090442 53.758747632800876
39.06102090869105 53.44117705958625
39.81001871616156 5.824014068868378
78.69715400815383 32.778446710605536
82.89642316179145 96.94034078303584
61.27010444994118 77.800005206865
13.994572880505608 2.333492865286657
61.68580078333329 90.12010156655788
60.118696059921675 49.9982083080879
54.34554811336536 33.9915182109634
13.519624690064624 98.34352912456605
70.54503246247906 65.66510028775718
4.622530880256937 86.814280306998
60.78406009697477 31.453333947264774
97.17693281800301 18.64207764723771
20.485977903167175 66.89877607061783
57.14921599235784 67.99857025309886
36.04654319291535 50.934015894979424
82.14868146229027 26.18949088780208
16.66516105828717 78.4644896812537
7.530923523112842 49.06221895478059
20.835791550398085 34.82888392216337
99.8368765290472 44.69010548900406
84.80675172061453 13.82003780005724
8.56202844239229 61.80742608859768
17.50006410302738 99.41886207058668
24.620732786258294 37.824047281341244
93.17349768740536 83.08135042832794
45.608705152552766 43.29511330098964
72.35546557679882 68.60520179949513
87.27888195273327 37.327746723045486
89.35672198264257 66.96042777164429
14.483081771451689 12.0975748199737
2.7247957359036623 50.406667747242906
39.11934122853226 82.5157223980846
41.04090781505344 35.08124427650519
56.95975471419642 14.18712733839913
15.246654645806645 20.715775722322427
47.75126240265689 39.395497206574625
12.6542653730215 21.564416587244352
40.05074096063972 60.27014777966711
51.02744821401305 38.90249814329807
82.02211284761611 79.86051757688789
23.904242887271476 98.15393209382403
5.113328416123397 74.02149441032138
58.98343114301367 6.131582287104553
68.66042492177866 66.06110516472373
31.42244051664067 25.08641480175551
7.698335563778835 52.86663864707375
34.69194532765877 2.563741350536186
54.694212605512426 30.564184887948397
57.26858499676036 91.36006083899117
84.77152086518598 45.437146128630616
67.931476398946 71.2627547285153
23.667553973170364 63.584128662445025
48.66696093559777 26.73980685934143
60.24489488241485 18.542673095815587
62.19394876841604 91.758390354473
53.58113055070724 66.51697121297165
5.5942849737578015 13.313110367227987
8.423597700338314 4.886610344014198
21.514031089623476 77.67117305993901
48.918550973474574 47.18538356248633
49.62266045830486 0.7587778407725954
62.204610251572056 36.83177943104749
51.927391549038546 29.77758960018567
47.72994889304093 89.45254441820389
10.330163911157275 68.5715351122327
99.8482959715565 15.491340590155689
64.42394867024832 77.3596804061236
10.588373319066468 86.80928284681639
85.03773905764683 76.6059682019515
82.00466524640726 55.010795055296335
94.54237635179219 25.975387215243163
90.20112005503238 99.59638894630397
28.772657056077733 98.89016639449349
53.51101867772425 82.32125766525671
72.03238906692255 3.596499645339124
