198
90.4159326226513 23.165022470347974
12.707569728194779 63.038215462568914
75.06803485059854 72.69599194663232
49.82412632008828 97.80339059559876
64.87660816876357 34.81471190395706
58.34858080397773 34.27331243659556
17.48650945220064 65.84933608534992
75.07308252251993 78.87397150142776
55.90176260402387 72.93540529299888
84.90068233828174 60.03926313049317
37.89016126613664 70.16208131467849
27.264600865304413 96.36032183200015
95.55975780975436 8.05721319536097
96.80852178515322 45.407755427942156
22.388735855504226 81.11249775968064
80.93212998121531 62.66477063003462
87.4960346122517 2.75649963300878
82.65035619247678 58.471107470747285
67.6349356636712 67.27309381394466
10.841584805579451 43.770159267219476
24.824652739851338 75.97661667204906
69.22742538036168 32.905098089166316
86.82106085721287 41.642859414050506
9.115870502433532 40.07122983215321
34.00383697061955 56.311044650488505
75.96466383336508 19.23926019777139
75.05436225672358 7.727313662093871
42.9412815661777 6.19010811112497
29.82403316072516 78.78189357442889
42.640327968078125 23.966348956847106
69.02309010754561 15.069854612954037
23.36926816634145 8.16135736127025
9.689019507893226 49.08947369893678
54.10275367544768 39.42776619727768
23.26587568495465 29.27953948653732
70.0422923048082 0.11244445097652322
5.689180506422109 28.442217048314955
25.337662125455797 82.39253035093138
73.23757574554189 37.13442230886742
6.745495781471678 65.04536919397944
23.951812033249777 71.88391202461492
77.4060777469061 79.88464369457444
45.341788378188475 6.865889246440792
56.589908499780506 49.368095218627886
72.90639646506966 1.2536855686351767
30.845452896430736 59.23621072828994
84.06464290654459 43.40020807500895
13.614710201778667 81.70574244099213
67.13754288339582 54.756269564790614
91.2661603598723 19.94221969853468
78.03937812497477 71.50329139092521
68.17331400088923 37.72742737896958
87.77621270027605 11.875968703127182
26.772775363770673 59.140302411674675
5.873136273680101 43.66814555294021
2.384595520953281 90.29171395680035
26.29554600420888 81.65069576469561
45.65622393262784 66.22369735012651
85.07146483408161 7.495066271978734
18.691882791518598 61.524694327940786
42.155987153804396 25.23027786539651
28.190193374248796 42.529877949279395
12.013006936741844 57.11816999441327
43.863214059342845 54.46570811176857
81.00665725166034 74.35767115850888
43.7079494521606 43.112654114037156
60.05870101602232 53.744801178387036
29.357531823440674 99.7082206094976
98.13140797243744 20.114983140734346
87.05124395792726 43.570009437293066
68.8033252670625 58.501734454905744
61.68701160376177 22.56043215064207
47.24394458672306 91.99949245584163
83.94081950289419 97.22156851405146
33.016682269094574 72.9613722155779
63.19047325136125 25.219848591943528
6.81598882222022 1.939245886779517
16.127275848401222 31.76920924230674
46.71462509050611 75.17375609488805
39.62623464026408 91.59249070603408
47.14991036059272 0.8076947443739546
94.6927524540684 42.942801784589356
87.77406914558102 98.27609219740742
33.427807296557866 1.6697349927953797
26.67513002792017 60.11561648172579
28.365018284236744 61.426215420447164
22.467444130656645 99.67606462259064
50.190544197677 99.502353405428
6.8687379499361985 8.649654258347505
15.95220536885913 75.96449691093929
49.82783176359244 58.96271531665648
24.374148442706023 72.81025929634563
25.68310278115592 96.1182616394858
20.79851425034126 20.80141781526993
51.330959883528536 42.724689431612504
66.00048001844439 6.137727063442611
87.4949728969357 68.92816700107797
63.29592811004463 62.677107774600586
58.379681878169535 34.22809612472074
80.51275576039701 25.424161128334767
78.89800592072315 19.755710403248116
13.928048469836696 73.91512688294807
90.60092381133852 26.499073772430037
80.55485730375696 62.04830994370531
27.57917351065301 11.415626992259343
3.128170438205302 67.46458048481581
51.697643232434274 55.46376518273887
72.1009678610266 76.19406505665691
95.35228712839677 79.37560906498929
73.51723798916692 85.22726166072056
38.852835617597016 51.76345454909325
91.4707522146076 26.694363285627055
79.05015735502569 41.221848457871026
27.62097814543911 76.0353415056662
78.2810093208135 73.94791650968205
36.86961521453913 3.715145838319145
87.34673068501726 70.51549216995154
29.105232356285683 58.15454833731181
20.41512855596578 76.28276796988183
82.25757840431207 8.147989216600592
10.04542730720358 47.509728487698624
26.94552600913511 84.0764344230994
39.02811864385676 96.3759595051452
50.40571064369097 46.484926804299796
47.08463651778696 71.88957651337005
66.8110615487989 41.13157528915602
5.538136063126098 58.356541596542975
10.352272676321384 79.13811336350155
35.086498196840076 82.00868788459805
15.254338636180087 82.99676844964091
38.64051857136418 40.78440757557451
40.71583798075679 36.48245897501696
51.99017362385444 57.43292077022553
30.293969934294307 94.95658696337459
59.067890442464375 76.15469495041114
80.27678351366137 43.98958819196766
8.037060710507681 98.70922940517865
3.797188156222664 66.83892682006915
19.115118291603082 72.23675052573911
41.76118664300471 46.4438049988805
20.3718709464041 89.39422752973233
87.04718118513509 56.92662246907438
9.712664954072213 64.68227250417326
99.81714545251356 91.94644211510472
95.9085073847306 55.40361794231706
49.43598366238615 85.53966561063145
79.03507913771189 42.530842443684335
67.26221327652699 6.190817147823358
52.37211429952653 23.970295797791998
10.50263844553423 47.47033468475037
95.59535289607591 88.31966244165346
3.8865330999500958 50.012737444495514
6.661918784384313 88.48997165708828
5.609030583379415 38.52577400626323
25.618030799980318 20.47654498115834
56.159737511881545 14.752101117121363
88.15598819549164 22.860061329225168
33.668814011455495 34.1733330666368
36.37783754089108 38.56574595904887
36.65653237488055 63.80369163471361
81.38881297009604 94.26579643252208
76.40751837140853 11.44357482879752
97.09448599427691 88.51752715912808
74.3634872206372 49.658347696222236
55.569726091548745 39.44476875231808
34.24596318093081 14.239668170577513
49.5124427848466 1.4756326997239277
36.57170169694952 56.45400967294133
35.820363682636284 47.15546345755551
49.03234041995711 41.30233887777778
6.517580402624324 21.383577496867858
99.5330478428265 79.71307438734844
93.28493946676143 6.98782462099291
51.16244115354426 36.68770981991846
81.30390651490086 71.42299173666689
30.358462735149473 65.68291039453518
64.97787512907341 49.632407876003946
8.29886249107814 78.62155222415846
44.856202415576185 66.23857755079982
6.820693845472903 99.99244166338399
35.49070432694457 39.05845420417595
64.63166608956702 47.065863735764324
19.976738928495465 80.33467786115902
79.55578618393868 36.34553317087542
46.10316798256557 11.21523124979591
21.894800148503933 36.60766037945199
63.76939246873153 94.08186697188613
71.59058540862168 25.42189838642178
50.051100727292386 39.339616302155115
9.727901110880588 19.08228922571401
46.31059641708727 10.889524967089459
60.57311685559904 7.477145712499711
33.44593636458109 93.63314845877892
86.60220442228116 57.64777062723877
64.87863783247356 72.5109436488867
26.53940404520282 73.52295996493162
90.59140286197169 77.61911052317375
17.853693830945094 85.74699978685845
