110
53.115678646194986 23.924272011596248
10.370188804963643 67.75933029492262
10.475990463713835 32.709866387729
7.184656382246423 23.230964201008707
27.409770708193804 85.11907655812666
94.32315892161982 42.683526286281825
53.75714766309881 14.709884754868641
45.8829370853238 91.15561868841814
36.905480975746826 37.811417869358785
0.14837575588215746 14.69769739708312
27.56169582324851 13.045032333712047
24.127368805713623 77.85862750714749
67.12209004318473 74.76309767169643
16.640487481710142 52.31528371556173
3.8011831197498847 15.30576952504733
83.54554226587616 21.814907658977422
38.80144933360206 69.75249950691304
95.5260589160737 82.1689918574318
90.10829055119906 50.375552874182695
58.05823430835623 51.69739874051918
45.26348262748663 84.41072856297266
53.12042060757661 77.8433994359024
54.98118423915025 45.60852497736404
81.169555824426 94.96287652047522
17.805632888249324 53.12724270413563
39.956827657813776 23.58238835146298
1.3168017359243778 96.33410798188041
76.23327727336643 23.39033818412628
71.19993762889298 51.57209753037969
48.213989991005725 42.552633046460244
76.42355461149585 92.0777876037653
43.72317555886991 47.82455297020351
35.56988139542751 69.97288211042058
93.2503861155475 74.55142064695377
80.77928351406943 88.40169793176406
28.22684260538485 17.914999120673592
37.57960818003889 18.466182873641625
7.974063228420891 5.444288459968494
70.9794413684904 71.91158449631556
59.38266295706589 37.259814846758424
89.40033878871891 73.53907612806613
96.07375793781769 55.232604175506964
82.3887056168658 79.06945365860611
70.83684377550709 3.9309433676313565
18.262480630336096 37.427349208014384
64.67727656851757 42.91854265988865
42.90118411689341 9.444914017878203
99.18946769649976 64.97717339609274
77.07935056366753 43.95525083575146
48.41013401343102 4.093897925310619
22.82787660587501 10.737220590147178
82.37285165428791 27.635089878619524
33.33302830328137 85.11852450313143
84.33152438020667 48.36033313711842
77.16950152149317 4.2210761622228254
91.51756564001714 49.80603038883883
66.57905613602205 95.10046607842956
30.43635623062678 73.18868653000237
50.712672765138414 59.160237617471836
58.52809037325063 38.14272484582977
55.80138425382298 52.75134699649162
44.50688134215951 91.16745032269027
90.38648410122558 74.58267946295673
63.312387822337676 66.30450450782206
9.565992036195325 26.002340105226164
7.481683727039801 31.082675366128964
54.07458460204408 28.250606608938167
5.670130825265474 90.34447169276741
57.835324203479374 83.79093945561374
83.31614759353361 28.26553853704362
66.09418454683541 19.98952876961132
0.5666194685997494 38.02959537194962
43.66735462004571 95.5851248523436
10.298097619466374 60.2281266406401
56.85731485609791 75.90834939840742
31.12998211543433 22.44144879994735
53.5109775243092 9.084918446619728
49.08777731422129 12.585666303943842
41.18351576386841 96.29854304511812
15.114231512922204 98.32820567473628
64.19578350376567 53.849796637775526
57.980338040491056 55.89685493995285
73.63214480880328 68.85586919736068
84.64776109733829 68.32795988073205
30.863996451275057 77.5345242385188
38.25647652710461 41.257560461643465
97.29450638756852 34.19025017823753
63.6847312761867 46.51634445664735
51.418567145540294 75.49937015543414
44.83995970428343 58.87076211798142
23.66673805490359 5.8869607572808675
91.74967600299212 46.63152407015073
30.254752325586033 90.72491215907934
41.628337830684835 9.933088987147121
43.58058469375775 94.04945212759064
91.99051945620818 46.37339945308149
62.480679535176655 98.97055591784209
14.724915943561633 16.458369733626498
10.809011080309949 55.178681194537745
63.9197303416849 45.94013697612197
92.93171172331427 94.34294798966788
91.54368431692814 42.917022331194424
33.01299536836719 94.45886343737456
84.70050092077135 88.3920173406316
34.86390187832076 18.928898410304395
63.63158792017936 86.50931501366105
41.97993053988694 42.24313196276841
96.76208261018395 30.519868507556414
11.921641083639756 22.74508431586494
83.60254080821167 98.9208099347779
