153
34.21673299390038 70.96979315997513
7.559022753464206 84.28342636413203
20.92089248499732 89.43515644920156
84.23868588980254 6.302639971348711
72.95031000965217 15.520950723940786
52.308019134868886 60.427643911109094
5.053919473411006 94.20190059655482
29.603416686876784 94.97326363900794
30.32816491508411 36.878740284232045
86.15265047234202 18.24224432533529
41.60664041948182 48.776304439575235
9.47891403210459 50.145859215156364
59.81055372179409 87.36265547211407
20.172282850176536 78.09312650920039
70.21924176148656 62.79971418449984
44.74139679754281 47.15795695284631
26.43633126448973 8.835625674738113
79.5060412013887 56.49945895350601
11.862317425786472 96.50271249437975
70.75998776888068 12.153234964407211
90.20595633208414 27.357327025847656
32.36214202652293 38.05419237735981
73.80534800494836 97.75683762965541
21.873584026995985 20.46584343384559
84.00923410045476 73.23191028574124
40.48199049257251 64.8765150707758
50.904644819399415 5.417077521864632
2.105541337162342 30.58382010638374
22.604687508439213 28.24915752919771
63.79797290947251 78.10437772967771
85.8895996171837 5.940413824189128
49.50685420416762 56.06041184043341
98.49716926584911 24.809800092676014
50.858061318887785 90.16225079388529
7.894242310138089 41.6760600224042
30.131642317916928 48.54795262964554
87.6299267283782 77.65165165227288
65.04870625726849 79.87951663964512
24.38241317573929 9.715434136960221
33.34569762821974 33.81850331976399
5.709843573137984 79.99039999098376
35.41636998365186 42.394466368527226
14.211378053447888 43.97866858961594
10.56241057642734 5.1221007440999
31.70983167308057 65.47372704172817
76.1991496450891 40.89509534409458
86.15077408933166 96.99428135959202
98.60997850948345 80.47758722065701
1.4822321397059302 21.892467228450553
57.89676966300008 0.3368786011943681
50.72337562732522 64.20083367076205
12.778149293826658 32.15757336429746
90.39750006089679 51.075441731408
25.629678535360068 26.285149717207858
21.651895185091373 95.00248904539724
35.928282154824544 98.01115024314709
84.1498448525561 38.34795434986542
58.12783953070095 12.982223020208217
87.82810270089381 74.03513464136515
74.72141498146321 89.23012001864736
63.62182554780678 52.74072876287315
69.40932302690895 90.3772969037626
95.6145795716464 1.5011004513538317
82.14746286995252 23.340517033594534
19.683286400157307 25.11648430972785
4.440792848750508 42.06214766062244
75.24606796468922 13.257017756473699
31.544874707967995 7.482646630018541
52.12802510277604 54.97838978929106
60.03739200714529 37.242283556789445
42.28577690546184 61.44581852743332
12.078943156327426 17.82539424749001
27.01821404278525 47.15404548744957
32.75850746438158 56.248672831521176
90.47441179241461 93.55779522120565
72.31912576233466 25.82318195750508
93.990636675492 67.71949997693557
6.638376009653257 3.122225712946014
22.47598258683827 13.438610273000684
27.018975276049385 44.02856956125094
79.71745103400492 12.448830025527059
63.56187030105994 82.72065558437029
52.59944228017933 34.05757257609183
18.862266861686273 65.76004394031838
28.00758098371967 87.97973967656732
38.28122756332702 59.88105713889986
50.96144305807457 48.88574027359146
62.206841970859614 82.23910507107118
62.56462406947341 2.5451971738395307
49.41820192467813 70.34493969008572
51.65590907562987 2.7338104039504874
39.08799669521063 44.89741988360636
28.782010886712328 16.539443687593124
67.04167163938375 79.6553723884554
10.084992257199998 44.059141357384654
88.59602366318192 62.19032970287402
15.986937701630966 77.96132027768344
47.954063332840505 59.43552640797575
46.65688494362973 73.65318366358865
62.081772074593985 35.05080348121854
13.670158513297626 90.19815160322314
16.21919635982859 91.05220188464001
20.9689439870299 42.981489373962866
21.679543357103093 44.39780025711191
56.39920729359361 37.93552977746234
14.241111773718728 19.554703024475415
55.787175811553205 90.55371149242
50.17739141490512 49.78590512682444
62.640845373033585 12.902683038640482
64.86599049390495 41.722153790125915
18.664552667881495 67.94463494227857
24.893025401684376 68.40226392437894
39.224620023649656 94.3537440696891
97.35418265429699 35.58444427731475
82.26823920645978 85.70870465275912
92.30981142572821 45.78030755642122
37.2640780033936 59.00324430136963
75.3508997739004 55.49475879787755
68.19802729333159 2.0064541625844035
21.658576710612998 42.594170797304244
11.084345024451569 66.23913786509748
57.43350911789622 4.039120144287822
53.89028478077981 31.50525198552019
27.201623634936023 87.91672722133677
2.1262288483640868 98.9843763500255
41.13397848077187 0.037647030643417345
27.70172421681727 78.48655875823522
4.1573477525855385 73.24911122585102
55.42504580137519 9.608138514374954
90.63915551762062 83.91700038161588
8.161626410609257 99.14602929333753
31.66523553151972 94.60005085554512
10.303699807246868 90.01115024100001
14.234169683345554 22.165229862363645
74.09506921111073 29.041346540338942
56.411570127996946 36.8606673448163
39.54757432063582 38.35809588040476
9.593976804794814 5.099422909073025
52.88666460121737 62.86535157475927
87.03807658380063 11.792076946063979
3.8071618299930887 66.67955739032169
43.89481522998281 97.44032804914244
71.82229140671164 20.86425563846256
91.52345143466371 44.42789377077987
33.657582728293335 67.90667397364487
1.5080153476650926 6.267701778932
16.815513091628485 10.336651253401708
6.866565086053555 78.85484879182614
93.04044680667268 91.2028667201384
50.562785074691995 61.51618051889906
73.5819266962033 4.93736112585228
76.41312393904313 51.43999138094604
99.89539879439934 91.25250012785789
