190
85.56026115148865 8.128910347662599
67.98301908336121 70.39605065020453
14.32361805374336 52.320224476294996
89.35288249173661 43.752844647133514
68.11481200794033 34.04019605689097
87.3338330978834 96.5988145170152
98.13402526285117 30.610770860679516
72.4890503908277 79.68410640577547
75.91915435721734 43.185187712298614
92.6306492510235 9.501095130719705
0.13492370485175265 89.07379565893375
80.22496311340136 12.461212477605377
97.10719423960356 62.52558366353923
21.381552653120494 63.05970675058508
45.71976640851856 5.873896184025962
25.693348885875956 84.09941548950226
7.07294305550179 44.588874659375854
23.954367383672082 64.41898516024109
53.05135068883749 31.480678734430512
4.809500884498307 95.27850522077132
60.24461754164731 38.21422082231969
80.78154882770546 62.8370015724001
78.28146300186354 86.18091677186779
3.1658782069416747 8.053488544030074
55.04235072476318 27.15410378714076
8.321640327323143 59.93974549870362
23.91556493076843 55.542034217556214
74.60166015094725 85.32685744849721
30.774935656367887 81.7915412862639
9.40234902658521 30.37426368115643
43.31685383633298 69.55567329115141
54.78427150431588 67.33537233314362
39.734603719544715 16.680528609826627
70.52823001368542 79.62373791452661
56.464454714396204 83.42485535695917
15.014077310921447 43.28994427991015
99.97144154836522 25.730733910745528
83.00401499432553 62.560160601062464
40.499662630472685 59.91731474855864
75.09723390838016 39.838188294301524
32.3326762175333 4.643061914575641
43.67611391255599 48.5225512474733
93.40861754130648 59.60207668850542
32.7119107638982 9.231334489987407
40.91794185743139 68.68872307366242
67.92441478364526 80.02914782766426
38.6967091353186 12.530566895085204
44.66012793214388 34.93628222410764
97.47870243729491 28.368802527092786
50.42945588735992 33.266836848208015
17.53825656705378 23.332288641831422
11.303556115932745 84.72841041561713
64.92383933414249 64.53761268378196
35.013121517287736 14.828553066983686
60.67230903939256 50.22278623816435
72.84434200186527 58.61249530983499
7.944499034783304 96.72768520345508
67.92353212729223 74.934070453801
55.41979174103929 2.9762926586738514
91.35886156354132 83.22183191811689
1.2161435113275831 2.146983299313465
96.28171544203157 55.82632153911179
30.416728516972103 24.524926493782928
44.354074396643405 86.19851413419043
73.01031544954678 62.14558049240132
36.38724678920332 52.84892353392212
33.97250400867707 37.84095401934072
2.459234716535208 15.095801920429086
0.2710292256764113 61.890041221096595
58.39718180806896 62.70497718251485
66.92317547807573 98.20518722826938
8.655162570523768 14.168235683886765
58.62281282146298 17.8495692413709
2.218335414445749 40.394829738800965
96.41865876550753 1.2303113059291215
71.6776156994507 81.6660122696614
70.07533463990166 7.930405911963511
96.13008133835079 78.2711942057682
3.374453562145685 20.103973963364997
66.56192603697032 30.214895558491516
28.957208259678392 84.98658370069431
20.061758832520383 56.48227213057043
76.3253487519364 23.55965761482548
12.273365468413521 47.736377199050914
24.298691834182474 94.47774909216145
47.643764272238364 68.36925398742162
53.010462059977556 21.98777234079229
82.80744436435774 58.80534556437743
40.87921822533549 42.63267436844858
93.51195975810609 76.41357010087341
4.207269998742125 98.50637267550266
7.246844914178697 22.238693575006263
6.728593182098075 86.93606487211797
94.6391392441975 12.382261758666669
6.8273549788189225 44.15888444349496
42.70730855059003 1.3507914253341746
82.59332242006504 68.82879655581145
48.306294158365425 75.35699837797922
35.66481345984208 37.00577510219758
32.39066402665996 60.085003944796696
62.409493276032066 45.23209707584434
88.91568861854714 95.44475540838462
86.19973643894944 25.35977862327441
56.903085283955434 68.72793832229343
21.127837872910494 44.19530636073863
5.4280730468697636 87.6382057547557
23.327541049528623 56.35279926829605
77.77460456464205 79.65283580221096
9.808578793545909 87.32653951904935
67.40011873651186 79.4956009747064
31.829375614637755 95.71894475378909
9.743261396240111 12.94375083426762
4.656156771281561 23.45529841979849
43.17554066774986 56.50257220344124
55.26415989369422 21.506483870867577
66.1716499391714 89.79830797430255
72.76842876441727 63.259682465943776
28.78106999128571 40.2218155972877
52.9304207324806 93.41135186470326
94.38887676175744 29.187089856954273
93.7139416144099 61.40802071599039
69.36864592612444 17.419357694599015
60.7924639702498 14.850637832504054
86.67589768517978 29.662764851724955
90.0476475119357 34.921546315798956
71.43524400306853 35.2977184909826
4.545357171230069 4.7488875921411156
89.41389153036839 77.64935336956457
7.980310756629394 69.3137821995554
68.20436755818378 60.88128980882905
8.181174861904395 23.605895001385015
41.12042845955406 60.182159941488045
44.1058829507476 83.11238584740256
41.72779074437795 33.34658289687582
40.08557130477286 13.9154011737335
35.30617675117724 29.419275966787197
93.76629007955117 88.685111325107
85.1107838115426 35.236099145685074
43.90502440755027 27.780464898639877
6.513841596277025 71.238806727157
7.624680587901045 23.28070862697902
38.968868022169175 43.903589447492706
42.73986265906697 90.81313304857562
44.59581367984606 3.2082262819719265
46.23944917513951 18.77662586490658
94.72367444426763 87.65092982116175
70.68778395782091 73.75504706258357
51.27288271815821 36.09085714027736
61.495205366563596 22.420873134300333
24.7203199884923 41.651441302896345
3.5123683485728363 21.242970511283975
43.06164809272537 96.12973702842599
2.536465851455394 23.553113871741427
20.35782787623921 66.71102292538208
24.172140775153128 94.74265008425137
28.546332994441336 29.008893486338515
73.76500598559717 75.17021736239136
41.729248503508764 89.31720244019246
24.740492439300287 22.009278896139286
42.03982277345675 63.657706976150294
17.779421910120206 95.44170845987567
53.27908822402294 81.68262778947837
90.48827122246448 69.94859739138336
14.066963239982611 50.27151731038116
81.43606548836631 33.44746666944525
69.1703046675042 94.38318020906578
11.192229828899691 96.19238793691738
82.18649739366639 58.500691571954114
78.13982306690325 11.593386011920693
29.782481722494648 16.168064136739357
17.574453798124125 11.614837113937082
55.81980128155644 55.40505161324932
35.73763080745975 79.55406686150084
13.9826179987786 40.196903471736434
47.49854666419247 19.054732015624698
19.73632664709357 81.24762509860261
85.33451414804047 89.93657595984168
22.471697560039093 76.37281217030251
64.24616687530398 13.028616993099895
75.87704970551775 74.74561008553923
21.049984655481367 99.7812132741871
81.4981461158846 30.79880116054342
82.16772861894216 24.894736645131644
57.296412537191976 2.08108016673918
10.876627218279156 13.646304023925493
99.18150629142058 71.10371163595326
48.33162936065172 48.0510387098087
38.5020121455177 58.065867493931464
9.717260320826671 92.93973096185186
87.12996209601782 56.19620263466293
