124
75.56804542882927 69.94516366309004
96.15615702612209 47.18157138235162
38.935512888760506 24.40481451557005
79.61858834822819 95.01140548829397
58.319223760312745 75.55689010993191
78.67947376183078 25.794559284776042
38.447155401794134 57.53977846724746
71.2704230942883 66.09119200716138
35.17812442694439 95.26291617315292
83.383526840432 70.78455066651786
56.708603906901324 34.10553447248203
89.74061041722146 49.30168386262683
70.02397687480104 97.74911591737549
21.293244464855988 60.970358625369194
74.58662718910377 89.21134968563369
70.23763477025423 2.2731217449172725
17.260628657185116 38.398772827939354
65.68202875094555 18.313670469768304
64.87329342068968 1.523883710502072
53.976059708742675 24.814172252070332
97.82240867204867 28.73174589451022
2.091862162681657 65.38015238431649
0.64377368481916 93.01726735886491
30.670356596537985 14.030272364795515
66.99352687374599 26.193034399988147
6.010510284911829 49.26202588531443
35.12898163907842 59.62140878456663
12.035752983926805 73.55559900728915
27.896821761782487 24.10259238173742
40.59901560952912 49.36652083500993
84.16641814838012 98.07842909756505
16.418423141016635 32.64755221727601
72.4802427294014 20.582425894902002
85.68010103048026 99.13599044082046
85.4487563822669 81.02229744384162
54.209885194295424 96.4617716602858
27.196729595805667 64.41690750525186
86.30294005344889 72.67251289540575
40.009584960590686 22.78840850171949
87.11432046718619 11.914575781381043
53.91826932128346 71.82221165078819
83.09169764743913 48.69795950734481
33.69101626987692 96.25222755800282
3.9896860836143855 42.19015031056077
48.251805058428765 8.738935422197592
98.13459254629477 26.184315011882997
67.55734171939211 8.946890468542101
79.99252901408619 7.683900376599373
19.609228526813226 84.89254920421956
66.20681862898232 6.970825076860643
64.35554594498832 92.00806414663333
70.32378124795 75.00352421116703
13.826830390183675 98.36195629969279
27.90663033810703 16.838065942700574
42.39863152329381 51.199687912139694
78.36894415668324 25.918029707273327
96.83412280716102 38.212025985864095
0.12138844650868563 12.790439012073929
7.118207227430052 71.68899779904034
97.06205316344565 13.140402991661283
91.84840540398149 74.47784303043034
13.143963119670543 47.4700087483541
40.56948446529995 15.35618643086657
8.465365604105324 16.588849739404075
54.19544137096586 86.31883947982723
44.54264819789311 59.992371652208334
57.20003213395843 69.40730223987957
89.84948055570084 78.80654386633651
85.93457107796688 16.72698054484989
38.284249181364615 74.75528200369313
56.018250780534174 25.470555022317885
74.60754886372699 41.75361153525441
91.62618915095975 14.938346544026837
31.868003056543103 90.85707967893187
35.029827124482814 88.4254566937344
65.11807761065407 21.117884875004854
58.401887213852774 43.901542380166006
16.201723668692658 41.66766604169153
31.115089150572185 0.5701474852589428
41.68202829108666 22.549021641332644
42.37586090332297 31.14849079888452
92.62816454946352 14.327700331952641
35.99666277723739 53.688178786931275
15.913125362404479 90.11184312879101
17.678391426278615 30.366461470359674
73.69965598122221 58.95785721047322
35.249516084833445 52.41625882305412
14.139243894520103 77.56071758326301
61.18298223259675 10.676558369482036
50.24694559612887 69.38815403800079
69.3245282339295 80.79566720720038
79.62586966465757 50.23164481956097
16.261728201913527 67.64544753579193
8.531225723876501 47.91058396511881
47.680301648697856 14.276842675315638
97.8751989768963 17.22696270390469
64.26573338360316 65.28499530116481
26.637126229871566 81.53100494077687
95.61498650749719 52.07612237929119
0.45161808757288036 90.95375023268576
28.157289904141535 58.43571902102445
19.21248498838097 97.79484244307005
81.62816740444629 79.49851814586766
51.060376441495734 44.376276439720584
0.46288884605051317 31.152089893635292
44.73112350656275 1.9421466179937452
48.73463879571103 53.93225995456987
40.45832655376604 67.49390946365102
6.669436292902975 62.30707643770961
19.65901946703311 89.27172572399257
5.671738631978607 62.25131014956602
15.13709776218668 39.57264288942919
53.96261568715629 26.680009291133477
59.84662757055435 56.88730169759941
29.965583456046897 45.88672719414263
71.92084854166215 65.77176192795649
83.95627591688485 52.48295190396798
57.51230443418051 47.16128114167111
49.34513435176927 97.8946280259826
61.81305853939737 15.018407474083794
60.169345990979586 76.00463547758972
50.04629091077227 11.627873965658097
42.32597615436706 2.1555976204926552
36.235101288429206 52.34611143619796
