128
69.89842154992381 23.01900121070285
63.954183758003765 12.014270673984983
88.5196559652005 28.012799442369296
16.909688625132457 57.27179749460266
65.71221240527586 59.494247676876334
49.93784287112487 84.5052164102406
44.66701089644557 42.97352404016775
30.191722254539687 19.243392648083802
24.065814292733002 79.84924934515132
41.45855510991242 28.45189211800202
63.35896977131916 97.0711785341077
78.23523916323268 52.265668495365304
2.7347073991406234 21.475596587247246
83.65562990134102 12.612248393512571
10.812996582802315 60.98237633327786
73.5273521597332 14.796355294939012
50.10370770528867 65.549895262715
90.9851798794884 54.644155976649344
96.90619569864516 75.22277901340621
16.116387575143442 78.35309752094008
25.021863202427042 18.907788624981915
26.993706655546013 19.153627866409938
42.28749399455205 81.54130055189594
70.02468694087509 48.07927800644053
72.14350483040185 32.75901067629032
22.0372282767643 6.032023746860027
46.7767406837926 53.78794762194826
71.91244836808424 49.308529125791864
15.673682899956642 3.6939876773338542
23.37090044846466 80.77518596535819
71.6329296882047 77.7086699354398
29.563991518479583 37.776537619214835
33.75597628695619 44.49088232831332
85.40297400501944 72.98380624665357
12.366856018349381 53.655064449930876
55.089083879273005 23.512844196776772
91.38484754799605 91.95520872489861
26.020504251597686 39.383952316811644
37.43611786358172 6.7454299494265735
0.7912328441035399 70.56347932687808
46.66235145628742 72.3090896889777
0.7757075912703137 11.230968285158017
87.65534797456282 13.424570143771597
99.56984662661725 76.45423882785268
24.407836104501413 38.15250743283265
57.2114218402584 7.504656508395957
60.03701424858867 55.89891213983338
49.09553658912601 13.465744552310156
12.376196511976145 61.23954901880527
97.66157329384913 0.6095416983270541
54.28790402165177 34.13398019436852
18.96805387740259 43.749604372713854
85.94315418189659 94.18882518994708
71.89698362290767 29.028208503713003
65.47086942891723 44.223074338470084
10.219329529279852 40.870079194337826
63.31772295688568 56.48541137078207
4.3115336621698415 83.12040147046805
44.07263933076009 4.751939497257995
24.75719486996053 8.031550804908294
2.338380779893612 94.6591539199791
11.002802827982972 26.356943036881997
7.773364099690494 35.94514554407587
7.7788338393950385 43.38639185759008
93.60013704141113 29.460003714955295
0.08451749111441087 62.409414942390484
39.81788052424087 20.285760208023127
33.413762134731215 9.961812901830891
73.85915447098954 69.70301749195662
74.6335746453993 99.79657156112569
4.331762519341876 52.72110891171554
64.8289265028846 72.73978345431686
18.672607650761186 83.63472111285223
36.23534122399429 9.880029206036511
33.43413519700904 45.94540613282341
36.38120853749468 35.4778277536997
37.96490756580746 57.51157137345352
31.532312444218103 60.440722049167015
28.126071930718766 64.11124716077853
72.8021701826498 57.1582483663558
37.18876728970246 72.19351711988791
54.627355454327706 93.76776233519014
15.133806600966127 16.250503559382135
77.71756278175408 35.72656976769824
30.579732235249168 82.01468448146116
42.19059581379824 55.33898971563874
77.85555779512688 99.71204554275343
62.22988065761817 64.29356911924077
97.25017859054309 2.9974552656797715
60.45879616168519 26.399286544091904
10.640109201108128 92.47744886344145
58.07109689466816 73.34782883818545
32.546898765757746 36.39018924761448
55.28441641708671 95.78604800151533
22.595599858206118 51.600737545578234
12.108759364816802 0.8626923319191016
54.21093869754845 93.6203946266196
29.324799377350217 10.087671759867945
38.78336223271219 79.63758528553346
4.9309582770808325 61.217224022217835
14.38689325310164 19.84622875549028
81.98708342517713 31.97504089017853
14.303705850837833 12.351611432400379
45.24612573890313 25.705082451556393
81.39548828029162 90.62699617878901
80.08974323978093 27.335271945774654
52.03027622146571 24.165804134710612
21.37585009151689 26.108090132604833
90.1063042141975 96.2807837648918
11.31309397967052 82.03260697596124
90.20133295097956 37.10503153984013
63.848027113380724 76.3360690973068
6.129837881181588 71.88649542809115
62.80563161434299 79.63200230149629
6.213933390139614 41.55415913639822
98.23921235771047 82.67617435042008
37.45931402205739 5.876731399020175
38.02436264099139 31.06406865380077
89.83069713520713 18.832669622483046
70.00915282775749 76.65600831238064
61.878702513599826 71.41191812758308
32.61257602112225 98.08674550935183
73.99961522142218 3.8293694011577784
40.25102627015066 89.4186798850754
69.20577694778322 18.68678163317421
87.4960232775369 14.015678168207756
88.96059666304504 93.39172451653535
86.36071285178602 85.63920242079728
