142
84.9753440136905 68.1123412656903
70.71094467809317 33.35274971944982
48.19355513665946 76.54894578420033
31.471791042767617 59.211613036213386
3.0597453444673683 84.08804052194726
99.10772173474248 29.644080318166722
2.3347455381794835 82.60554860465719
71.93226002766421 13.808088584778943
64.4092543248488 55.56528161166984
65.56863649368148 0.05883018379516658
48.44913917261192 38.160692455248665
53.68915390413378 69.28288853391841
84.0669278043917 4.474151253747793
83.78144731546364 64.43455737365421
44.265529474107026 21.006624007774622
91.80042350627701 74.8867739426813
93.58434309192987 80.99070790114197
96.10829031229991 19.53366366038224
1.8780449705743107 99.7914486847694
58.466907802254866 64.49853207006252
57.28923331768733 32.09190295864084
98.24686552014663 83.16881967353898
59.72996023070637 64.31107827466924
81.22160438200665 24.261871383700427
76.32135361955291 92.51185206089573
7.522806876153787 65.52234741453911
36.371992603130906 41.73555226501718
1.7247869049345055 93.88309442268907
64.55466783177033 82.57363157216113
91.4429609431024 89.57326283014596
94.47098249864837 36.06115250209603
73.8100994262069 8.813884021456275
2.3351340871254345 30.8425215379202
28.38024454142216 78.43804913565583
13.528046171576435 16.680388101687083
24.80619184943107 10.901288578531021
30.90964436807925 75.17241926986401
3.7184462536136054 11.236884765769695
73.72427938643959 55.606124815049704
11.49908760552798 70.35029263448236
89.85186326654595 68.64376625880051
8.545263706578233 51.43839666227071
4.7183112984060305 19.035513326984844
9.668051946956169 44.70803525368711
4.7834097233531825 27.65037871430538
69.88482409704386 85.66763088516306
37.74508035160029 60.95740964091032
68.92016301461575 30.252879688271427
4.949979644566415 93.56358288320642
98.48156122884622 35.85489666745133
96.18611517227427 41.67301240282957
9.63154252338505 84.8718654408823
87.1865123067178 85.71635546016341
18.56610443137455 19.309539283004096
53.22697633904855 80.39319306813306
57.607608896310694 43.60523919026935
56.09067628804101 54.13978524264088
69.56181486337714 17.040941145186462
16.337043914468474 85.16892048769432
11.241715796885376 39.12901742881593
21.61513432959251 98.55211325295568
22.058883980435105 39.23305138846832
53.70535181163244 81.03831229395911
89.45095105018692 46.341777479207245
86.67101501956967 86.4947311766127
28.641899870571564 55.75829663000545
33.73112080868002 56.18959824583286
9.985272037107329 45.48102820809652
44.26974409020439 87.68724480983315
34.39086929943791 9.903698858057385
5.73634615911276 1.6416637693932645
97.66124038377879 92.57484276788904
42.827545815519805 83.78789354488546
79.79876936560518 83.12658604927282
88.68153214810428 56.14102628736399
92.94786631427753 76.36600171096924
74.57605366871317 0.34283611245278234
44.36018423802742 49.53951030783072
15.056136720536939 94.60333128399488
37.72411797438514 21.665386537731337
32.529566570668536 17.778364867245642
73.54809610147072 74.30663176962236
4.651341387338537 61.12044778709434
23.266806349330505 50.3170115495375
75.75774904627605 85.59311195519179
52.23924631995003 66.9808560958076
14.479580499321221 59.72406220151187
2.6581148425757206 95.1683724082313
48.25417714044885 19.30383758390769
74.78168745459031 75.51442173342669
71.54327415024096 32.35497586567111
26.77885980759651 20.043263201100146
15.801687720412305 21.55079810487768
23.400209786132997 61.336066093921936
90.58779333880044 85.71049646125944
46.1787633389122 98.68467438983114
24.46944922521831 7.9913959493025155
96.26362005875309 71.44242890893678
89.52743739708109 96.43387730964459
84.94633854482723 92.56449667213444
93.12029718695986 41.01876892716566
85.42053413665957 47.51564880148288
66.33689593242164 60.06357381826096
85.33321258661795 16.189977348525165
61.67277788294284 13.140763693352076
32.92864863160692 44.246976169989615
78.19637088815774 17.373480318425415
11.905256770423488 91.14713343427347
74.06768216950869 25.04855598749377
48.12654836197156 32.55531713497803
66.02355098808215 13.861090815478505
70.30154653792628 21.622672111799858
28.036291393497347 49.50320718244171
66.0592756310674 48.2530629211037
11.025393166699537 31.239437294108818
63.911456886495486 26.745424437054833
1.1568621086568198 25.006828948244863
0.350050402890123 95.94897916823459
18.651294102399728 29.95345094404159
11.361404991810641 74.33957984002492
52.10624623209862 94.79198912344789
3.5049338619707715 79.11019769221953
13.423113545352006 40.167285097243244
98.52910763804313 16.918533631399455
28.499118537684488 35.384339153363506
95.03863294299647 6.740009438634765
86.43747248713687 69.4897420492921
13.331757260592136 19.051441836446102
11.1019445083122 20.412412791563874
87.44995533141994 34.75223314137628
33.97051024795179 80.18901459274245
7.066619365433924 23.329626124411863
89.65570141654715 31.266084555027852
79.51055482695479 51.01661019972812
35.7475515783989 11.178073354400752
18.27842513008926 18.57325471951161
67.16995764493284 99.8589457180262
51.07094359925027 32.77728411394669
71.7152665126724 15.143216092699408
4.670052890584275 93.88529091571898
47.047911436651624 57.52343196430192
76.04621523220523 97.08102901615267
