206
13.595991723967348 34.67741217034569
60.65660872236154 88.13825388910817
35.10282239982846 97.68661469996556
4.422603572819561 50.027652300511164
77.66399561138937 16.889800343999294
57.19076480430181 65.59527478103665
96.34683514678987 93.4154631539249
21.992628766732913 61.16753267590196
64.31987314118655 81.22027744017922
54.32308394582264 63.474856361704035
14.73166594697146 81.57756084809698
14.110180590018794 47.956615042378814
31.194073703450343 39.43389613943633
30.782928543664124 43.87957505107429
84.6915268439653 7.973514889109534
85.27479747673384 39.12977959078172
77.10089134597015 9.835341037662193
74.00012691747406 20.386830798695577
63.38697491129746 2.106323730880233
74.84396627460553 14.246814964446731
65.98980702344707 11.302296667851008
14.86420187081795 86.42642499071886
15.178826900869502 11.67130104213523
87.37729055710084 35.54146221005099
66.03117474397574 32.89407233517392
19.83443982172124 7.4304802989399565
86.2802504830471 79.14236310139565
61.1592812546899 90.0849077659717
22.853334848756102 76.79975953066281
90.22292658745594 52.859908430389964
78.47942811965585 65.9739658939416
96.44240595449494 92.23780469525904
81.89075249707103 23.343767464828314
28.512568224535585 26.40079118258055
65.01678967425946 83.08231167736318
71.1734495493474 71.4130269867581
12.54031406916194 71.66107065920609
18.753023250637433 96.97943738961624
6.579362976291692 27.7061437390133
46.99872144877808 8.131735622800862
12.871140221231226 89.35897437171077
37.12099118969482 7.398789845920217
39.20782080189689 34.95802421423016
69.30220456190617 31.69011451663357
61.066524255638775 34.45534828952189
37.022587258786 19.981891247779927
80.04897522995512 15.114923261101143
78.1974176372419 80.5636155701631
68.70165186023256 19.546977906118357
64.96721534992437 17.96888341125671
5.548081466408306 95.31269005712355
56.006936851745024 71.89305894807795
53.51292047819036 81.0652232305707
32.96243658475685 42.402863145341904
36.7551713912565 30.184921272345843
95.5106628776864 97.75000786931338
71.6390052774064 91.31565489628206
51.91563773449816 25.324945009288612
28.561251938310818 82.06747660366959
16.118613831746575 68.56785226177438
81.83235289157437 88.05325042558509
63.30401217922277 98.88678014376896
19.059283799837512 3.945661121500743
5.383221109565961 96.71876729111175
21.859624935622012 72.34951825029854
13.289608125682307 39.31691738481026
30.61084173508972 85.18953391173066
1.8581192967940252 40.0525611572248
90.08260212385808 25.229203986819225
57.28458171871692 89.92219573731474
15.149801279684382 1.3698383607658404
18.899374701666016 23.035934200952312
79.085411500272 35.09005960754271
69.04827717786218 73.43233175168955
35.91751469025806 16.68148062764474
13.133083676361812 78.14711245508411
85.67411061668892 79.55833175829879
0.2884659292360148 74.93875835303574
50.79327405014566 93.10655758311226
22.463377730645895 63.89466244768849
17.89126947251599 42.51154524413634
71.32293258226451 68.3941657217774
66.15397220394469 2.0370580403132776
38.04673166563502 88.798928150093
16.678417527360466 64.02564186007211
25.815141458621603 68.15108239425483
89.59640303480647 11.858403684179331
23.001908354529554 84.48729226135457
17.476484745089248 89.73129200690778
68.39464095297818 99.05883950026686
61.726866721831854 46.81717673258829
69.75213462885 84.66000029563764
4.894363446680172 82.49001804472815
63.780207786035604 77.92061854584952
31.334960993218985 23.853953555408026
59.8310986904085 97.42674229914272
76.67449068899447 6.928099122590425
56.57058581255424 56.44696645339449
35.373658778733095 55.20389240846287
66.91766053633845 98.32563962340365
56.81689289340356 59.2578098612672
10.07885261752367 67.67066755741793
61.521966112039216 85.456740567482
23.57821283196041 8.431524607345297
59.36638624359788 28.14258218063307
95.22088702711021 28.381759957406437
65.19877643536199 84.07120370175174
6.919039951982153 71.3721378552671
69.809539596103 10.092101540419296
81.77278953985252 20.13537107604816
34.398289779199985 15.080424140292026
32.70501925990635 22.450737659077745
48.57664932534214 6.339860735838476
54.419051576386025 38.88544587551848
21.353524586395533 91.50143142654021
7.422530089627932 56.875955789587294
16.158113842881395 14.235769438079615
55.58362437528548 17.153948358667147
8.103452243163801 61.2471990970353
11.510776267026202 19.82933387066671
85.56624664534603 78.0246599581676
79.33403246397762 81.56173756607367
99.19449144659743 59.97944160138007
99.72408406342973 4.855338759717787
86.14935840666065 39.303921697275754
69.18089578887707 38.368195519506784
84.81305672629196 50.65982748497545
33.956531526266346 2.0585198007443184
22.25774065775279 59.8003385387905
30.593225489601405 44.04134871398712
70.82755771856829 19.829399258677473
61.21336069069835 93.03516407421044
7.801297475418856 90.9187193153257
42.68526982913314 23.170564291064643
39.832691442033116 54.926069187189185
28.646023706369384 39.526797882088715
18.237145471316495 30.505888185027075
88.21785884276613 52.15560661425196
49.33058533704845 26.205771370484708
80.56080827379475 62.79096208432469
44.87738522352477 85.09327207601731
21.583963355145976 57.48413566471823
36.33504589169535 82.58054309595263
98.38576502896738 48.260258601647124
34.70957204538732 73.15553266662643
33.15875476868122 94.67739460337079
84.0429256898135 76.97685328889767
98.56542365959467 75.21455330077409
77.40459191538493 58.339073886945606
5.282699249275047 3.8309044932054226
99.72614310545566 44.79523002441349
20.883943394311355 67.60692918616367
78.55138598928096 84.65664249153227
81.54970777799363 53.54527704987406
37.309419930640516 78.60104242397969
57.89138984923057 76.32596936877044
81.62446935899322 34.313203240338275
93.52376250663515 74.95636307747768
24.60349862516733 79.49917090394672
82.83518662886631 39.101299343684325
1.085923757080065 36.80269860209287
79.84587986166228 35.2901432958638
37.290913507427206 2.5709459263576595
92.79130419757536 55.79124700674855
89.91957484053962 72.82696557013631
50.22125160206774 64.9679921529031
61.94186265392766 62.84753460064183
73.51647043425753 54.82643576595183
65.03539729593692 2.423700641482107
62.86575534673909 41.03032008568713
46.12141463550028 28.22488190866137
36.95934746811638 37.98238985709793
43.94538880126362 93.89521411602485
18.510934518285683 40.80880083096547
55.86829463302995 32.70416088590468
17.812949377400177 17.800586019447586
33.663032126963266 29.118486842025217
68.6812551569296 10.79357466230565
76.17540558156799 93.65821143658937
32.04092582300993 87.05394473790874
51.65954841444614 80.39809265178178
80.50203656009992 23.3536400756413
9.627242167060935 23.790051065441688
46.61057928671578 90.90239423823144
99.7977879630219 50.00754637271576
40.58138483619904 97.72257487837828
96.3478424274888 94.51409455188148
75.74411630143808 23.94177551485843
95.33079691552561 21.348621224718123
17.77656910279627 95.3541296768503
61.32708194448716 57.78681849857321
12.18681107324089 74.07607339751219
98.28025356013336 90.67504811419784
23.9847192599569 22.82330604834626
4.650105961297535 77.34697420800714
70.41150643275138 68.8496303780777
69.15011292533988 33.26655402732205
45.99826009605113 46.08673054557958
83.52929967733661 45.669671817923195
7.928005272186079 91.67261785538523
26.231213178592284 11.07047050136295
43.666153058289645 80.0475103743854
76.62870551753025 61.026503457860755
42.063116606864305 65.72699170062913
23.30859009558155 52.15228471873575
15.69135150691997 39.393800999722416
