212
70.82660201597665 21.962369457592313
93.87054506328253 12.243641804197614
27.056700879732777 63.65982357771205
30.025996393546663 18.17597962180856
23.023398191123412 64.73192804561857
99.22401639792014 64.96485334476144
31.72321918140908 45.46617724205942
72.46919947124468 51.7964910018011
17.00536434608697 41.823831553214184
24.968171785627934 62.45552594392974
91.21643589439262 90.06992040242963
6.7268670357779285 25.17762657530319
25.315866540807065 25.746113244395374
12.450821671763656 30.598742253252766
36.162717541712595 19.4328798155602
39.88375327683348 96.74864623439466
28.61739065709662 14.218506239048223
58.55711583448434 29.508190118237486
82.25279243910873 74.90752801574271
60.67075790652211 23.554361589592197
82.21848825688106 93.11949944731104
45.39317011294435 45.414641439440906
79.50477981485218 84.51978658406162
40.66036975389581 52.65416664183715
48.21237008167528 51.33876376242792
11.656284490151435 95.89353387654924
41.615901318003566 73.32693696441625
20.99249112316217 74.509653931417
59.03664822487976 40.550142021231835
97.57148749885444 22.003732987325563
90.48794163985922 68.04834257085443
38.22783821467404 62.95303487236864
19.743565086101256 64.12623665066836
55.00180964662263 11.006034692007516
42.23205666224562 43.74547771701408
44.300363067821614 52.012868899242115
5.1251862727982544 31.968310750696194
44.06971465552251 21.345783838234766
64.53824174571389 14.617491756362444
49.05336090356622 9.45455276915208
46.282357496960266 48.33152859564884
1.4314551828930822 93.13133795957985
4.067700485959181 75.39263309762042
75.33320933952884 25.437663953469258
25.069989876014777 9.681874290397518
63.91155008582421 71.50986597871348
76.18328032870795 12.079155666328834
51.0090896959014 94.66906942111227
56.88937240792337 61.15384286640716
86.66809048365587 92.89860107189838
73.91731138799537 3.8493839017808784
54.08899794717301 10.692578193965952
52.16575043850506 0.3959789602590691
54.41196927284165 92.6126067598101
6.216874600004429 21.11378728930371
64.40213983926125 50.2717489387158
19.595491481812488 74.23790591957784
95.35309834245838 66.29833937652758
79.06814369808016 97.59803287602368
58.77012020242516 83.60732836973175
32.01733725171978 93.83161610398408
85.40022897113147 93.10674177868637
68.52460801238844 90.25543677072287
31.570094361337866 21.737781673137626
82.83458152507652 59.814743266742134
97.15889240670647 23.642690361634877
91.39259385282583 99.15816415279775
34.946723257864384 10.19210571015311
49.30025011315319 74.45975486393839
23.75245825632366 49.894499501134426
58.50379338698302 87.75226940208297
7.582208763845433 41.971543042518725
68.96380510427828 25.32721339923516
28.958721210103644 81.90354506559171
53.88643570399025 36.20697295043392
18.15978225443773 94.2810407655547
20.492747557014734 0.952982916745071
46.37980853424612 40.48359317167207
0.3390016558302511 27.338450185978623
68.02447932109735 22.698764092365575
59.026934143596954 32.260335979538056
35.533614264946856 37.35919525412862
94.26381341100807 9.794511506933446
69.09132189614421 97.20620056394635
53.78651832391657 19.6098889184547
86.49378031030469 47.83978050196246
41.76465348277751 74.1122490360114
27.778132780187313 42.575998836442274
6.617903504930145 56.713722466021565
25.57140135612096 79.36960219455419
1.8284414199706278 94.59963032685195
78.92987931513954 72.19889153537736
9.374257416962827 48.39463570862026
9.93846037399716 17.435226488636367
15.897849668952169 89.54602465310869
94.42980894765086 21.88700715344266
99.81441029760094 74.47832661559232
74.16074050327646 1.8095009573063092
35.63136332259522 25.755369917716344
33.50175560070888 2.5128019555654357
48.209899432070316 82.52828295355091
51.766433619270735 16.498051376180413
26.695645235078523 69.35782563830271
0.44712182514141663 96.45838822002956
23.645676636669112 51.447477866265466
6.814882588683291 61.06628119933086
97.42022033032903 45.6404281561229
30.453701802924204 59.10603365137332
16.08445797764976 52.986299461401885
83.4107538994988 12.281272038662527
45.5938424978538 43.756989581477825
99.0126235135702 14.20582021407416
75.06952786249137 6.746233370539844
19.346575550220724 28.10012760408491
65.6568950622028 97.62018704104968
24.541216767364148 33.922345534273404
32.43092824853081 17.157724185101387
83.37063157432087 68.58255901812068
38.8514956544968 14.372308688726498
72.46104510676064 78.77254856641747
44.056988739201955 62.876319904518795
10.838935396284356 0.6119491485837458
49.68718841982097 78.62938938433714
34.118541442479824 95.69943160596686
69.19457717942686 38.899981081947686
46.00384036681041 58.239769145031225
82.5784287134845 9.595280430318187
3.1797848913197813 47.79633662764922
5.385994556705986 43.84880265536961
5.923991121324135 92.92948358390515
36.8811271092233 29.550340513861904
35.686931834087396 68.3991783843681
55.35542001572227 2.800084474223896
43.372538098582595 92.82577859791384
96.19907894295649 37.3110073629492
96.935702182117 15.583760800088509
18.806938066064248 50.01202476623119
51.67395042312233 10.591547733253282
62.372342541025304 8.231177095210473
82.66754993030341 90.40630283946658
0.9797411435683356 97.2877233278829
96.71734281187615 59.096536775665164
98.58559137081825 1.1088464661187514
46.25485962233393 98.19529560806988
11.090784115749418 65.50066601071451
86.64904306634672 79.87369699338828
13.142896217391076 95.68376986763415
58.50917785521563 87.62785960482334
86.16818088234129 54.25520511704285
44.88311378728673 47.28667810627593
63.13884350812603 71.56417856749216
23.99404778192138 95.39376584934546
75.41502844706164 33.78730934672092
95.7670624953948 96.95307928604903
40.11481252854408 83.69970965903302
26.504507212125596 58.85499799923919
19.1896925140705 60.13652914788643
90.00655723340446 96.51555672322012
21.06634214490918 32.81620179425485
86.8531023446011 63.2028322856967
53.597579224883106 42.406860673567735
13.731982990635327 2.26963076316119
44.834761892439566 12.980227905733333
42.95333833533349 27.85067622899521
31.429024509071635 73.658855197494
92.92729158130558 92.41195363699887
66.5207250185225 1.1578474660530413
98.50908852388683 55.3201451684123
94.32434730587094 6.115478886320858
91.4454312888044 74.02660872377288
22.54777686204388 37.47294977264152
92.18825375576299 74.05718295344151
1.9047660486610885 41.009697159235806
5.777261838912684 99.866424875377
42.89194026098285 2.2691738687031004
0.0799395399899594 25.498544814534498
59.574665155230065 72.3793802874383
7.572292547164661 42.74833812199017
94.9484762163042 3.114086743102973
12.057566883107619 28.679038515443757
49.24494665526077 50.1398721922849
51.6050902509719 31.062296395291522
2.4891923703423635 49.34498024124804
55.19253780218097 80.71776378456009
32.704912019984675 0.9489172158315906
59.07416648126971 78.61437822742468
73.49882508156533 10.042793271123562
73.64168961924572 56.72106559078731
80.9072539935879 48.060999725204546
80.79442079864765 61.07421601721952
14.657370288230497 9.126879583027947
17.662699231989176 10.55495110252166
94.03002311669837 61.25562413475243
74.0984906171758 19.969676354636857
36.713298966251486 57.943727067438374
30.41909859213645 2.0695881402032934
51.34985104612273 59.840811170247456
15.585731411716619 18.635840362057344
12.25747635238561 56.06358199691369
73.1843870293425 68.6094090046887
98.70679061686795 4.553255437190707
98.04435868535688 74.60970216992193
11.937978063957466 35.07976193027713
22.722644443641528 5.492446772236892
95.66558441934725 2.943964856625747
44.80834497062357 24.513965999713395
6.816714830472348 50.00669582037087
27.9039216723728 47.91270782956517
97.97489569994384 42.20534426117655
34.41003272992592 49.95897209195923
9.88912383509496 2.856553937335782
82.04717942644463 73.10382514339939
