226
31.94205639765596 64.94855614612686
22.121403354110736 33.12185669138793
18.327768247207587 47.22943994400748
7.686566152335839 86.10840706893275
44.45042932571417 86.62056031049717
24.009416564749596 18.651682100961832
6.225347370449674 25.67729777006621
3.1432928617217026 26.862325286653622
47.324209196321874 30.473042537798424
70.09509221507804 53.13870207577087
42.94625574647662 34.25624183756801
19.613443472724146 32.352436262979914
29.873145947910416 96.60177850550741
21.73743135939572 77.94686476641233
70.97310271118296 86.34475512048111
75.13606586677686 51.31356531252121
47.500955295825754 22.761046482769032
97.85132176974581 60.075058195127426
17.578394048680234 86.84611389220933
65.44700236748966 41.7127717255948
14.28921869345573 6.821198277257945
44.25775432634723 69.54645881520406
20.647710205907543 36.04366946291098
11.58149155697037 19.147295700801514
24.113711676509443 78.54916863928008
6.861161601488474 39.52142858142936
61.05485100614308 84.11610754122798
83.62589596715944 59.917347601545124
25.349366386071846 59.867307684774
12.905156095440983 73.48999324880158
59.064700024320175 88.26436773602826
28.123395378886894 51.08642696230474
81.80249109166387 82.35236303053497
0.19890786478446998 19.62943190957556
38.605852911038696 32.8929666420355
45.1201949187663 23.468668056710417
48.62790974513739 25.317124483765653
34.97326302319216 80.63937429617845
26.299245753107094 11.706260123491031
76.9998005986387 28.64420620581888
83.24198355352031 45.254183780256696
68.22379498255773 72.0218007481739
63.27843765059333 91.65759244539919
16.44496703428682 56.03448531375877
79.80981647438004 30.569953359076585
53.71815645647281 64.99529977825624
72.56645541426317 57.0954834935826
76.59082502824174 38.95337797259665
54.0913836906711 81.9843393766348
33.451109110357166 70.9557762197123
6.409246920845668 9.088892874266552
53.23139996253803 85.97539757744529
0.7163702154753593 8.608805070609915
82.88279930272184 41.21136591443797
24.992128796193256 87.57645200265213
79.43925076755808 3.9614227512173694
26.106710914350117 57.0888092647093
75.79128847979626 91.41084996140847
87.38336586918092 63.08595734718024
13.059764533282692 50.03315819408418
12.729455072619643 55.169667520945886
47.94687271508258 52.25363567060638
69.84710880975791 19.63556451119438
49.54598105248057 14.222110537738587
62.84435557547218 24.478563062649627
33.996744420592606 63.581718678802915
48.19979930958451 7.300747630240368
70.73087875003024 64.45283656392839
49.892603925330526 31.537320206103725
51.40651385632955 84.10351519464146
35.49424598608791 79.8654147656617
1.7260441437469298 28.38815565397834
70.1399339357926 73.7394769845338
23.59312512939338 97.6210061214702
40.19576400013991 46.11277723176615
88.53280790682896 76.0402506374742
29.65413335595666 63.74272612933339
56.945211134574926 73.24531353589606
14.389723469836468 18.93984103297551
67.19786953735355 33.05054698939066
27.726461109974608 29.793552842022475
66.43446186807525 41.3455301431293
94.34534033625823 47.349046976672504
71.15102762043762 20.363421579176734
36.56196653747479 17.34731545507483
81.59576894867541 83.9242666239286
51.43321800892628 66.6891821844643
17.002646761916484 46.45767704710606
54.61076814814798 47.245691605425
21.794099240304288 71.78602983808877
87.0745703156523 88.28287364158179
31.004165010035223 7.649203208315214
2.3374607208516474 36.74736244909551
56.19506708694024 2.0238457668631082
36.52545714974384 50.08442120439689
13.578523156458788 33.66484076922679
4.478372864496205 28.877613094292176
28.68954528094364 49.880547966084976
43.300313052109885 84.08810618495752
60.51604402808809 81.23051086159862
72.60665092107477 33.146709842305796
2.723992801489372 77.46380740408424
27.668399112724117 61.42121701585543
0.8710033389000893 10.470923644683038
48.88005409330084 21.57852977511273
2.5935343018315016 38.991025464162654
69.48938593788351 30.900430278674417
34.53302590058257 57.321663814742344
47.52029603130619 50.06724332659409
36.03614330054686 21.726733043581103
29.76668759643182 84.07148684397151
37.818578917887294 44.24378234077757
37.632200030303366 93.4765934512157
82.10863320426476 84.11624512494386
91.36194287709546 79.7304296495634
26.81393283613832 55.5263024421756
50.235066792869375 65.10424166580285
15.167482219148386 67.0968811188453
18.571110139892642 64.2866294907782
78.68416692642955 57.58815562737205
95.21932550520975 81.22490113107021
28.9517017141223 95.8340294029602
17.603105377152538 48.30091303323979
88.35352791349956 72.98721594900634
22.72399083344665 82.78469963426603
60.31482654495962 38.8312678372483
5.871700107943855 89.22036369537737
66.98697380208718 13.806528703028231
12.985520776781412 23.18051283377156
29.36313315502115 40.40216401913304
31.327011205125366 64.29765428102912
78.8769649464492 87.23850634252905
82.10512488568217 41.61823828488892
3.6608581995216327 92.37067951891012
89.25886620032189 97.8159015950319
6.298858917196948 17.29194295957761
82.97668002134623 3.2715397997053586
17.798593567509247 65.81299055560245
16.061825013170772 14.141918138378262
7.8767196159746256 93.13317398403926
75.8457173902387 13.069052407233873
85.49857231247475 55.97540381294124
59.34710093635434 86.86776476049609
76.27994049847425 0.8614000628501373
24.31885755392843 22.316569211947414
70.9428187032173 25.738101303248996
61.26034209013926 45.70618066663948
47.86546867354763 64.91433094797173
26.152126904564987 96.05660028351876
92.58348618936867 42.22370605141841
52.502551948320644 62.29568764830958
61.21727419351408 2.789330074219043
15.832483065536085 19.4108032750953
64.47959990182017 90.49601374990543
28.96501918598907 68.61102940397994
5.752501521872178 5.04596314653365
91.31493274949689 48.8736079720338
62.24143418906568 2.5382375079453623
73.23750508211083 78.13358924124432
12.99913238723387 68.37319417587238
9.653376372060318 50.77826491056305
45.06701808086069 35.74665914696462
46.4444524347687 10.39233056005645
15.852992379011365 39.60594287817331
98.83834359025776 6.992715050335196
98.16369509830446 8.845237091399415
47.84102094077844 66.77079249663367
52.476975975629905 41.04081487240172
36.26496854334109 33.75068256911638
67.5836830650903 60.11682328600423
79.77945654893898 15.950519307823185
61.759393232980194 31.261502784817864
60.65464735429978 1.7815164685241247
32.92717922730786 94.80793957292464
52.00740058534503 85.78630314108528
61.19190692480628 78.8775459633386
0.8582088807948751 64.78476606967095
15.22707667045119 71.52196388824763
9.64363451360315 53.96506473178694
82.87252180157192 55.54293482919076
90.81428550148857 67.01098138928168
80.2983081313352 86.90071688020154
78.56015535840797 20.462248677136298
30.018638058047898 66.15469938927448
50.639706840306765 75.43998358940328
15.911227117258875 12.758148863936846
22.809811258263345 89.99706104855618
9.7892496167572 15.360697441510485
76.59360627139003 58.5960020207582
57.50999126989726 81.84451579619638
58.020979602120214 47.8914204722464
80.54514527890805 97.59279441120393
21.385938599729027 18.04405901293564
73.23421773646028 70.00902709274138
50.29076699070993 35.223711808981164
30.45473245748287 70.67691305632611
58.01910585798817 63.16842905002504
98.02535488416108 40.10330228858982
14.882323253897034 87.81619299036845
99.7163541396353 34.193800570732755
96.83680995873988 96.79400032020652
80.0736881109967 73.36956014143618
64.1895236575411 87.44541709955539
18.20058062334129 31.718265777051723
48.5025119159837 88.74778326329576
85.3660299913182 86.72371953835918
50.273811603343155 44.652188607300126
37.20235075321383 68.54452061425297
61.59218488475222 11.967301085307847
9.413617930302332 92.99623524991502
82.59011342924408 54.303784056108206
82.50516914789895 24.859174774395964
20.98726383717102 32.496099481905524
28.61384163131988 33.39148240055634
6.113684746137538 24.84883517842552
52.303486438088285 65.76261785827262
27.313163202685185 90.1429350612425
54.286504351152544 9.234051098887308
4.711155374486853 88.02680301012448
67.37571396912763 53.220998661915154
28.332513985026097 75.56021657499608
24.94675190101535 24.212225750120474
21.640532801817823 89.64508959378763
48.25681048484067 70.57844604972279
61.791626082568506 50.62364272572242
54.23940444727153 95.04620112420106
