22
80.24362445043407 33.82065731547603
3.00654179321318 11.940130726721543
11.614614031085168 21.660872063636162
89.20982929773295 98.33049660469871
83.53183774951013 91.63138361774308
6.861525481609476 77.85897202459553
86.19709302613437 3.2010106469002264
43.650099492539375 8.91154300971585
68.7840132068473 61.8140980334857
40.27881637416956 28.214808708676166
46.69179884356848 64.11971434825351
91.40207255792822 2.787820920433659
68.28052074311672 43.056843167065786
89.2285814981008 95.41750749577633
9.63697692008002 99.89481107106856
51.65767312860917 2.0603311437975225
21.568408673395744 93.33936468436958
84.334792655868 37.732156112652035
22.184522067673782 11.038170171450668
89.87709097022095 12.945229561846261
41.01123367864814 32.44969782577516
46.46694153094758 63.013762218459334
