245
92.81622983768378 26.214782457414533
61.064449302705526 62.374935092842556
76.34641370959703 11.693641603782634
27.31227062304038 18.253427544539345
39.232661532294735 88.22727317975549
83.4678296587184 21.49201313844833
28.55482128570017 11.925261905533047
28.34620858434398 5.978260634940458
33.65289977073792 0.5767991955910046
13.997718154066884 77.3409678860209
89.95334943089134 43.522736001814565
91.09063408464613 55.93638904080686
84.98455276071869 50.169921597732305
20.852557034641684 89.85810227467604
36.7311323869259 65.65286257054413
96.25054806790317 80.9821424048649
95.82000860549496 97.69243000101156
41.854361650584124 9.09682114724294
7.647089292887477 47.58393191836843
21.177953760647604 60.85393944549291
99.79785216520514 79.8496503755028
62.08142273405617 8.84316856554478
98.68190475874535 81.35179596094734
59.434747289321564 95.45987018041798
11.455434260621866 74.28631350780608
24.127556637938053 43.09102986813449
78.18524166910026 67.81055421174601
85.48376979448985 18.39767175398156
7.831901157546106 34.85707627526554
35.46831035954515 22.919625681007048
96.3448642081769 96.16919150094047
44.76791656247523 67.13448301565747
12.416493814202234 75.26492174247844
99.24869741435901 89.14656357877041
19.053159602996228 72.3634402979726
91.81127539666637 76.8519269437201
64.62522706311421 73.24777370398598
19.929397550271656 64.73942696171878
37.925471811787716 99.35429035378688
71.06403979553349 38.57433591136977
85.12065412851658 11.704055889091203
98.81540714647052 69.82771466225083
78.71080506401945 69.6236096200008
90.72716797349324 56.76016333648117
12.108605141979933 75.41294020924133
27.639293700809585 93.79343258535545
62.29905752586844 26.390483521167795
5.971999398920014 70.23121916567004
1.1286384988156706 55.12340099277493
93.75810612449634 12.888848834503486
78.22528063914726 60.71384615855223
83.93971151699895 26.729101527350686
7.233248187677155 89.13341550302681
83.25721332185945 19.695029948479746
60.463420111577385 45.246339564989846
5.23184606859044 14.797501249914513
9.848786094843454 33.18295537012963
34.948005320723794 61.317449832522975
0.0676545859689015 18.723602711340014
26.708351407446262 86.88197532839294
3.1485548284273857 42.146271989976256
30.050200658061677 87.73373972546514
14.366194893247897 80.19965392632535
30.867753861451387 62.70866383692852
95.65570985589633 4.126468231717406
52.0190786569979 95.77567098900762
96.45820958019804 37.874968666854116
98.70414027842439 75.69523552545434
25.67585184662331 97.74314033033382
23.12484985370402 26.269839977283116
2.316817089599854 74.42900079951254
98.69694454795142 95.74764066016975
59.13793605154937 22.95574884959023
42.45240891760862 6.253895584606517
71.79604333367256 53.65508594622076
73.2475842029055 63.83292964707169
15.410845043975952 96.0222206624332
12.52929666310596 44.49067246695711
71.55203451612996 13.088607440636402
42.738187263318494 19.384406313319545
13.380766016405987 16.52206848311519
24.013819880203023 91.15110887552646
5.961026284205717 63.7240186682052
97.04137889262248 25.32335465466622
92.48504855347211 51.37666086264838
96.9396252168324 41.02600497830557
84.55612322878517 27.10440564926855
25.985912503010724 20.059703068529277
6.496882580079156 52.34853660343575
12.045108345459955 96.73702406942589
82.21295288988503 18.514784010288523
26.336991264796506 77.46990047991399
35.67632445068754 35.65076756824679
61.933423912661546 92.63172752594647
87.0264556958689 72.27934464372832
51.131591071137315 21.561413926282036
89.77090292061104 56.47060886605427
80.79948297141459 23.112580215066792
7.576919635942381 20.34762870042144
2.9968300048251684 38.569929532907565
3.908617104034684 8.839427886526307
60.96970367020026 5.446885110142608
52.379281251848354 28.555970665326534
89.60403273723868 46.900690507616105
6.780172468423961 84.67424695929776
62.15398781400459 97.54395374812918
82.00653930428153 9.729398555753477
81.2095393506248 68.44989797390213
26.53600342055016 30.66353841306223
63.677027914828045 3.323535073126016
36.632494114064244 82.50601970141396
89.9752938997216 79.7504668551535
68.54271288187076 66.20387107204697
89.26798545360293 87.18723198026855
53.499195431949886 12.860926160280151
90.00010274768071 73.58802551622287
89.34865398814024 78.93415229609586
19.917683202391935 88.88445474496098
97.84539826918528 59.457517171068886
31.746242363494815 85.50089714019292
98.3761682609435 50.63304875928245
35.630542208616745 98.24070682689604
62.050710420024366 38.28809494221252
89.7226025001645 19.45884300356108
56.301629087819414 62.51185857581787
55.44348472588203 62.52470859778649
25.36976077882237 8.9942395171982
90.14200990463033 70.37949536320309
11.01970298995959 86.74936345894344
70.94879693329904 96.77488358658547
74.19344339069511 64.85457544312057
57.885420376996436 70.82787514823227
29.721595459320326 36.10908989212971
9.421356727691366 47.15993917606098
27.370074147274803 29.226428466450336
25.37904229701905 41.868076312527705
94.57336626236392 69.95878038709719
5.919356674047515 3.074983356465222
30.868743941558442 99.43615202166525
34.949654045573375 94.47314866341013
60.58719812095122 16.755654676874844
0.6905877504015057 62.376066123797
41.96547393224507 23.782847040865363
23.76237878627242 47.96800249636502
21.21805267770165 2.2959530830855
15.582149064739925 17.087256624204926
34.24889246029282 32.24667473050913
17.29567861148422 12.254247068343648
98.53641643375073 37.90888215582988
45.91070126152661 66.06074199087332
72.84464601212701 33.1120495601434
12.156141513741359 35.30115829604546
16.397094262755118 54.944499369402145
43.34871575461169 79.06988482058556
89.47926472309352 92.25259638992449
51.18481676300532 66.4777343864356
16.513344973373002 51.08831477217025
73.0587989816419 17.130502278860927
5.875073974371691 84.44453934670703
5.544613518483644 46.466013546744655
32.5247808027328 7.437526801416583
40.50434543095774 94.28247231977382
90.99061819913798 0.730210919385843
52.41928424277067 35.81947353020466
84.81811421513173 95.75388397678074
98.0355765206096 57.8667308053313
1.0043520662453953 89.57477112802228
96.4844723134156 94.00766950915057
85.06478367278339 4.80880644400642
84.91488268838299 16.39082742461062
53.56982050684469 62.15078996200172
93.2859106769119 95.04433809005106
26.882575321655512 69.69060195275824
42.72464304346483 8.078697101184428
63.84749942978524 56.64290117365092
79.84538076379391 37.39698107146992
53.64948985545303 44.75325932840705
35.62667635046001 26.105722385915254
56.0051813147946 6.744225194935327
21.387872314387213 20.049214306079467
60.697588578880115 35.51058026810628
74.95201408036186 3.822432010416099
28.25199264864545 15.5445659515993
55.91779825244814 52.64815285565223
93.90486987896546 11.329531908403755
14.607376831665741 40.13071472806391
88.71431334821722 15.214689684262128
90.7791959197283 26.684715136088077
16.289666915602464 36.738184618470335
94.23867039762645 9.219041588634836
23.94130760916977 16.525624153310325
97.18293979626608 56.35695435284984
13.688334419939352 58.6120132946926
46.41770841684307 49.17201125878064
20.271597250572338 10.64568101460981
7.080182253955125 70.46247250300382
85.09381598294424 39.468884209317615
72.09312414495405 43.8503329341201
1.319882433549513 9.602101349685643
25.895481051839308 51.14981146539551
7.761412381881949 5.753966212590866
51.70937848099021 62.15454121093175
86.21048502328671 31.444662282861536
31.943234304935565 78.87824764975511
35.73924138950731 72.82091557998532
67.11274736671434 87.79842385062125
49.3803505723511 49.274288792791886
1.588874242462368 39.52840069698821
52.581715279565024 57.026282816105244
58.204747395273806 61.1831032381396
36.226095480443234 49.571626386100284
36.86410348486673 43.16402505498701
7.66107968927524 42.63980810805009
56.050366416112766 17.79610513818777
34.46755728265447 26.97751587109556
14.797938664361777 24.292952871796935
55.887060214592765 28.46153273579034
40.94304796902517 86.81625634193007
80.624446609054 87.65056328028385
49.399880573372016 58.67661125427027
22.03552381908349 64.53801473951309
16.084548310296743 95.05691267276765
40.02999500412674 97.87883870234018
33.53514970402542 30.53705906630825
36.18530504564962 29.267959967437672
45.17937346739897 92.35793138666624
65.68259157321965 56.53605213599031
21.235192400103497 37.25393514812819
97.56913405053461 60.28831853000888
66.85094474948549 58.51904184374056
19.395813657134852 44.88060621871934
13.412866025153392 79.56436080783308
4.61133213330921 67.38678176052937
6.707664617385001 78.63938811571302
67.52034711206444 2.590184390202821
36.47989900066072 29.232212664969193
97.44942010039405 58.72112979762463
65.13120170025644 89.3597801253741
4.725614164622649 75.2744483705647
12.065285287032824 55.26666507729855
5.646980577636429 44.341552744694155
67.90940396090045 9.206524721648524
8.31728606124158 20.747003177052314
99.60703184348614 66.72712289100802
51.05253618812028 40.3322015967712
