218
37.251631533646155 51.47847078600387
96.38909068066567 90.56280156451072
50.31707589014256 10.322047143629298
24.499444391072302 76.67310444931316
31.879419913601083 50.36066351852039
29.33543270072373 88.00806198693019
38.464564830766214 19.139972289468375
7.181734897032587 15.213904613689488
53.14591309937411 55.6257924343048
98.4362066533919 52.98871396816119
3.594479285219243 29.675185560693727
77.90120118802764 76.93325150298598
60.42479586625531 51.103275477707435
38.402623736477835 53.70325678916934
1.4609101538910374 58.50614421149303
22.158651330044734 64.11452556114114
2.246097336250452 19.84806244293781
72.68622796193047 9.87599747439527
97.02450705068266 74.35380138884656
97.61430215332445 80.77909638107711
71.17145654239458 55.45311593686751
66.10604103939693 88.72713700135405
21.33413663235593 95.07149319479731
30.086349511059986 42.94634854523712
72.9433562378574 83.03193021512186
40.12625001504194 76.03162774746856
46.46117062545616 92.94871652919171
84.01527231474675 18.690412977260394
50.13660499900281 50.2201419770595
42.23798374906025 79.60733220489546
35.07398772360091 89.44438184959537
14.543627550848493 60.567389388023344
87.63672585470717 32.975978497769454
37.443369819467534 10.263844526682597
11.901293475943998 15.037578245341487
10.769426999767129 9.671291078317068
34.75848685021301 20.32050996237038
87.5624144300899 9.046106979330071
35.68785897678038 31.756070102169787
44.538736338020435 18.165586396623034
54.42711570987701 36.886761325571584
33.93949739744454 30.329865380094134
87.86548732236483 34.23444808773729
79.39730754673106 3.5188498699852633
43.33044284162262 47.60160975693388
5.23180212319031 50.50407866766046
62.801699189291405 79.26535787504069
67.55818593340382 81.6089283408688
63.66858875230914 86.84893050276844
7.296392787446226 60.676784919481165
4.99177021220838 47.945984236288986
19.0512375703602 38.153140852300474
81.41375868597561 98.24838847844605
86.90186076419391 17.802776365182893
91.68584749966229 95.43154114273419
41.93596871713421 73.37575570313875
74.29935697439436 36.42151122551026
80.6786991628721 48.37967366334637
75.14227586486587 38.06380995383648
21.12343706330074 36.26276093744259
1.7010884972966878 86.96262314543985
39.96777920881512 82.86884197730511
45.96963145965049 63.68100334605814
86.40831450320782 84.3089373891201
76.39574334291214 12.119481982802249
77.75629692777387 51.60789628253774
15.921340797136907 34.652829946320495
62.40459082035873 18.945809530022707
66.907290782378 95.15400583952253
26.580010378139086 70.59340639967239
42.71434396292646 81.94980688126074
31.016592243139684 67.7402624466981
2.2474399712637427 33.27028555078685
72.31921139463603 50.99502157278215
56.6800179035141 16.89242765499579
18.39093557486131 63.09853458694376
77.05770015575747 2.9843727437407375
65.40292935132884 10.765177056562603
19.210777353735466 22.410533110688757
44.74062073704739 16.221150483324244
45.54629838308612 73.3739028041758
50.804696598752756 75.54160499213519
50.70231220063047 53.72071201893427
86.24456854423343 18.519054229077625
64.2345890663829 77.49411407226802
98.2941897122729 59.943061039897614
51.624732554800204 17.39256943777877
9.849697973267368 82.05765650448214
44.74782365088629 91.44153631671247
47.211888777284415 76.10905398808656
80.14356023069939 98.00088729103874
45.176556832467405 91.08589756783023
95.32954467203108 26.95372768226363
83.48215617643905 2.0414440481244744
92.81996042868799 38.334059755671866
31.437860228340163 92.57827240731476
54.97859014626414 84.84275326667085
16.14596860778078 17.34328908974323
14.58647624943964 40.06395894861904
91.7406917520011 7.008372486251735
81.1221456673448 9.083986871187012
71.0513265133359 47.91776275994331
49.97977221829393 58.51587410252625
68.77585020710404 60.72697748132722
55.15133747601681 5.870273904719903
99.06961053877421 41.720376037837724
44.77093320138624 97.33201995225197
17.738103179152866 94.52471071147986
6.583259927920803 39.65116658752594
52.4818711024715 16.94607058437645
76.8279413870886 30.011372239370303
63.61820542640465 74.834494344073
84.98327716141678 88.85067201997256
80.64492240543743 2.0444047871960747
10.711713316689409 52.902089605933455
10.970316106903388 77.27394751285395
29.337262863183312 89.93065357502361
7.72384869901691 61.37552800013266
8.136203131525487 93.47571659113171
99.88095194177275 55.38400816251128
93.9376253257717 29.74062655451921
46.54102906302029 53.07275795854216
65.50459214002494 91.17137648348317
62.04626777080674 36.43872120961531
70.13028586461772 32.03203330393447
54.12544214233825 33.46504197772918
85.91154592231733 6.316714503536036
73.66988784249308 77.4202040927011
25.068550841284633 27.240636234106887
48.620462264219135 58.9788740752808
67.85907302757208 72.0409628418768
95.76964693910178 15.98162932461017
87.09445400127993 72.91857447833358
7.390263502251981 94.01058422867207
71.27843072775079 82.59057052263074
43.65349368835012 76.67185553559692
47.53502284507102 59.75694352943813
41.1558475110552 76.94665845345635
45.959941258967206 72.1887519632915
66.08641865065967 79.40138565852315
73.07882852003364 54.43738362053361
9.118771748968014 63.56449706835502
97.03368837594869 28.07084768052751
66.36343778552306 7.065538749324363
82.77448996732947 68.45131488293731
43.33421838203735 29.114504540994414
97.59703114695813 24.96026978057214
29.601583373561635 35.83903758748169
88.60791273182882 24.095994838908187
87.71445369306745 41.69068561800222
95.6386271001335 88.16263801430969
61.40278640727909 94.63297786179822
57.95568510543466 69.13059288685713
7.9845777243898075 29.390550204965948
19.25942591385318 93.29457083318266
27.321921152432083 84.90203362808928
71.74204435301303 81.68092512048405
3.6328343032946075 44.026325336371755
54.51489295185227 33.53990680417335
31.853932415045815 77.2147416511035
18.855937593124715 71.48308958480051
26.288426765567372 35.470031284226685
53.28735081884339 37.876449243585405
87.52778880729161 40.43563304405947
52.660349447480556 85.04919929924279
28.628423982843664 82.11877324521521
38.22233778459556 41.19049995734849
55.7462478367686 37.239379082710876
36.05290581972243 24.418254055410983
35.19840706259201 86.74453996355922
90.22326392997421 13.882666994188785
94.05887932283926 28.445881628602475
32.52546348225831 61.93177036192492
85.19655927192893 41.757876024695975
21.916509097642678 66.26730303049325
51.24635169135375 84.83863391041052
96.69329726189369 54.80448163981596
67.983082159648 9.476369536883656
66.03967155818118 38.76170538213237
75.63855537415226 71.7688585818847
55.97975720557985 97.53827308161377
45.43314548281755 87.13452340411703
35.48626648138826 64.78011459385024
98.66499112382154 13.845995225444764
22.197678375386374 28.138156911182442
28.40074132466024 39.727612471767536
18.720505145339928 33.744326432116225
93.51013996332597 77.71845404957199
25.74465806686691 91.7485465494155
58.643502663008206 59.0504489661554
24.393742068261737 72.51920583947724
38.6626548389444 34.66835695573206
91.77971703361274 86.00522461797044
2.2597043512388226 8.965519673432599
76.02356916827107 33.39644243833047
22.098720961330155 1.78239260018479
94.57962993757673 69.86818990587923
75.2293965063328 97.95406361409859
86.43751407422964 9.288183269024142
80.04119979537062 94.261185071203
29.411279312224202 24.431334398198313
85.32807167870683 85.55774000227198
73.3693575712552 33.7543493635181
89.7593090247995 31.33726990585758
5.380826354149459 94.33455141973324
19.83167503711607 41.26168280126531
26.11951749617898 55.78215553462631
90.50374104343406 77.68112031930733
7.6674196352232045 9.204441078273895
61.091418934556586 13.726285763362945
9.387300944792287 55.26553857365008
38.40484855514802 72.86014741711234
28.187651822100555 37.853804332597065
27.955267323049604 32.81583951761547
96.87174742403855 61.44738898801771
85.6584010234208 77.59539215637045
70.20442941782574 71.33540109115832
33.67637822488106 0.9502482948020141
