240
53.05895202917621 18.823105859885448
29.602027726772427 17.926104440848967
58.81029078919564 32.098816009036646
5.903946648653635 43.88342569149284
84.53611299752552 71.84746468480701
8.059952286463023 95.4046000982292
20.25514891571918 25.360192832621774
64.44514653926426 54.01602985396148
98.68042738650374 90.77670950085216
77.75712245985493 33.548388991101504
95.40801947890593 39.93636858616008
70.76606384024568 44.26368036719575
55.03493181078668 72.7080215673639
9.469539661862903 55.648259819430024
86.0969721716232 21.235117863080532
37.534190335130646 41.161180728402634
37.54145647491958 75.21449885639686
65.50426025150328 86.64493266591974
58.039623926262394 65.81288752549581
90.02989742076191 6.989166277077185
87.11856044844635 38.55653685689753
67.94872991724635 66.3156238492306
35.00914384771991 28.200830328922343
47.490644688569446 15.774559000877641
71.5338013322821 14.523986863867599
81.49135302743112 27.12100935505457
37.0211452684519 15.125298233403939
2.1506421847961255 85.63561835135131
16.990703424047283 31.728043634886703
14.107922428940366 17.846000914380355
12.947403857956786 73.5425114539218
58.501157187927355 56.17028061437399
83.77542906977652 97.9938394562398
56.183544790504904 12.669347142116171
81.89485735622752 3.4916012240204464
61.04523108468409 47.025780259084925
13.135426729040633 19.733969372287273
69.08176168048455 92.30073301914513
73.69011323987222 47.08591847650692
68.74387867407881 15.189869855757877
15.69509148062469 15.011708377395195
97.48566985125268 27.041743341627146
85.14461085646252 33.87328366084722
60.08446877377524 59.35578037581458
33.38349372012883 57.76177654481764
45.780750651574586 28.438815438170007
3.5778064607814186 91.82051607348735
41.574420195490426 10.191176613179397
60.10584692182391 82.58630435964213
40.6988512321551 80.78845909015156
63.514377254659735 22.483228323370806
63.69970565154394 56.5674099827585
67.86514772396586 25.866695352593705
36.24394859725126 50.01356921236608
69.86114800958072 11.119438091944566
15.589059243266467 99.67606650100758
76.99041250189589 73.12730725483983
77.27842771565965 13.850863069973297
6.69965638223503 74.41329337815107
72.90649907466064 76.87123729971293
19.926830373565842 69.70260327398799
73.40153053787564 54.41948547699018
72.34585660665324 5.500251228194541
53.19436729294262 21.071902340960158
31.413006301323744 80.18913845150318
98.28672926488574 13.275021510337393
20.16286036919348 0.058825576339249785
95.13932839898064 45.392024065478424
14.297190984036966 7.213014252394013
30.43531781872786 29.25457134747942
75.1376416659015 87.76288899964689
43.435434926102175 85.0836217132442
84.9180620904307 14.581845348909717
75.61379677331655 34.230171030706515
55.90833114887235 41.23010585346899
89.66045879909149 98.05954998687065
59.97830178570137 11.888886610755334
91.84555096010976 52.54385540138071
32.27597230801631 83.85394781895035
24.43943668053643 52.19316017100157
79.11544694184435 84.32775684240288
44.231029480402604 29.725438753028712
77.79510607684576 53.72574387474949
25.880781240057782 58.99913274938731
80.99115088117092 3.040754266734602
91.19267107638647 58.94664703780121
6.259445159098432 13.774438862454597
81.47453719063593 90.895249434122
13.280037250943844 55.28993911684348
76.411311118178 48.017161496592095
39.50933843475622 58.916941293210435
28.41089690845776 46.66443223321933
41.910852219354055 67.23583141177178
80.97448247144845 65.68777775808718
99.80739428747488 23.374133178449718
83.30060496873669 75.70843859147361
16.24984552765185 55.50978098368044
72.26632416412185 98.47599831396474
1.7504067074390894 80.10182055248521
37.25854567827733 85.22312638638407
58.80736301086813 48.12957518148324
69.27887044260832 30.629531399716946
41.453626261614694 46.72619706875387
52.08209609261091 24.914794895990312
97.39669315771474 48.5293924763366
77.13353429683733 22.532711642075842
43.16179729888307 61.56588233612935
82.57700559137689 3.3034470330856713
54.16484027512528 3.9619384825858694
36.90696407487846 5.494503082129731
11.724439294397138 43.38476760044584
51.705784464495395 99.2411755477237
59.38757840484461 17.531064882938484
31.813622914701433 86.58158753976979
86.17376878369495 9.205248447449543
55.60620375210238 58.360037109551534
92.09763860808889 75.24402357012735
26.35632254525064 20.614319068477048
98.4381728065234 50.213286485525934
45.017556282674946 93.51720877994335
60.69266571637466 27.46393824138842
75.19965232232127 59.70649578388431
0.9349984261718958 62.015983794566786
38.12356407854968 18.696803308158227
31.211022882110516 43.11827105635185
48.063014760881295 68.3599760829725
79.54944415362995 6.661447259906339
19.365334625089858 86.62756510197477
31.66195538563007 33.047168349410136
84.80861017880869 80.99148605511711
89.87387269410137 82.2442096955254
34.15291783421988 61.31133111478183
85.48192692012192 40.3729226432217
24.95790281997007 31.070098526677135
75.14321517499828 25.484543114684655
18.323003868247156 39.6433706931339
56.86105853635027 83.57670106536338
54.28592548006635 7.477366275970077
74.58732381157546 17.71179807918021
25.08695250366708 80.80424619542481
55.53372439919991 29.876940651613605
99.58997995677731 35.02076090204347
44.47082481049357 31.08799630427669
32.31255545151066 5.63941867587755
0.19476813541612348 89.97724224784788
7.938821949647035 62.79995870770561
61.735694174043765 30.72547691011036
46.086205311948405 28.9852773975272
47.24956984429658 76.99391073495836
48.50849585980931 25.690181432243698
95.29995597091889 8.650757324593227
2.3238341447593847 97.81553712202403
97.25033451384287 16.177732107425168
54.76918956604986 58.65362587775448
33.69401385307233 88.98818220719733
55.70767974510491 65.56514198594832
29.64325510554954 73.92003528942742
12.76253629871329 42.68911550532552
98.08288967876886 66.50348373169368
94.88124000239098 8.116338232122233
62.84811801276111 59.86105934857875
50.50185526944071 25.078255168763086
0.13235547688952298 67.43832079433525
91.57643432331604 90.12716172143624
79.00355185597131 94.82246447700747
51.0392768417619 67.75510402990305
19.731729380020447 63.78412859955643
94.38649739054496 0.9878949191740816
47.21157130095622 38.85336672152938
81.92407463830357 59.12880887359938
78.12988655970948 73.0873826637183
22.755190817901692 1.8908497610342967
8.489818960189034 37.72013654969062
4.716037725975508 46.67266432837198
82.85847770884372 4.8407532536564934
17.192511440993343 52.957899711652466
2.3505233447831175 61.94171441913936
26.24340666403554 64.52874237732786
86.12933981101163 30.917392235840737
94.5828071944165 39.28622238868172
3.5763452889057135 90.15693036987517
38.13562319774605 41.85362089678629
15.459323821121574 31.253836132432554
90.19786301368593 12.507833956064374
84.11699991868907 89.33736186457463
16.910902288935915 67.82551019990902
15.438605490406776 9.492364166645107
23.101434086501115 34.47851091778623
24.517663269689947 72.72262552139838
92.77613866772954 45.72106783671552
37.53709893927337 10.859548504538497
14.409804949732429 20.18581316382123
83.92547567277619 9.439584777274025
78.80482972791486 55.96926132285462
17.143175849574423 39.34120503044637
81.69875544043634 28.895264763792817
80.83716997187561 34.37169517198707
77.44846862420995 33.790630311329
37.72015661886229 45.09555469148432
47.48714907852201 19.784936561224942
1.1673917493032038 89.69512818248153
25.048522238953787 28.91664093249664
15.429807592521405 38.51023794798203
64.5998259900264 2.4025747947351017
84.63908107551997 50.2075339395831
69.43441516461662 40.093158795755315
60.056816288916195 95.61308184957323
43.73304409090915 33.88148824789714
75.24602150585623 31.027157416466732
36.18962219100557 98.46720590968745
13.868771603560692 43.88161764594282
86.06721458682927 71.7642908368768
52.51690142706289 86.40021420136522
27.91800169992409 48.10398102616599
96.52932835803787 93.8768559073252
10.27985841921446 69.43542467865123
41.81560044766185 59.36990022304058
27.66765570644678 83.84016356797571
13.775460512818583 90.73295747220693
54.11794197515404 96.79283425536325
98.34242575697395 45.987205234776866
10.091027035896182 31.25167715511301
42.71915759414044 64.64855964351031
51.839984957026 48.28005992663497
29.404934915372117 89.96696956961127
33.77670477133498 20.761681955696442
98.26728892909148 46.20013924765385
35.728851711197315 21.104274353242346
73.55890177303634 64.07301751438747
33.43805072597691 13.960095182659582
56.77996578877477 40.78569429868162
62.57106281978477 97.04538147725886
62.615254655815654 86.90664204769594
39.12127571311349 96.82483865294259
57.93915953700871 14.102598915312248
8.410525393805667 75.230298491386
93.10503570715399 39.68580915745794
84.94212335175767 25.26851035609208
91.58961109653838 51.331798465880375
95.38949122276456 38.65661193990194
