242
3.2794451720178586 22.06756699935709
74.81507911180417 76.66334317074721
39.170601774528336 66.8387759348836
72.0973426734084 8.640661110847713
64.70319099777629 30.114557643580497
21.80657248261252 36.04346546994517
34.35407462673962 94.0277136695765
38.134361939704434 14.657906531441311
61.55379142731465 87.55363561193134
35.88182631919581 42.6614056093823
20.61960254242683 81.40189933673255
55.280268414769 7.62118002573744
84.5194388625342 91.52447271647696
4.006264580677854 66.42450826966223
65.72958169897436 37.54565895531032
50.066686364268485 49.897548505807045
15.672996175681607 20.2987157707595
94.93578372075648 41.56125229323827
10.756639371575428 58.13418195945841
90.09588797489553 99.84230425996111
57.66875871315621 27.10682664677376
75.51434892503852 2.8487538520786004
25.69738399311703 71.36768052425391
66.42316891150563 30.33472758042304
46.59589725572177 41.749556447188276
66.97629065766915 0.8905936281340843
50.95021276992762 69.7050383705558
38.13861038272539 78.69880640321882
63.48164221397548 75.77494003946134
21.417658787526626 35.560320527272914
86.65978727277536 0.7662578312896406
70.2970517279345 20.387339555429318
47.353073487917506 33.564737142353806
80.26168791047166 13.221298216615086
79.19548577051063 80.9354767378401
19.827305296630094 14.669487118157354
82.63670247858327 3.662320828825971
9.55095051947329 80.02410669293452
51.74525534747707 4.29501633012388
80.21533758304558 78.29642026109971
73.15328504360866 47.95767379948934
28.818641762796403 34.49827566024237
5.370286077566632 92.06329238390985
69.09180750842859 87.273297743692
74.43848895074655 37.12535131659423
82.40769370723456 59.307791177155345
42.842113072449415 54.4752185754502
1.763901807744983 22.42053004217527
7.957196707604131 3.174173389008994
46.563580770105276 86.22935246017151
59.4333225316552 94.40215866184379
6.2639327075645905 78.87753651597951
71.12172652441016 34.5535030814588
75.0909293040327 70.3153261792085
22.910067578938264 10.574799683506608
26.454125487739056 72.68150900562622
28.42528604388098 88.6007046446112
10.91585105394871 69.7109931505477
78.47028097770722 93.66905201129671
47.63520183877704 1.7402376838591915
99.57842490621248 89.74419885568558
80.03465277809573 17.655150521634422
33.37223484456789 90.06726530353008
29.53250292222712 9.909962312108755
1.8045345383735811 62.45624006255158
69.13917487920052 20.924377666831482
34.588795561784536 9.86701611264903
34.689548765149524 19.500856625463193
95.17180855860549 45.80463708604001
30.45840174801381 8.112145687375595
95.59145304748763 72.5151856593326
38.60720601028977 27.628205527070826
66.8117178856871 6.647112395213872
47.793090797586956 0.7481778945136464
95.88380499435667 90.53298662680827
82.96794380721178 80.81766322026975
1.212866274987523 22.848249237871144
83.3407777508393 28.40547269316196
98.11633840098357 44.41449515459938
55.91277106611694 35.964285144218735
74.38290467834025 67.19450401760531
58.425336456715286 6.909375486720348
11.901555425594523 7.404012330466136
17.156213528633636 58.20121029742226
17.361298899099697 38.701864728099245
1.3288367718028882 47.27001946305589
58.98630512722172 93.6587180411356
11.492458530350502 19.100763462265558
27.761882992096986 90.67594438566088
34.50562673502362 95.1549517094231
13.333675354726681 26.598109214473475
20.93655229786019 50.95490606670828
71.79868677568827 30.32271177111395
33.16943803354019 6.598956606981465
29.212781474839222 49.745513863363215
64.10105076098618 89.1685302310748
40.59127528567188 86.27595650817848
58.161880643477446 25.517814631871083
39.04180661283342 0.013597680140997603
30.45481537911493 36.8295833647891
4.753696542618801 51.64097475391244
19.562477361159193 87.61986967695266
23.65699125576539 86.9157783213548
13.053548499518165 10.440845926133925
41.96353978508459 61.16396153946306
28.57786829410638 76.87627334149532
19.22045291343779 98.88948231237232
21.371184411757604 1.3289758431058174
53.496417405474126 52.12393869859153
50.005767713959926 34.60332050617944
74.4174934420636 67.53070641055508
77.27527422158605 73.15103674463292
0.5164865984204514 79.01013045406451
24.734320968275348 66.46543376477312
27.25898528854206 15.191502354559272
6.362170423824509 19.022416821691145
68.51626808816455 91.5637140108517
24.23039530160591 11.936057442993132
27.619496417543143 31.06316496857513
13.106771261675343 52.19778725382812
12.219987286332524 88.27506845103466
49.60069282341691 89.1760929536216
31.62814645800791 73.7004250944456
64.85442652010991 16.147908885235985
66.89050562849076 52.94604394189118
23.732006211652067 70.0513069060619
82.50357745394818 2.965965277970728
68.90034068004168 28.88861239867584
47.47619973265701 88.66372348527332
14.996739654562452 21.864821254581614
89.73315089952033 79.29061846962253
79.58702796582152 84.8449144693288
96.15772875031342 29.571032269401222
80.07874082407486 93.55675644114724
11.033139558107885 24.35179505035523
21.64183988947894 56.48365165981701
55.77201173739223 48.180200475192905
8.182527983959709 52.56397133697387
3.200189400549769 11.843997544561924
90.3794010728265 37.81019748467339
64.79341478016892 49.088342299471435
29.394094290210425 18.699953353902142
76.38493701633811 63.67392371462424
31.509384404244333 8.549056483258344
41.251596145188486 13.6797574253819
87.55242193068929 45.01193287794645
98.22547086564167 39.8391555937613
23.302463817060005 9.3721411275008
26.97877083646366 88.40853961508618
24.57059923407052 50.25253518086278
61.068790753292376 89.9340241023245
13.680205118964949 41.73611604520862
88.39361305442532 30.95662521537531
1.8780968012820698 75.18057912159067
49.95837945319218 68.11887869432294
49.47933294876508 87.99454540265832
50.291995928899524 37.73181503485308
93.29106486512637 91.27885450906533
7.699622411762541 83.16581806745045
46.0973217212564 99.60212311884288
52.30515042645798 4.805163602653051
99.75686512326905 78.99428696367688
79.54946822183729 41.082139907879366
21.05541497909681 22.068635508635726
52.35194853972172 65.3713862444429
77.39556312600385 88.06926061427622
87.30493681360514 67.03988685195036
75.61302857023846 31.024846360222657
72.31024813604616 8.029035450008493
18.792585849000687 1.1109793141397484
32.97393486599207 19.43862402181975
41.63949892007843 11.662484395505167
31.603834354079552 17.154366404541832
96.57082968212048 94.92500208229868
36.79217497127897 31.021237151197145
0.18530984548038587 27.639113308752204
70.27949582657435 64.13225792849319
32.18862814597292 23.859925525149748
99.17272216299237 92.86968693313945
34.68271298346569 77.33719590905949
35.54482280721222 46.66055541936516
70.00536309869202 29.03024580869118
17.822113354067703 8.693105683235613
40.1305011292041 78.0279352614803
80.75643815899383 31.609679538686308
33.07057488451136 95.26905798338626
8.106252320856822 68.82878662315318
56.296760631122424 53.1986322216326
79.64118559893635 9.880817409869202
38.16541288645507 91.1009654472074
32.091683846982434 56.80156220945578
89.663355309439 92.95420096002952
47.734925388779345 64.57522887366787
11.220271500698942 54.09287041018842
32.013208739215216 37.898369158743606
17.747021475989367 60.65522162391371
60.64828350303399 16.320946528581292
1.5804532398660753 76.81045702458509
37.296516343530314 13.303634130281283
2.432385850804508 32.8109491291291
18.547574750914684 35.149168330454216
62.10124039688982 55.02404793228416
92.19665375148628 30.95304050073998
59.55965483603857 40.89129349283132
99.79928389534902 69.22273297598846
54.86091085242998 31.42379678189804
97.23849159111336 78.19910732940728
0.15592961973951436 77.46499113855643
77.3049061766897 56.09347382405645
87.96135864036995 93.06452008344826
97.41246784308937 41.85281906280204
27.80821273352497 96.01896063426165
6.888298859632414 98.16849124897603
1.1305998174929277 7.734121707686303
92.80857553853997 88.72101302155485
60.663495832110115 46.05822192308558
28.88788487836964 77.51504335918922
48.56913315497376 75.78711975464559
51.97225908749776 24.970113434075493
32.249691355737376 91.20840730169863
8.447363815946963 79.3722278730116
6.039881775485545 63.85277643452368
89.25365248272735 62.82678208480306
23.517743909926004 29.284663306993718
74.63452196040788 5.253521229549307
42.04150118643597 28.396401630152834
78.42048149654333 87.62023938066874
67.78244602706248 87.80692004911404
26.588122008980864 76.43877295005169
60.730338617825495 92.29857698968041
69.20798515145918 94.17495950894806
29.117411775820802 91.28423431745327
58.883443890695844 93.02728319187462
19.23216851203956 40.76517148914577
70.99684267156086 95.63558555949935
43.64476287347362 0.11357834988262594
46.21068901615447 51.29780703561858
32.31522841600062 29.62537670825497
5.210750151504396 3.0079899691613177
12.385357132691222 40.19432910668381
77.40834257670298 64.17524603877608
59.04059014005056 0.9192636388059006
