209
63.578519618765924 53.25210351254746
13.543355615880092 1.3431919400466508
74.70303622820524 6.201432261184447
26.413454013799896 47.78574110053242
2.3618152007286453 22.478343701446434
99.33417957901725 23.757375363550004
34.01838332852073 22.73425917201508
71.41452529395141 77.11321496597124
59.9818392605866 21.73331716999186
39.92454026023 1.5098519543552569
4.655863259601212 12.27685690045498
31.350211744901845 69.18920321926524
3.800030038851676 89.61371998252629
71.92889599924123 67.18686406615099
86.86732336032331 63.60485272563155
90.51469060708457 66.47969324104105
38.608629935921016 13.32695364601879
39.23911844814592 82.88599737269212
59.382011093793466 1.0621138604398617
2.394665290874065 37.503741239365006
87.06415584752794 79.88383688121384
55.280268650769735 92.01261536111394
33.516511752161804 52.00294140253554
34.302897390321505 42.86276658578304
56.17283809742948 50.966965522054785
94.08631584111056 30.727535371922155
71.06012215980809 67.58858791962795
75.73354139227197 99.29346262560212
24.811970908606064 37.78728108699525
4.8997358287974135 24.53080517587657
22.619217150197034 50.301010466005316
31.420603219336595 58.16227467456798
19.447096182301227 41.66486578255951
41.409509446244186 55.14561647854175
54.11350601715842 13.745049307721624
89.81060319190198 95.85177048142802
45.85981611976354 54.32193441840853
69.45860918141513 11.027815516418539
65.65207393087665 97.72025835100482
75.49084845075956 29.3646737406587
97.85112588908612 12.56807482261031
57.731510668952446 11.030722014387129
43.771155785374596 8.419424468435022
26.288745586847906 49.283365172798085
46.136718919789 93.55444786808536
35.60996489836934 83.8482718977638
51.78296499391146 87.65171287248421
69.83390502322843 5.160524782492848
21.510518705977976 58.61342878397294
1.968849209494239 36.27272896619939
14.771454719643051 40.524792654633345
61.33222868642526 11.088328366650712
70.71782866441423 95.89335993514102
27.458121657547718 80.18639681662539
84.08198953715905 94.49811855547884
85.57274349289747 8.717308308829585
2.9796684412834895 13.82313280694083
21.3093346001777 58.893645458039465
47.6635451658331 96.34985505280483
52.09276375805558 19.315534475011354
75.72110602462587 71.77201465673734
81.10733333715525 11.28158768876013
71.08313054649328 61.73176357944641
10.808956299102645 10.830600237185028
37.201603323672295 64.71701768516527
25.094748723413097 26.125869343896714
84.28600482984946 35.184594226540156
61.31988755222303 87.35130945612694
97.13533091370776 53.309855271709495
79.12131706725425 15.915176295781674
83.16899365452306 71.88397556635312
6.199661393346667 47.33803369158237
19.65962622791838 82.5271169012786
26.932026021671586 15.635938507944857
72.56258381570267 81.43784571508748
86.57554910201999 4.304295740648967
56.29996023240883 3.2669964298952747
81.23025264950297 37.90379289122373
43.850760576745664 99.12543944032822
80.52887826181147 39.56439064547661
37.00255454396398 1.8956787743156678
49.786378109269656 31.42281552168398
69.54161717048459 99.97201371070402
21.857030872443328 96.8932533389649
18.27034907136693 59.06087911376922
33.34521581955342 7.975502684861957
62.24583993245021 22.847228258344188
7.958695304154606 22.00034635242044
84.28173942424627 10.13718530185268
5.880542160224056 3.0988612418483052
9.319747700221626 85.96996434287828
18.739973467543013 51.52635455696749
45.099513394363214 5.1653344947671815
17.01358051973092 69.01172250328845
8.42256445779478 42.317455778351984
38.51786897074822 52.53101317129487
78.38880767356191 31.144120928201158
20.377484106863385 15.85600949698004
32.043704300010376 61.707712088736855
55.4505324426774 3.174739642782576
8.077999529031022 68.81543371471152
93.65574746765112 88.26602611521292
0.7618806935444922 2.077712445769442
4.48737953187659 65.21498369228397
73.32282387238193 0.8812634009364273
21.820390717766113 47.7395594693918
83.1886090502834 28.764960233087777
82.38547068406972 32.48538482948264
76.91866358959105 14.265289245705725
50.28571492934447 6.914965294025388
23.77297766295019 54.41501011256196
66.16312294276999 13.010531839091888
90.13577133080133 9.344488157700614
27.3938182894091 55.20322852201518
36.64888338367377 6.48301018998213
47.94886413262258 22.02862847890984
52.57022728298898 45.61200513273464
73.30821968963527 8.826376013712721
28.081623309472693 70.32729029182059
11.637910587841748 58.78388487035635
47.72656169727556 8.05603511613805
81.04290260867299 61.315930260875284
86.94719924403893 43.89101756095229
71.33653150117352 75.30196436882991
2.022428768015627 27.35327861543533
45.19177681151321 95.94419378122653
6.281533667263151 99.6861539122586
7.209529941988291 82.9298220144816
49.891130246627725 20.2416250624034
26.99337175428821 86.19076748583726
80.76527469708357 24.642544937853618
75.94608507457505 34.28595433025533
91.64722286293451 28.239891548288643
63.55216931135086 38.28747831727776
15.162418415534184 0.7885264281486615
22.55153819959439 58.64822171149525
30.350799632791492 41.10728214924296
49.70557754117654 93.86217113958259
41.671340829143986 18.31181711314962
87.88512811003392 21.399768615270055
47.41272539872035 28.579552806042397
59.20384443469092 85.77065462230767
38.70650623510959 61.288717997214334
44.713268014972726 20.14201828173505
70.50966592382304 6.6434188072048155
59.47281610162582 10.484055723032649
62.233312786619585 26.398549824452687
25.6537323854511 11.25279955213372
0.5012882881752057 13.898909136159897
8.803314822393983 71.08785794241004
17.631961261601713 65.82690757726914
21.284349782966284 76.06246826575318
39.278795533648534 42.01060188401614
18.355599527307298 19.600148302914832
26.861985680843325 98.8754870848163
65.74328537504623 79.25870516311298
80.4238298445603 22.635621198354084
37.67199752542029 83.9653573328477
83.92579457723815 44.96558575792358
98.02846073725462 66.18032879424956
16.1335670248853 29.310653057417014
48.67097113464285 76.16335620059793
13.609617246167382 26.829087512768734
95.9644502698261 55.78408932541215
83.92066102936747 12.46513265569339
20.806176652981467 48.021935382481416
23.10144938790717 74.10165546530047
39.82985878648881 14.280992850843809
38.19902389487814 30.358307344179426
12.484743570037304 95.49447961509138
9.09850772804257 49.4044167684021
40.84451841362059 25.538673747369877
84.330309292316 72.6592786726346
48.95127199249446 9.16165593620355
62.86937138329471 93.28055110272147
24.124206669878323 68.59033171435698
63.399156618517324 73.16788005155833
56.96537813703699 62.26027071958479
31.95485227524556 60.48317100284031
12.88459408761341 58.08713008603667
64.0702472781916 27.232565312561128
10.997711462271676 98.90135938616599
83.37585795278237 70.51979129652717
14.507910273183644 4.298324026201861
95.6959240494658 45.6092683947521
7.41070754517732 61.50842183694301
80.74373188582068 43.24689345531084
56.000649216507966 61.32167020445982
44.203886393552175 53.77105462920099
62.768121255243045 12.492164644369751
87.69050325273379 2.6206854078706487
84.06849279148027 25.099872996822413
8.921561692915203 84.0403851337854
91.25870353945106 68.6782182350584
14.838749114115346 85.10581627781954
22.29701401149645 64.6604929539275
86.69771903796929 78.62112081149901
36.7377379011496 36.95589875132581
93.52087010084259 47.138773823196786
24.658693435496616 54.62110736980284
38.802808926602836 93.20824405822846
94.74432517296948 54.839589388267726
77.2305067924913 7.023385740803079
35.955102856756405 76.13816806365841
5.974260737977566 93.03350841452345
57.417186384004225 31.14757622889187
30.631558530555523 10.198212426692777
11.579724291862703 23.945361465794935
73.45316054108612 81.61084759960666
