23
95.01475684430413 93.90982770015823
19.61320640394355 93.43137467661758
22.447714006430473 96.68627372835775
17.171613742267745 29.085779155599933
0.335904523007835 38.2394251230366
64.86148371991577 11.74611856870692
88.35648268897631 6.045685402845824
91.28095861368438 64.85879769859964
91.7608553051163 0.7049331926888724
84.86752185416118 28.409739245012222
87.51777821150341 71.61433679993947
9.665038645473679 52.77784459664392
89.53661745984131 15.451790567891043
98.35592680162014 91.2800660703753
80.45440716508942 25.3420198311766
75.80454367956845 59.38039452391719
59.33436590864897 59.65126791752182
47.53064351637186 44.78050022442617
2.1280116873153454 81.54021109217811
27.24988083771358 55.100076476866164
15.21476337131087 54.08487715508776
52.424779676963894 99.0312503110272
67.76346146800513 15.816094637267518
