214
82.34359440675759 33.44473074886177
58.32039715247972 33.354222994684555
34.14023771975825 80.95294869480342
15.643468156561347 66.28517783274297
90.46352518345813 42.69641611280133
30.81779809804678 54.00755331341558
23.709955283830762 99.54660547023528
83.5240619770092 78.48931507611407
69.5345905751671 94.38659923640675
52.92102219374388 70.78694309280178
27.367999312560897 35.61573499244828
49.37864314480189 86.79959778718735
86.54802986547517 97.85752047793756
55.83536473361672 66.02995872967145
90.81725750153184 97.29680656702686
21.490892459528087 84.39383168954461
12.405687150310573 56.23451951988906
37.93077091908186 23.648994842003102
39.13914894093089 40.04389636650308
41.78456351524654 73.3906288475564
46.5935010841387 8.581723253772077
98.77337434232136 45.79909214770028
10.23217070504322 35.30755117074666
68.9965610765058 13.044831145340918
12.164683442366474 67.35737086500691
94.25771393093903 60.359436367816876
43.395655455252424 87.09075491365792
40.33899392152407 60.8758638600154
60.11959484743043 80.48218465473097
21.990512503964744 37.10793770706983
18.324315800343072 42.198022203698734
0.06890393122106486 77.86380172507519
27.374216468086832 65.11701340079647
9.633933194702626 86.83913783671441
30.10662665530649 47.53346157130901
64.71814659856074 98.08079672154648
18.453522139228294 80.61135619648276
20.67996721416775 33.21029317394626
55.447998277731436 39.14479931809661
85.82060689383707 55.40339702477749
48.4754720104854 16.313638321225778
38.50127540662535 70.4846094410429
51.41438417297536 82.24345463803
67.04534532900227 89.27514647472921
55.04662024132213 58.13551977519117
58.83518436283277 59.78081825266346
93.1949863165212 64.63968399856665
90.8996333668272 68.04154139217573
24.665495029530337 77.05924830881598
12.77670496267449 49.66567379509206
34.79472279559312 78.36328097638066
85.64914780226859 56.2588145626824
81.56495090955825 0.8905389871408653
85.61098982848553 29.448751622618886
28.023212830831877 68.0113198528592
39.611097787880325 16.091385976317095
96.10082517538167 10.205405771510346
89.88500498173858 21.08177067819068
51.15403633634541 44.67437156778161
79.686801348463 20.196015879034825
85.79568278205952 55.71837805582304
45.48892756564167 21.658592755383776
76.56684108732918 65.4797503457934
76.0113109660867 32.95914655450923
78.78240635360896 73.40469770696713
93.4928641692408 49.05146623393134
54.702656722212105 1.4737800996934336
46.00933378699629 20.36318711986478
58.64049020156396 47.485738252947904
56.47817498932112 1.699989427282378
85.4579430965971 73.96059324959752
94.76864509913504 94.53416105449242
89.87203129054811 58.57908904267142
23.91833775708665 12.7035697265094
63.81960123026828 86.49620385675125
78.57888417888215 7.018478495588553
51.61823086052676 92.24266948725113
99.90961483956123 97.83058618922013
31.46489539222992 54.273973318765314
99.10509262636762 50.408766703068565
89.5524097835689 8.92765178008772
71.22819082665572 30.79185774362526
93.7921184717301 67.11409625307849
92.82078600314814 84.69517594896698
43.01784864739201 15.477806460471232
75.45885326079487 65.72160031164215
80.69224499954998 37.70930380098657
61.83873516538145 65.80746341883594
75.14320612645527 70.2403276609775
75.26947941191989 84.58821126798519
77.12794244312276 47.612047027145486
66.1345168169386 56.55637947909291
43.44863941446404 69.84679640336797
48.73686156452099 45.66390557720591
83.65272009498341 24.63530998821286
93.65405838949775 99.29917647355602
95.63818757377392 96.44355066995526
69.74089408865134 40.08504112944915
9.9233035220887 24.102244495214876
55.4134879714439 2.7012157233272993
50.501610050993875 59.226461853200576
3.575303211830183 39.305379142971894
76.3938299800824 68.89211042451312
72.37275120612213 97.21146172106133
76.0410863482173 27.410438296779517
25.859604025647755 76.04173483262106
20.684723393499137 0.6073405421178624
8.909978812434305 60.264015986546326
31.663061318586315 12.79516610490531
30.454402326667317 66.53171700837952
0.8201692039416564 75.13018699690052
47.722655980264605 28.88377822951478
48.7534364403985 55.00650058878998
62.77805911587061 87.56539530480035
71.69665777278402 97.11033827796491
40.716536313024164 6.096636758195073
46.13780248408554 31.293107448920743
24.275126648009493 50.56943250887722
21.0323014394426 93.4444903230633
48.01007217698052 79.40177832947762
2.7333940552114133 55.02220720069443
45.597940698048426 19.618844920765188
20.175832883223844 22.84571427552321
80.5948991197851 77.74409691474115
37.598492448082055 91.32608883210132
49.78730377258965 35.0668922881868
80.4543199420433 53.044705797878436
36.49449810150165 44.793991997087105
13.198130496776638 26.595784969776794
9.13548522866744 78.79589644412414
62.470142244118264 2.6717243373639676
75.08092350414562 9.714777013981912
94.71388096851805 99.23842138305272
52.13983774548397 18.045195202646212
58.20121327258859 60.648347496356834
82.75191359235772 91.54491824639089
68.53348151447959 27.469634117855623
14.933159164988673 86.24742781190339
65.17292338705806 23.782400564215557
83.36403737792975 70.39333723114878
44.85245392483536 23.994547758362962
21.1927448252338 48.35792572385563
18.159314492485535 64.9311411938467
27.221910772779466 16.577827346925
55.18970225776617 32.33062561929502
81.9396678135951 28.1987730181674
35.73141465401106 98.96483847785376
42.527452545072606 3.9170693916173116
46.76255599001493 73.72934491246576
21.96854839287209 49.80566324830872
22.503690777621856 19.74168529342447
89.15174875187034 65.45553677050792
48.114925310116675 68.7366950662614
97.77059254769425 76.89760840118522
10.913961332677523 0.4219187425679727
31.482205667279917 17.624268716491454
86.83258759072937 86.85874531968045
63.49234879511978 83.43369768158716
51.33934450420416 21.599247582642846
91.4879973955267 6.031953239064192
32.43845418317623 75.53654610305459
46.50952828677591 26.787473219183035
65.45802754642682 32.756916036666325
49.193613547628246 99.34282612725775
37.135812193157506 81.84190681298382
39.223990377382925 40.561550888743746
2.456989113923913 73.51939789452692
41.901662720360065 38.038425551582534
2.8921861240172264 58.915467587768944
9.292941239101893 98.91035070955438
7.389404556860457 9.909650625627386
83.7505513039718 29.715456892331794
32.74779047815374 3.696525249024829
82.85215779354249 46.931801043284736
40.870849169587245 72.44687776380275
78.5840638604506 79.90243278194737
44.280621238341034 56.60744162888918
78.73586019342916 46.0317486233781
7.671350105860597 60.320198993614085
92.41003812816102 48.75415128617825
92.12725203195713 12.561435850827374
70.38614166809066 45.18095663606873
39.84878004303217 57.06264538917334
68.69357868323644 66.08473113341407
47.93954510972165 24.224522249697966
48.564275672504145 55.98730548001497
49.97841685199098 69.87288730939291
30.667411405611343 88.17084163857552
41.31182669906334 97.10434176125898
48.5885037648095 9.780050620260827
37.9506361225759 38.5472862290212
63.53308214364798 81.44379284368107
38.486752720396986 36.01632530436686
29.02137646555708 72.96812795035773
68.44199495536681 55.731612690888085
35.41619483126429 8.19941723651083
26.587627175088848 38.26842912728428
15.641757540238132 30.853839442105123
96.55638110680893 90.63535758227341
69.71031087347816 23.32351907410588
33.25620338225986 2.014746858491423
3.776416461124321 21.584398706724116
87.69397908798044 9.98993625465453
33.850812961010135 15.195851552729101
70.59839904073213 20.49531870256439
95.3851124508902 32.240565028379564
46.16946558593734 18.229542277223164
58.12313537928918 25.27504213853694
42.20479442037267 95.53594818928
77.08169824220164 37.28189958589818
44.466646247960895 99.02708528948561
6.330065623790704 65.0941137073039
13.84424072386803 23.864872738875842
22.117963096060322 91.86345237627454
