231
46.16960483634826 47.91231928909704
83.93804923111969 11.915913910709408
19.360901360335024 11.243443652328445
70.29021176228711 52.88690189002764
60.41842846551676 23.733776946301976
6.932050906382448 12.204659229390558
74.89155755186543 29.044630050745113
71.44683354973705 38.06919743850853
18.303755501516395 46.091388754812776
58.82930473575411 5.105519382333313
51.14283620505217 43.247348439004675
61.4936106613022 2.1175476273363247
99.35899975175224 46.62466754647945
88.5389846422723 94.89489516017686
45.6886015044593 97.50838470258773
60.29837035983102 64.87038041507502
93.05112312246676 83.73192622623449
1.4532605126234999 13.833536561239512
39.83966283247285 84.82290694580115
14.411613355069763 14.650248167332814
29.29919566343777 32.48814889288932
48.603209556321794 4.416805476279428
93.44982319649677 53.455077643561545
99.00553405763335 49.92401570814621
52.00273311257067 6.644466471073807
47.75406394260989 9.890136390209292
64.85428893029133 97.77539916400178
28.701925858314613 10.882873126050374
46.125911151270685 6.48489398658959
25.20904657732971 21.83556261081825
13.27409025508991 40.014281706798705
83.56342527463325 7.93587000453071
56.05887509479732 11.428958130869393
45.61544926560109 71.9732230600423
15.126811918577488 6.996962334384438
57.048537048669736 83.7802181356175
20.693069100289062 65.13189880808484
1.7391020429698978 98.03483449169426
11.833485752666595 20.696222937829013
50.74853018641262 35.87175882471666
44.50770730719344 86.32405594589764
74.43337868227489 59.09740860551679
93.93380572025998 30.32282115309084
16.469971495525982 0.662280173922658
50.051334107956244 6.497242520253488
11.490375092949911 98.97318428967237
59.68073430426979 19.656313369299973
27.99820945744638 25.229023096612234
37.156447558064166 84.54420522665703
42.85834770379064 52.134040915098254
23.446269359614437 27.648503071630948
97.69806764844174 62.98664563965316
92.93382000526373 79.83384839630901
83.32876145638515 4.343715736208598
57.612793537697726 63.482016648143045
62.12919544085219 13.842841642838511
28.02463449150725 71.18827003973406
86.25619810793417 47.95494798320412
71.06220982859772 13.451047973574958
86.84906216671644 48.967349018867345
92.19609523552367 85.20618426519663
53.677360470197264 64.88378740911622
56.46251490292333 87.50318379109603
26.918779856254837 42.64776424197046
0.76280877077608 13.370073619399836
96.07671276982349 40.44676441336843
4.114602251085886 73.31520174238089
19.834257630638273 20.803275877344795
48.688207620476376 36.46594098643886
90.37517590958078 22.894443169604738
93.67795190952542 58.62896765541715
39.802117337946896 75.93130987540818
76.87349075067978 86.87570907387625
44.93828233585606 75.48078491504708
54.21756870090773 25.676619404001578
16.24259660329661 34.06667402194281
22.424488337161453 54.261241707961936
99.43860162618738 44.13256445875275
50.95785488621962 68.03583281565511
7.292587298285957 40.840079646205176
96.98098582523905 41.473190659367056
68.91985091127705 60.57041062534364
67.50216420600484 94.19331611756263
2.2440597301479404 39.46409451469945
33.129214126430554 9.307521283154074
26.12954563203882 55.40494112276999
93.80567754201738 75.8808219790983
85.87675590705892 31.605088136229675
93.33663974366743 48.22826782215016
50.443654708579 11.3819192727585
10.209925113022988 10.883675807635218
52.607517474998076 34.2103650217892
0.574965344091638 54.24657371077347
94.77348910482584 7.8385203429303
62.9807425599593 52.76700402262233
39.45939618635455 76.40598092034244
98.57734015033641 23.976060076107096
23.2367902437681 81.6903583165933
84.30016935865841 85.79342803501405
7.030852260105968 74.60316744469779
92.77313650042673 53.27546310688851
46.72272064848454 7.874133605058997
25.30525162486438 36.78760303171794
96.73712415368112 53.04387336001154
28.020522604706578 29.07285627624835
95.80308737262713 84.41994833630805
94.28857317178185 68.19062338333526
51.817154801487696 21.73297281238985
15.244497129851542 35.05783183392798
45.91431808462831 63.951322318119416
22.69732658592766 58.92975020391285
93.98962270607566 52.82224369223304
88.1100094877597 47.280013934198074
30.661227539604685 34.687099616492134
22.6249633073062 84.10096960087789
86.37040402744019 4.756344891823705
13.125052162291306 58.33867395219826
55.93268328490327 0.692993588851909
66.39366429384586 77.88342483875323
48.033769810493446 22.264142097139505
10.65611433131215 15.862854498483237
24.52628691301031 55.544228372101166
37.616423318898775 49.279312500819195
4.438247231624648 19.202436532663057
26.24270168049454 16.241951893674266
30.259244062984735 48.54948228362067
66.4233866287294 29.49471040731594
30.224556416613304 29.330742566838342
63.21213019757982 7.182835682252309
12.154644707026197 46.9077148927726
19.000374783202734 66.84182540117966
23.068730604840017 92.48784974491835
32.084644439268885 80.88765648852569
43.10512690486421 17.883745332887635
46.0360022410831 93.33263222941561
40.55299931055401 20.25493925430907
65.31332465148488 6.747652571542828
58.06553035386229 76.36836303784922
60.952082520198935 65.3406380402729
25.929000320959094 7.697068313132183
66.27521163768029 38.750501888261844
54.69460469430815 56.29386281042349
71.77758683440942 63.28603535513111
98.70243815012034 10.316308609982272
26.112494904922368 37.90674168050586
36.56602948454055 93.28246468840588
50.24552858723694 83.75673351427038
66.53414712114794 83.16771796977844
73.66126924426361 31.0491019720309
40.33583020617358 68.51734784506122
50.52542260602328 26.84518279890371
43.83571507263366 27.12748202004751
98.58408806739098 36.94198704995906
26.666150614122795 60.838292459023315
30.930000752853793 58.7405566372041
12.42784644999867 76.8320719702847
95.86296782474922 16.545381509751998
2.4949557451159343 71.51848650625232
31.8511904802258 78.9398993624816
1.0706315864714266 51.3780638914178
4.589459113697892 53.70288675625835
90.88612003915034 26.63854170841029
57.3988469228102 3.4166687568407905
4.416916456565856 77.10203982712306
13.056941953060763 13.865932307855521
97.92175864280436 2.6809408559320125
33.64163170033102 36.553349626887865
81.08503704173894 22.191244725998484
33.59612461952467 65.25307467058529
39.260085807848135 57.42263220395053
24.177789995282183 79.5495193817333
98.06083021474974 34.15245306603849
58.519245096260754 77.80021563168488
59.478501876483634 79.01641939775966
63.81521999551062 54.07343445263747
0.4790963147568661 4.681210099718502
38.440387366082895 64.80021067194718
56.67635706292269 8.550042460665509
96.87446819293771 76.64034716332274
74.9657486507501 86.92038334490456
61.02600861502352 24.149072686844065
27.184092771405155 30.749054992119397
17.33311660480945 78.4164554904668
69.33738372919355 2.1533760920115497
57.84294067715248 27.357373006338868
23.39818634016366 17.364874029667543
35.379219014361084 78.43145155568001
35.127242466895524 39.05853455566677
76.4358335970365 57.07653022179573
8.405053073431802 27.126165451678595
40.73659055867367 45.681661915736385
81.45511403320369 92.36155280103546
60.719629483469376 18.916928757276587
61.69790189574936 71.30430519963194
87.81397514684122 92.34329193410595
77.38891331598616 37.12029150263658
13.090666963456265 60.174403586428696
15.554703610637455 83.86680491439601
92.05672530454774 30.67250051385788
65.0548651182478 26.325160046149264
37.65770002552495 50.14073998501202
19.791773737298723 60.50652961134101
45.81528487532639 24.37224089215997
48.80460555449972 43.16555483621299
94.72762362811513 7.101327097389576
62.46122692645384 71.25339844987445
53.68478223477665 69.91410181179467
34.27110240577996 78.51718033109256
57.97437102057056 82.75911248712617
67.62145841853378 73.45399136163971
1.8577098596021302 81.18852766094629
33.00541331463728 7.492323849718052
26.229179466468423 46.70594755829003
76.77307252284491 68.0654711702669
25.197392609155568 60.48240648505059
73.36886693534987 42.30319677672203
54.686321908742286 47.74500173909285
7.8581130556208745 74.94617122127549
80.09372260316732 29.573240797610122
47.73242410810521 68.0559079767438
37.469115899313806 0.4221718380733708
97.96019436474202 55.23982282637581
10.914409243477486 17.462437195954784
9.128909272747576 65.81878997807499
83.46442575945746 63.12345984440761
96.72899538543749 20.349693722251295
20.742877983927087 4.790431935449102
90.90354558454412 0.10453333948102772
70.04472382985145 63.30258637004067
29.765422206987846 13.694176260403268
15.005625427738545 73.94976894238432
