28
94.73416196354428 14.074165172105635
76.26226542014491 97.49444353930676
52.92183166890294 84.868736705474
7.674194038460824 45.74813413142685
62.706612462658754 53.712279089677786
70.46151805925454 11.868847571429708
38.52038113671754 10.482820285894789
51.853239359211464 27.44614419789024
27.880222721197466 37.45278349399946
19.15556109343929 12.661735577841249
82.62952654308879 45.06513160702872
36.21639511191512 88.04385640326433
26.056136144750074 50.64654692820858
13.658203577584182 79.28756215217831
13.181221755843698 85.59764220633578
57.62130028816761 10.866902168034652
92.45022109234539 54.61967161207636
97.04679027482746 89.04476475389924
52.83661681508761 51.80756136625641
52.2024262951544 3.443386652082414
18.24359129177412 98.76022407039942
91.0126429432076 82.56360320544121
39.84550771209433 54.989419066919986
66.77454769887807 62.62319580630364
60.644692595197945 87.25576407485916
53.161732346695835 75.8506027283166
89.0327944950548 81.7414396734089
45.16811001036771 92.5542762266634
