221
77.32699450088221 33.51642950560465
16.44294019000444 89.32411342826985
10.510059085787415 56.58296543567709
43.89899474973225 64.69976976266251
69.91682746022141 60.290590377858024
41.348571065010496 42.909457366197934
10.856611261155457 99.0507245366548
47.3399181685038 95.73128795035954
24.9056334083703 62.13533654804031
76.24489331498438 64.64122781122408
47.68582078558584 50.45342113645138
95.0358870690758 21.900995814322698
87.0390428960732 60.82034348525498
12.090803567362506 33.70751094563459
86.46250591330447 22.101457614487828
92.67623263817917 43.17776112926898
5.505234431503259 83.40702521498947
77.75420514814526 74.87960042490907
71.76686364363567 52.437133385305614
35.226921651545204 52.06335257766198
97.29191438388031 18.505555030604036
3.466344781616748 60.63358822364741
30.512388547300006 83.35103777457348
9.62803137793543 78.24443748685312
23.644124262413733 69.43186186807019
69.11886376643245 3.9732029602355445
0.38683605345029015 72.93650455460877
77.49055632398982 88.1510503853884
40.49889242140825 94.04856252797259
70.6068787384879 14.623575364358466
86.54653987600372 11.664254831803412
47.48920937803993 25.935192914450923
46.35881714685145 4.021376886259009
23.7988438678711 53.431953182087696
19.19377114972505 23.158105345909906
96.53773530089175 84.8692575594353
4.025041375519011 92.33202260256151
8.108976113927834 83.76460734743047
18.858729301262223 45.40147460399433
49.070539529854294 95.60938348474572
19.89418359417413 71.34176955636411
57.0380125034168 16.90266034350274
97.97370470014387 18.969529910065297
75.28747998960753 10.537307133061924
93.60750469511257 76.26634277314854
25.863072583957692 78.72637883037838
81.26530268935139 91.18200344665561
57.04923839203947 16.046367831382124
88.18541436383065 25.084923490344714
86.20317061709783 34.35693866524837
11.304353430641633 87.44305176804595
13.666021619907987 25.800872709332236
59.565764697067266 46.467549773699204
45.912587069294005 39.89516642671482
6.948141207489744 22.208423459106253
90.34658900395335 40.71927062886497
11.25117092798822 63.381696199357215
70.78732135465073 55.35250335303428
95.53840252184477 48.14396057539674
87.04422335107648 60.10054405370315
68.75411056695128 18.00714702977246
38.667028640019495 88.91944662097431
90.84977216695147 65.32181381699633
81.62298092360508 79.83260506723397
94.36217078250297 87.82323652454187
77.59414709307757 53.82615739282769
26.655112945799363 12.156595003106974
40.75377341415057 68.55488489267405
31.574972662645383 71.08315611440418
19.73742552835641 73.73071299793395
15.778803371307315 40.8242015936939
7.566505684265934 45.123611534665805
66.62733636440457 87.57375694398999
71.4045064628993 42.87413031298152
38.37707865427418 59.57699282747032
91.83123099600431 58.83073270084175
62.36666006020754 46.97118281555047
61.610026177457286 45.12693617003
56.06388396798341 73.87875345431095
21.031434811417405 7.777373940689869
78.2289067478428 93.2350387080623
75.34868861220374 34.85980094615714
64.6346259906716 13.235205771253423
51.207584830494824 18.248449870234907
26.769615544247504 23.622230235016772
76.77934635558901 23.071478309227523
53.201583814226325 82.48578972595595
44.69850393653938 50.96946043292833
67.18282080835706 88.51744278465043
32.12463905889869 60.859413532451626
71.73672015710602 57.675692551593215
63.99745572651098 83.87299348419549
22.408172084592238 13.612750103832383
35.85741682414396 17.09222422587169
77.2820954470276 60.22657939507206
34.03231629558698 99.37229368762715
76.69826613010662 11.971763939673485
56.130943270452086 37.23660084793797
78.3498933498558 51.96337340818188
61.464584888724715 28.808029584356387
12.077284691617852 92.22669638403725
45.74701141591554 87.99266604516939
66.8287901238449 71.99063278356738
2.5997455571291517 70.64339004092992
46.94494540170635 36.98400920027436
62.306373764832976 14.697555317331979
26.99384117474103 56.95100061878495
98.42562786891432 10.362057305439453
21.654132062198173 24.35758559550305
9.229297975633234 51.72838421645709
9.504469444909713 57.9250589610016
98.727697892236 94.91077182412295
22.54579355651407 82.04756614639678
22.552358685601792 76.85332331696782
94.4900864912801 75.15337585639259
83.64079633994696 50.17934291030349
93.19955510878447 26.109298641085598
34.191514087985944 7.335279441681653
11.067259458097068 84.66747783940454
40.61314330518311 77.8206499824315
27.941695617751694 27.52572695009642
49.922008462746284 99.97994574281064
42.18421920178989 65.02710588991314
10.225902277443687 27.33092387044079
8.905794454607552 65.55222779402526
42.78857100623581 97.68831467217818
17.49763922945832 24.417074356397027
62.22526520253516 80.89349867611351
37.152775163789244 93.59951664507805
21.0690305503909 46.22538561754358
84.92104319811082 10.88926309755599
46.120331051636775 84.3831072707596
15.903574374193452 79.79655324661704
79.09005237010142 24.002368302558132
18.201414973976316 99.43538981110292
83.85323232054677 28.39906567178233
22.376327934067465 42.3960802340717
28.166348516402817 71.60071673936766
3.042075544162115 44.77674736826865
25.272758144806396 6.559861058706884
85.90713944918366 46.24632971095522
23.199567416750966 46.64115827546674
74.5989045690783 64.36318342596917
94.1670138614941 21.816891671245553
45.30371721134488 33.52334335378473
1.4534253286390464 83.26921953432873
61.23090597669953 49.200843315659824
64.2790172534862 18.932214424851125
92.72227820495654 86.28523943416799
74.60560651690467 75.63194805192074
14.003984024837003 29.488230239489322
63.04907149498013 80.85100083072527
28.113830551398834 80.06936529503739
68.3428567547404 42.85855034687511
12.591307689807362 12.03735076002631
12.253624106535321 87.38612489561713
95.22748631047669 79.34629053897471
99.42262901398824 11.097761791355754
3.1108910609099483 43.08508174945682
56.54011757992138 90.74111280741522
78.70585703782457 57.59834013596921
66.25580447004012 35.38486220488629
87.16266984419731 74.64481539049265
93.19368448682096 16.96393191476958
18.342652414258442 26.829542140937512
22.987940516667138 84.1936742917755
10.573589163508757 92.30360877972417
91.78127489585721 98.79738455131798
39.637885304112764 11.113638799007964
84.3047517120135 87.44334072262227
85.35056368456094 70.63099176415152
96.3483155536383 17.83278034298601
1.5193439080361748 16.657845885362942
73.24668068157607 17.98689103392862
28.49058697458541 1.2561284852587895
24.565183923168366 47.83476907861832
8.409012888862167 54.444831511784855
4.677852094017143 78.81706076181517
84.49058517899896 17.7139736799106
87.06234394155419 17.872229784816483
74.84791661147166 18.012536112667675
37.167912876481545 35.415799572477525
73.83814206600341 71.7312329843384
21.876877544848217 91.30398028663572
83.0179932949539 96.02955694340068
29.772607658843274 50.0343871915854
2.871551770303249 89.07267081984654
10.32693269682461 82.2399775148166
81.18627303414634 97.68979269907447
71.39788243411056 68.10191273253619
60.94790538118355 73.74882533440068
74.54283221361517 52.213890493901125
60.84887341672184 11.463041876310076
71.5577558896111 27.79358338969956
31.194862468134808 20.464229538541822
54.985030863508435 85.74312147549375
10.268881785905993 57.37845135996734
44.77644152672039 99.99913290302888
13.08593478997957 11.993145812319138
94.08279340086428 44.66769427106958
90.79827683540839 45.462290050150635
40.14221030997497 19.236116268282444
41.17823261015581 64.4537971345139
27.5702115760857 61.981590178459044
46.663770907276984 50.582246606327566
84.8668224538412 61.00376013337464
62.03466900072563 86.57822628441474
30.094501699854693 20.51617322801099
18.881080798801086 76.70074161971982
9.083316120017171 20.396739928752737
96.68491820104892 69.06526946711145
14.691546554270051 36.91642397389242
21.289414479639046 68.48537604376882
48.0649848607119 62.269336301720735
7.795551252391153 79.58203275090364
87.54375267232405 63.97640777401098
56.818594769101516 24.96431250463167
4.956076266911591 48.95130297711745
52.25093117286017 89.58518670307654
77.44059578938968 1.5073079587833993
9.713499501169998 39.035099169209445
