30
52.26983096739461 63.062946740349524
29.195305300779452 81.1240538958521
65.809250743843 76.86254057851423
48.09533377882034 97.27241680277133
60.33683165434347 35.07690690394225
33.08691893981591 80.25439819256398
5.800511228763039 87.43601099423381
43.46153440551729 76.21586297700624
71.89488347915379 45.012535097423466
26.46257153088817 67.09385356611241
42.119398248277065 82.8747589184145
35.825329534548146 90.63918478536156
29.557858408721437 52.87073123889676
69.74359820683208 72.66304659977118
96.63343320868375 95.55636112134242
90.03747924322482 58.69853294235653
25.71677952949486 21.57755656696574
46.35905069301813 22.910619104534646
92.55611747682804 62.22488165614609
69.8810203717148 97.83369522704456
94.0812763415057 27.448441012573642
99.08557784037782 75.03115167490338
33.759250542858645 53.77149979528099
0.34112850209194745 16.339163779774324
23.812357511319917 0.5961936969383741
15.950301526882903 40.893552515568956
88.97985820034944 98.7340284278074
60.04984469335769 42.70489883732761
42.00474938998022 99.88036360707898
76.89722377575843 56.701204069192414
