208
97.09116187211848 29.24442278720435
63.925304908024536 27.54038200683392
69.76298397707293 66.34345174968439
88.40520244018629 28.51334733763162
75.20072499019504 49.71685497793597
42.9745626925078 27.246973978168988
66.90511852826126 62.24107956963619
75.29359898433387 34.87879064832057
61.9797604445762 99.52303167347783
15.015122300407679 46.406956984758864
60.57969748163893 31.729243363063652
69.44867689259439 90.80678663359136
14.298758912809506 32.267550045152724
98.39544195715952 97.04836664825893
95.75754955175275 89.61175111309838
96.25110573205811 39.40212484465167
54.4533884093641 73.84810607189655
79.69830178462966 7.081478535551311
41.869971226905754 77.47310681158417
2.253988224489112 86.83970315521941
21.66767895839663 71.27377409120872
26.654477773871687 60.957676587131715
90.34395242235695 47.933699671968725
41.76233190566526 13.27800836796682
87.93300415243807 93.60718409815071
37.07748498448523 47.597933121551876
62.21796790117231 53.677951929771936
21.76265540618575 95.31092981640737
20.782787885481547 21.87844487720566
19.37934778131315 20.619259750758502
46.003030800322186 5.070886262101659
23.9845273567153 15.037140501065227
28.89045603283361 84.16533595095484
72.8680479539379 79.44543394422341
39.481640547468274 60.21082798718663
10.808265823393892 36.09334265627449
7.634449795805676 55.862790736933945
39.03740188820129 34.01587409268546
73.51424553460733 59.980715544824626
61.41099985513653 84.84072530960987
78.19483819918199 31.391513379736114
11.04505183123976 74.61948059254114
9.734281331149663 73.96207462068934
11.605213028367178 39.73195346888417
4.95917033976454 5.971527875855987
96.73246059903715 61.54665016358859
41.672710546092816 63.78353325441574
77.57225430886831 44.99111373637924
99.8589907486501 41.919135831541766
46.68191914703518 88.99481486062353
4.912602309151238 28.502587459413633
10.788927709664497 19.519964305467386
17.140689405183796 71.69897866569256
29.768187372129805 4.200148512553659
36.07079273726341 71.51711870076794
76.85350813902069 35.2598384496861
52.27215200210339 64.47778249067424
15.344127345534432 62.2268778495227
85.45490241152615 22.19984109333961
77.25065280447663 9.460476530838024
11.69475243313255 29.164388433457322
52.056356749591494 38.3958643569258
95.7802120332367 30.023411100084484
87.19044241572875 6.461994849554687
40.84922780888897 80.60450753068541
81.00157294146248 17.252871808662917
39.75328778798111 36.46544572037749
77.34663066848196 42.67706145607046
96.94278534064875 50.23630856701826
50.170492864202544 74.87249027844018
25.664037657010784 9.292655295588482
83.34823360002109 58.546713645617366
63.53202636014233 98.40121658056111
51.45856990607164 87.54893970675462
73.99732951177523 37.38397136092166
15.154347088353258 22.247390905796227
22.319201961155255 4.41738794763501
49.76822449213651 92.05545335548396
34.41250339671428 14.482471526164332
90.4416209700621 83.71771091844315
98.47717143726994 1.7238515079066152
30.570915430348876 79.11562922392523
23.459650578008407 11.386223284467201
48.84442818079518 96.89644499627177
39.21695949652637 68.79186215326801
37.15983673925738 48.23190402001729
79.09301793379406 24.237855999605028
64.70835392548597 66.53260786403176
10.555357048243275 84.73038123955313
73.8026399369529 82.00754937729859
56.00375545876711 85.92371582320226
10.387206642452739 19.276555045381414
57.439977263601726 96.90450646704366
50.96086828335491 56.81398809289385
16.857129016110008 79.8781417906537
54.55376470700487 96.59466447884407
34.56467706659663 22.654197517109363
24.760545452645722 60.14213403018488
96.06327465004678 65.78293628731076
26.776582410302918 19.681112417753944
15.201303526014765 44.37037104031341
73.91505799600758 98.0096783426147
62.51103521732132 72.08455777292296
71.84820067369805 89.42727958479921
45.358298066172864 94.57263914509187
49.3534579386506 59.049920921186484
72.1147947249536 18.30813383120583
26.75483857934049 45.737779624942796
45.70497031265936 53.36067368926592
1.3029577456701302 76.57067384179382
90.37760604981118 62.44898776004876
14.59701752486815 64.2678967012322
52.94754428768309 99.70431969070951
11.701713406081282 9.914510453497904
33.642695166205925 0.0042250121760956105
56.67374479953479 0.504259602759527
32.21102367124321 91.31063057638634
79.69580654279717 66.17017831759807
83.58289609855412 37.48175942563532
72.23437738427366 64.44822622795456
88.38379133749503 55.928288157555905
89.76792415413642 72.56257353174496
88.38960925171546 42.24691144506247
90.6009052820305 59.84099374020507
48.09141121617214 73.4150503323841
6.985887112289069 80.51407902324506
11.67164788572591 62.115655005449966
64.52770472579282 84.39102827274105
51.62493137191948 79.28771546260558
93.02567889132882 64.92713158770788
97.19963621419203 34.05475411532544
85.65630232961365 45.25556317784346
6.6168035599780906 49.98746693586876
45.94834625524281 52.224786793063686
72.33940031095368 0.728021678639057
29.71840708410578 43.235744835374575
17.66506106616531 57.163620839694005
51.12141226041928 34.73673099950921
64.247219348048 44.202438758550386
10.225585583835272 87.94782997910707
67.58926127210077 26.690247314823967
85.19991929634129 38.10588077070556
51.88489524056883 15.387277652956222
12.94406802283843 5.004952818166119
2.497602827501222 51.735236512178
46.985699009376155 29.272493137993493
90.98160576733326 93.73631795935638
97.77313166278103 10.784110332099406
59.969916198537035 3.041464774257119
7.096453029895045 76.88369430020091
19.81625618891003 8.976033602368528
40.20713661954727 5.547336158847083
19.03489955161498 30.026604839692318
86.13026904609981 64.89142539817266
84.65790661829674 27.719618906930222
43.859941272887895 7.845818637030089
0.35244612493714467 43.31977688707981
67.09481373420627 4.557583844168911
3.4447784939965254 66.48554554402361
73.20225273486291 33.46101482781608
31.395191950204204 96.52201885266038
73.79491243531668 67.52654313499991
8.922232781850703 63.1147490197513
88.83041156650016 12.578167186052037
50.64247174373095 33.59388960220484
65.78858134321173 42.12224182903033
8.882169366449899 76.96229060576194
2.2362547622131634 79.56644301116255
53.326323518351714 36.85670148249475
76.83881678444726 10.579988606801328
92.46025077351723 97.31480349225075
38.24334744827503 73.2946457133154
25.26999297999428 30.61796156091591
25.296448136067628 34.25484668322295
53.41868473714578 92.28200403836195
47.70170308506479 28.999737140001614
37.14906058241748 72.81772260039375
70.92665230872726 76.16584047337943
47.37578998417153 28.120303591908836
13.651415498853027 67.96467342246486
33.91980057644331 41.03516039954782
16.03182904639683 92.74039273228098
33.86861367474757 45.96887872516192
67.8454241353466 28.88293172792101
68.72859703981872 20.630140099529036
48.29665061956311 67.94103482556045
19.33226395530159 49.545029908221494
90.27422826955615 4.144132937694889
42.84383393948489 18.88653114592381
33.01253539610502 38.05733443615914
23.757965056132726 68.88254249212456
52.593488559620425 67.43431070043691
40.22744823407899 35.16440412746159
30.35719681645134 14.198217617955889
64.41674869891297 94.28814360716508
22.31123568294109 41.34611579696191
41.90558517111662 94.7208114397434
41.74203516702178 72.86447475606465
62.609004041768124 53.17135681408111
54.68776132904228 66.85772004289396
68.21444600830533 4.04416895556211
4.473446805695447 42.26108992341082
85.14943088784143 18.136316390438832
1.115800369022868 95.82865135856939
54.282915293540526 69.69749811653372
25.415583294484577 21.433020600482898
44.21174658204007 0.11381366526571624
20.637520231307562 95.49253181883462
