204
70.27316873717179 46.96808252892107
28.187363967074297 12.420814689561254
67.99558881327937 12.936933729688205
76.25999337915613 61.96336041599647
22.02244377047847 9.223816683804898
84.23762567356819 41.87303535123505
32.40712183801469 78.96438350703016
28.720727095135445 37.09022053657955
5.68288602648127 98.4373116466593
41.7567298264641 70.74712898056482
42.807445182613115 3.4400648792858424
90.03288949421211 28.604990048379353
45.000725593760706 15.460054672742618
35.9136868008902 74.79175909681484
94.67121967579246 93.12275881649968
30.578135588630907 65.55789555962252
63.63108424019687 85.94245678781391
68.16675237085627 21.687301892024678
11.966354532376478 76.20683229982662
31.78961335735906 17.513812253436456
64.58140428297895 48.043463516094796
42.47866266602362 34.69571046830002
68.6447680690863 66.85018793271357
2.833874989123464 89.82415113524347
51.64831935809773 24.338757245738275
60.41997029971032 54.40172469850515
67.07001621389298 19.911249265584363
11.789639359729609 65.53749689119836
38.89496769514622 66.34981881439805
67.11511467513961 27.336044736984768
29.34780518105238 96.16760369357326
45.04860510594383 96.91004941693109
62.70055158267714 35.299267123409116
42.71946218053041 38.64579042662891
77.532606988316 75.18642120620423
14.765219602023205 15.576529021218576
98.3862654052199 28.69860226211638
12.582034471075175 94.12341788358034
40.375629829198544 95.31447731658909
86.37152496237027 32.66040576403337
42.57536939973329 48.08224945994735
28.099929199694486 33.06078266598943
67.93678381579913 18.514180260011603
70.00968800568332 26.939963528151434
74.45873055128114 3.1454082826153806
28.38560958822095 19.549628628941683
32.26865971554904 82.8774518260976
34.516450879732794 98.1039274451409
58.70978172215106 7.873220779656509
36.72066899082908 33.21607030527729
93.2896823409988 45.295050354758416
96.1564399925729 80.62416950342009
42.89273904208082 9.514942913687207
91.22341284745113 5.873381336558525
92.30154703903905 91.64060686656667
1.3969747456829995 22.903229805061777
96.32633533092225 13.644625440776315
44.66552923333852 29.99899363398676
82.96625579373446 99.97560709687733
46.69855172502003 57.817380205580704
45.411017867917934 5.806153073634979
19.08344450163648 14.216159015310259
95.05390600676594 12.918940522826695
69.84689949091347 92.75569568997012
18.6691531853192 26.05409445021223
45.28106481176435 82.57601942313889
79.78515873086702 10.53518807244419
68.65020559569417 40.36446854472827
57.97451257916102 68.57748191306516
84.08071586445526 54.95543247849915
17.812726049386296 59.289162991988945
84.33918720751484 58.50583321628632
28.0212743715293 99.57699139501315
62.45814616806711 69.7044512810016
72.7833520291602 59.82137316278545
90.25241406204496 1.3877001521412136
69.24564288075405 89.87753052090098
14.172321836907331 56.06810540158852
21.652477774947453 72.50116490130695
64.09978204208294 11.376715134711535
39.77046207869469 96.03865324947232
37.91972040902327 4.616776490893971
29.051215670174013 40.447199339791304
22.298905249081102 94.0437700802902
54.27233813047444 13.282986765034178
10.325778011483667 19.221369402235332
11.826417625946139 70.17934972093855
81.26939262755954 38.01395627199262
96.94654169614623 30.161324160669835
62.830170457016635 3.716253174148576
56.71156467064874 9.601040615183376
80.74027943473561 7.36144602751293
23.818479977059248 49.606061115392386
70.16607852492508 52.17902459967886
15.674062461962468 38.963911165506474
34.72303820832187 73.12809409242948
83.5245530737438 8.320734504065719
38.38583902229081 80.54977350644202
12.280508693888681 74.35907896705088
72.0311962895498 8.713560396449472
12.89244772855952 69.17488061158201
27.596939651180065 58.60730108766424
73.06219412943575 61.07750569072539
65.09167844858229 74.09792054344713
35.71949033123818 78.18551009779071
47.4512545419434 51.429037516625556
67.78761990297093 78.42067589225096
80.86512700399695 99.59394163884815
36.07951491894288 48.37110859818504
59.1121238818555 23.843894192367255
56.44464111048685 0.38037700324247137
71.04137433658177 17.83497968541299
98.34207095085574 40.47478937226641
94.65393940118842 85.35818803283067
13.797763403152318 53.328164176159056
92.00112663674402 50.691598601656885
14.998043052881593 16.505008038489798
1.6777594987512745 34.39805689512202
4.537609638552187 78.25204657888926
10.286567797944922 72.6547766097449
59.70567299337113 12.69342453539084
20.957591926882802 1.0585141890421368
55.7780313108202 89.36845110720029
84.06030256689654 65.22760012786722
93.53901849892533 92.9719712766924
70.79137306665379 58.46577074815657
2.0195175329796755 30.080979565656342
81.75363427571399 76.60121946103212
35.28787763663501 42.63203171657429
71.11177378578239 91.51236350180645
17.838181396981657 77.68786578648945
19.783532946075077 33.03284605115113
13.562865710321148 9.277905733273418
11.873060477701003 99.22698042614412
91.47133813159066 12.058673497368455
42.573995346559066 27.26862345918004
64.15409413512538 66.43570919122328
69.19962654992095 31.048584333366236
20.221006476451276 42.67253496094141
24.13237713105767 25.4950556745002
92.04820722173476 3.924670511447237
44.84281310482389 68.63971332652844
16.934770709162038 21.861380259225083
30.288074452200476 40.949301772310676
19.47016867039092 18.761116910026786
27.639344094935737 18.938127178164887
44.49428423034205 88.18354852826185
79.74314808603485 98.90098667201258
92.55283196844985 54.182687912544914
58.17516557922505 49.08339727386619
15.728194074532077 2.5891525114419722
25.628582008618583 38.83009963201448
42.62764502763275 83.28537875764462
33.16078944281992 90.31513311649641
56.852250163098596 66.7187245608989
6.361375818198067 78.03470939082737
43.71251965474187 81.71619732625624
71.08833570299669 36.94714154574292
0.04788901961181313 59.24194027156074
92.01508155761749 56.38030730510535
11.79777428504204 27.213397378755143
52.54570633780726 11.818423959660418
26.63352685207261 85.27687409959637
63.38617852484189 51.364758301443445
87.03356353177102 92.10890160404956
92.07061735238908 44.16472228735312
64.8043027779195 71.66869110683174
5.305222640662366 81.60788176647193
10.614202524450123 67.96249308824088
88.73516528271047 58.782197596690956
83.22036141748168 60.22215975557836
2.226782551404105 88.64339465593109
78.70808967995309 44.02980286081583
45.77615391047968 60.87237703946191
32.355224224437606 54.33744654975672
0.3609007423982735 16.425579382115917
6.6287296968148945 68.04825402810654
0.33303715566725955 46.509076140792324
55.76383142888325 14.725585452309087
18.81558919810884 34.37386234201579
43.41610608821529 4.070000683304443
27.68327014584041 1.235525758581657
56.40388158320887 78.70455779935496
26.350858362040785 19.480897017274344
62.034306699885676 12.252483549771098
41.27090645989554 36.58217580529849
90.9155321398297 8.91262713078781
53.35569221592803 2.020664568023145
7.950706217488134 65.37503120693216
63.6750043974031 42.34644274972329
83.30713678432534 59.32028062910001
78.40791220210032 71.26343398483192
93.77729197298133 43.52068137025573
24.444899807227305 69.9842003891682
37.61995322431323 5.820426308774984
18.400558144411615 28.226480464562563
8.287233331851695 45.87339360202489
57.84781402712505 51.55779174608709
89.44638405728917 86.76985990364612
44.10077560240365 56.75831417803979
26.753749137284643 72.41067614212483
10.653463061829804 2.289084588602819
37.85757129524045 87.13022120748563
62.894038062759236 14.86492253175018
