238
99.59639921776929 69.89566772367992
34.63378057623997 90.24675679203395
39.33562885128846 7.717100305633428
38.6790822396597 29.096912193181257
61.69491437590197 5.619450357465372
25.373331377565865 51.11362424104628
7.624915948461131 30.927352394144048
37.732597630068575 12.270722670912038
54.630366110820304 98.04964762639099
39.9602779264382 36.40108947788602
57.83267767385818 84.05784433172563
33.91251854244941 73.0783092415859
57.20478485679432 85.66143162578445
19.347902771432178 17.69134738171092
43.82908599494451 96.83458325022445
73.41897202606167 83.53043841252926
4.822445380728457 26.50338888688244
33.81633351139462 6.61918546187974
72.03108948763627 9.746342034974786
63.29445099963992 74.36962230002713
50.49139717994107 46.520028349211685
87.45823013990304 13.92984800408026
4.978141256856528 37.40221293182887
66.43175992625132 43.26864003026248
95.9060649206359 79.58767308339154
12.454361883293963 35.18160471708755
16.66174592955725 21.826532863274963
20.05835772792096 36.41093760000381
33.97368713340527 1.692742699414529
99.86469112296835 29.12730651180768
92.72474066183098 47.444618520096135
80.86677395070593 42.188006282520995
74.44540738097452 15.139629644049158
42.24769693368226 63.72383529223967
59.17261854231954 62.17133485366936
6.4576219378117194 46.159378520671325
26.43438092705688 40.976698649208764
77.22737656323095 94.33300799587033
24.783295801599092 36.425470424155534
30.491500322305242 48.82008008688183
81.98776630109091 0.5251135615905622
70.88953032040543 32.64252696891159
41.56969020365497 98.2853644342855
41.07710401251381 51.89205371510428
7.415312565728427 34.22853236001798
94.67671228498737 52.127303792787316
10.793042505336592 32.41118599453533
31.29478154126032 20.85053320454946
49.17178816036402 78.99942567177456
79.54169672905827 95.51648041902399
87.85900398953015 80.42810414858617
6.119268147066226 62.59078350889216
21.26554695873657 16.475753873722322
5.9875675870272875 2.114419596976802
14.755362817635442 0.6523554883691052
53.083568165183415 41.09909552568136
55.79491122222871 71.09616141613996
60.38192673370221 0.17204766077036915
16.374243099589915 76.1869493746447
4.602750601441441 64.88173161615993
18.568264967845614 90.65755670473565
50.70693675590861 16.796242193034907
90.0396054523392 72.39694638660723
0.1587843376059328 65.95105198157242
8.185049863922133 33.800443901807384
30.341774487253016 95.19255499807964
32.452558582357206 95.0819547436872
9.92237316062572 90.23326156656599
20.572724663654796 23.111613690208188
86.13003601098409 64.95816421141794
93.16493315393467 56.096320884738205
89.43427958445824 75.01402228964015
35.11709567600578 74.54466187038861
34.349404346578204 66.05572550177644
15.895264616201432 57.09396024383446
2.4643180127827957 66.5925746519412
8.29919171905309 50.57043202897068
14.427880360534196 70.92540488902065
13.454903035933153 76.17400055886891
0.7873527349607223 87.15414215383393
87.66296241859405 61.1251048451325
46.18744485154295 65.35467218237731
9.232854259450763 82.85290822870418
46.17582395879653 59.859176109114884
58.18919449856058 68.13044397072784
19.04630920062276 26.175684644461704
56.33600482547055 66.58019819771044
25.4010773279709 21.860206323180044
93.20098664477396 96.24309105036907
41.42870545505543 75.99951881615323
44.30122187222595 63.17234067012853
96.3244385298598 23.979022624739322
87.42713197895823 85.66471055571364
78.88135609003402 17.746427532540345
52.88908664945829 33.30660601896024
54.079527919040245 50.074160422404155
18.19706219331937 40.24612305828732
26.14479371863948 60.6448250221528
19.236850548929606 39.209786582271796
29.20536986930051 99.0418145112745
93.86841820696279 37.98699325605301
50.184565399481414 37.20460737204158
23.747520482997942 78.75631747964896
62.05046453846861 42.33972122821296
90.76029374312648 38.406603385051575
51.276392076825836 17.54012237297593
11.820228134859079 51.596055476576275
61.3866336566329 88.45014504771027
34.778460002815194 74.36661525407074
86.00848602014511 91.72456497727222
73.12921559069999 84.10960697035385
85.9254776254758 76.4934398333026
26.447110539859054 88.24219400642531
60.52511283309514 70.13114787084294
70.74168638953283 2.7868777013788537
12.754952077715275 91.59662314291076
7.834412699429183 56.01206371671618
66.12269236450804 95.34503145572944
57.78907804069308 30.55207492354034
90.52223807980546 4.0408357305061315
62.94739325953419 36.85596624651133
96.23751884575633 37.480517333577644
60.823318684863736 79.37206781352938
40.34913284370978 8.104934702724487
65.0443742040603 99.66222540995292
72.29412307909583 49.94843503924965
21.62925072584092 71.31076809615588
62.04381039321449 67.27144732174986
16.13339603131597 4.22063590655386
51.3561428088939 96.34182632119987
12.430759846764994 40.49351456268079
3.116841164535633 8.34431708604627
42.89769768494227 43.22684088879314
25.639900226509738 38.0110082687156
56.24469496814495 55.769775205391284
53.51588920999533 19.197164037508518
65.52316760530752 4.375823806697832
53.80683356690847 9.18531476274983
54.89862492668108 44.84269409610307
1.0525737647278155 59.92195262416008
98.06987416922435 77.85834305932336
96.932425256749 87.23606858699236
56.51397119571248 57.78658800356443
19.869190831670625 21.306848793287468
45.40787722379491 55.97184408381116
86.3592803502001 26.6583792566914
82.54186379289253 31.615576387262646
97.97456761350227 0.7431710111673095
68.86118627173865 31.70231837416616
90.37544151735024 39.98820890099816
67.75231170317491 85.22465633392734
55.446404050968745 54.596464300289284
77.9368553946691 84.49923448799619
35.82746501615125 61.596722879805
84.81775087736236 66.44816235113726
68.73653089723302 2.93227199454541
22.892408174538627 27.011874419005387
83.06981526640062 99.87039200885039
25.246372938387974 56.89551774647504
56.531139236998605 68.39676918651232
22.969673612038775 54.72641101713612
86.41022004366761 21.093796740843672
16.44520954151797 83.39941848421638
46.71736836614803 22.806527238241436
73.35083559055579 23.13257149232856
59.33864842747847 86.79508353517295
61.6876192250146 33.75372169833691
99.26069092104157 35.43767082169516
32.135297536405574 39.97531657462133
26.24844309139499 55.87342826478875
74.94209814751864 81.39884792409445
2.864911682233362 61.772962498963025
73.96899215040827 4.826616280577989
62.86377678113243 60.85463377223142
48.57916915516587 67.1355707279892
42.33993076880248 48.045224758896865
70.1538163536904 83.25512696176129
73.62949305708767 64.88849035503156
87.25683638967607 70.51641188603588
78.9557914949799 69.51904190596551
4.373330517472951 56.812686201036065
37.50151006565156 4.737656549396119
6.173985383753767 46.396141139206506
35.92738036649046 25.086154163295415
11.384134042742344 45.22589097795262
67.46302299520534 12.850061249749945
68.98111754816098 26.773361070387892
94.4341710041195 35.94667873654449
52.18998320179 15.865510485470647
44.29546781925928 14.68162798668633
1.4035578657569991 60.19922059123126
97.28545725970919 70.1075871915654
3.8091731594646405 82.33570368524524
23.395895250419983 53.21723910685473
49.19804858028052 9.09680231962533
1.5472045051866945 84.69319636006959
10.353688233156555 36.96404205114757
13.785808418596012 69.92319290812937
19.060064926455734 13.136302465509697
87.58849635223595 37.06430108705885
15.036398729248502 37.974643142682
64.02018238922055 20.854059151156502
60.04170075100759 31.36396188945516
79.28498431435247 53.55041357610032
12.693230402744238 82.20824555940224
73.41455076538018 2.6505067714554076
10.936547235488137 36.030745045587985
35.98299438460181 12.220735740637922
79.03004425741743 94.9085497780318
17.8383249613703 83.46565266347447
50.7322160906309 68.14956084383745
58.573090944911975 49.92299615464005
19.974456568136155 16.191733989526014
66.50697636315626 17.13954348778335
62.68048457201776 87.51200233432256
74.09504422590804 48.665572425904635
28.85289154831784 98.82920026931126
55.96971185313902 46.993875389375894
13.947496549056314 12.820035632511074
94.08404763704105 94.15037246141421
47.59130818375712 62.20921744664304
89.50943660212596 57.88410671151097
84.9450034254727 82.79942085968868
65.75170382467691 20.678565863309807
88.24357545040556 64.45678990930517
83.9412046867513 18.800360005491424
70.9587805257025 4.968304711037453
31.68371347281742 62.33109979742394
95.80588548752684 59.053989662460424
10.952644425557478 15.074479833449328
27.584513404581056 14.665645470534528
57.52658716116914 23.495713443188304
81.21718982874889 24.775888840904713
4.841367205668979 68.408184331292
30.564316836661355 1.1985786907407037
22.9357161168261 2.3403725539520193
96.61639893396237 9.816113887079847
86.5841967210246 23.934726989344878
