213
74.1252755376827 33.09372610098601
51.95516559690796 69.35514424179756
8.902527893944157 62.1182963718607
3.917270244248139 36.434366965557444
18.047557704639637 10.451206741838382
29.86207420557291 56.67805529226965
20.496594800923173 54.64488788691016
34.43305187898928 69.21389746514252
19.033291807000484 2.444866863245143
82.69841671724336 91.00555355228458
82.8145795399363 97.9210300774631
32.91186974375737 74.59606620399823
40.093081587810964 25.188557727499795
57.92748677138893 34.05476952271115
23.194017013825707 81.82334784308927
56.26969335056003 49.21096402591236
3.0637403722757695 60.19838131190778
54.516744815283666 49.99478491593935
75.0507771606334 48.54712536608883
84.74796625462531 79.59538310368501
13.691493103296203 52.75683244923107
91.17488909273519 18.223136782157432
47.37723651283739 6.718143352086836
42.834442889639256 51.33306327788567
42.43031906600115 74.31493595676152
51.00473350233673 16.422896144467604
58.95156256780692 86.73282488108818
20.342101827985037 22.799212463529972
31.206733303980762 0.8765591095823533
50.87359082658255 4.654200179648626
22.886775822691863 47.88755382599818
40.546419509305174 39.6525849518413
87.08294886595482 4.061133012110341
49.67708776506705 45.89363313475074
39.92402337537491 52.425016980653375
3.4626016408183524 2.5349668019118976
70.28844255347205 50.45325539518637
84.10364013382963 73.39349661528367
70.34369037873054 24.24196843454398
6.679166357636779 8.239382357390957
43.82968389289223 72.79230133454254
22.04481339031641 63.22308285804353
74.60201282531692 59.88216193898042
2.855436508743514 99.28951225186567
81.22758509568695 91.4838579754932
40.52674524921787 8.388318324651845
5.017091920603434 68.9849724998686
45.29370801245683 91.4861367133313
98.00896053934572 69.67509939101836
20.524502422704806 6.775143044617337
34.84011797717253 6.947603328668627
69.37569007426653 76.2473023947143
14.423934901158342 46.69584873582541
98.43308818245872 78.78518853834889
62.38529043393463 41.168892573197766
21.890442720484504 40.00857128796268
28.533710624653697 62.27112258149936
15.60749631488022 17.92522269075064
15.450812701081196 85.13824388135693
28.027610571947058 48.60348795314229
91.24178035379545 14.87103160837906
77.43677111112393 20.803444883619125
23.68789733418709 79.3756557123587
54.810813916322445 23.037922570886515
59.85792238390641 55.422425236582775
81.98238336069527 57.58975142988428
43.84733461978508 7.84227167303434
90.02208017547103 84.19892122881377
40.102444250570315 86.44062480795145
91.50412058622001 4.714803888620067
89.71057205645869 77.7515925867395
37.15711826505931 14.160488351295275
20.379709312427565 14.21993148043913
99.96574181915571 28.395548025193218
61.571960856501626 75.22114122681522
76.88014496404999 53.25914808952519
20.783686410805092 29.156800223747158
19.417374142388955 97.19312718781134
19.615419402669332 51.119579297312626
80.17673200171774 17.88789819722436
68.85538864842366 77.9838797605961
9.526694105825495 28.06068359747088
50.63471188212404 42.79092568205554
17.647458916449544 85.15841025871185
36.366698561426226 64.4042352324053
34.0511395469052 78.46573035334123
79.24486178881018 33.88273387029079
87.78147440531356 87.60546623412006
21.474327350172118 20.589341994586874
23.201941349291456 79.44673266458999
24.182961100337497 78.86714748431092
70.45770480096742 24.24360345295169
43.38336687790423 59.83919980628293
15.203427978406536 59.7379666177791
36.7530745437345 15.43227676918204
46.98638806177347 68.00581595082818
7.9362508267920795 74.12783329468245
56.132327912721024 26.746697981515368
38.898813836120794 45.34058737779149
17.661337463477455 98.86935753780455
23.623255988155144 20.794906990757312
81.81635749658908 33.4177798015783
42.07437810393492 16.09545249735367
15.447947737039758 59.465625923259424
71.69432940267009 22.845259568161723
66.89407151581412 30.10531537011819
35.81412201530475 5.156071289714726
78.37296412910028 64.67088240440283
83.68081779882512 7.113350913696992
70.2030790577943 89.72573210584163
80.70489581801694 14.70011400304948
40.93835785197886 42.37969264622318
94.06739989694658 28.758541382358704
43.46873827512915 41.212708538224476
1.9129553354398143 80.08056084238765
68.51862289505327 83.85401307836378
7.102867929081813 69.37287650128174
99.38249648189209 53.15946272205326
34.09438281583572 15.798835780202769
82.47482254102187 11.382301762063275
94.64872484691827 2.7083801912750394
27.20962587898522 69.7572078332024
23.228816458953972 44.29524663270603
60.04929910232188 0.7289698349301044
33.39446042781884 74.11709966621945
88.52368943675371 14.875396531084395
34.278785135419994 21.71379188289255
10.45963738537068 75.12400763883299
30.705928433946905 36.388447531762495
35.845068547863825 75.78272776242152
37.324413771555776 44.327342745182655
6.871704226900688 34.82576379402912
85.67509293601329 13.680490160581726
82.79310735643074 12.319591866798529
81.81176226966844 45.62363938380841
94.27502256608032 76.93161964394206
84.91368166284495 69.05668264654061
35.02590422987913 38.80172315042903
2.2249139596119294 81.54381251539881
73.74087082623075 15.465010931964718
52.657045245061354 91.31782823010799
38.60986744379732 96.08707625374736
89.13933181622627 98.60420469751618
21.023287842754623 89.08478783617413
7.227126386593774 26.25128323868572
18.983128144123683 42.436634183045065
3.6858422710631 95.8778755118241
58.062626758456794 85.40266502624779
33.57060850609281 66.10726315614833
85.93126527846732 99.20530751765995
10.036485535070938 11.315467171605286
9.314906391731736 85.01084418259173
83.23537516491143 79.12123831417563
99.16660377036118 40.97859037361607
82.27522050998427 58.361203697306365
29.662416496409204 59.690411411566046
26.049185245676863 79.90196160147492
27.20702245060551 7.0895991234767415
42.784945213273254 74.5831751653944
67.38551203061324 33.31983145153777
23.875428403863154 40.61260030142483
66.3757996982422 5.790783126019628
49.74758258534805 88.64198260178293
36.70448887118597 32.81937787131023
75.40060600276557 95.22708349064408
34.838952249611474 84.06749198291553
57.79524644114803 38.53001668958685
88.2968089634386 56.82603877821188
14.658816187341262 6.232902695940035
26.889679277931666 9.976237958694522
83.31125125831014 72.86986831380474
19.016108745929728 41.2232079676206
63.63749352444228 59.30142459288839
92.98461881523349 7.592517438765157
53.062695319706464 2.946142801871454
73.20758781136983 84.86313250744278
27.853284539765344 41.12775471699263
41.136418501748594 58.861486995783
46.07380847788784 29.584017304501764
16.999234344011015 75.29258855120091
75.0845855485073 78.86093194624378
18.01683270831491 38.99726437141844
71.6653314758542 83.75934660224517
7.214182420887816 64.17975686606383
23.35702495034563 27.251413158273962
30.031179072669122 91.90445547453113
96.72175691921335 55.873399750796374
2.631677791666276 35.525851190806016
21.32523246626826 69.06758065929672
73.13973154956767 32.11983189984148
33.32252558301476 5.6298810336721345
80.90994850132397 95.93639828596316
6.184313111201689 84.32276904609324
37.59846796174149 68.9333434588639
77.14036950531239 66.23687359500065
1.2449804784156915 40.53009552947098
42.82066891951276 36.90460854146925
7.8063451316839565 16.041281467819303
19.70649971808598 63.82116096087114
21.778563343520997 46.77311438896978
17.932994155897262 66.75574345194435
86.49803860411097 63.516737477533006
80.35063101621091 46.3189015726834
76.2245512202488 21.7968617048219
85.94495756223928 34.38044931207197
35.47479657230521 81.3191383523667
81.07354794881779 66.88156413863531
45.842139509885236 95.45750864310162
7.340908762851683 67.19132128041389
41.39231968488225 87.14703213904549
78.08358436244262 14.876025409317394
55.02345006234234 93.94360596205101
97.28677544243087 30.27675498906426
