235
12.473217205850961 43.39351856619593
44.13788800845556 12.228329474673828
95.31939846013643 76.9658882652394
56.88108993637767 44.93958515711434
39.47293295890165 32.194245237775135
13.00085817763118 37.55546529832156
26.12047935046463 88.26904808634085
11.172230035936604 93.84652785495152
78.55551928715164 29.582166423352298
62.3410420551319 30.417647080517863
8.335518190958124 72.49432299261514
4.547101517708684 2.428087096023901
59.522368519974734 78.48585020186734
37.402658883607785 44.45325988753807
54.0412085668021 76.06427948091283
80.68390236163432 8.699105155770825
42.6400946333201 66.60608215368131
95.33337045761662 44.994251288528076
80.06060546553154 76.50734394833975
17.774313247448127 26.496164902390717
20.607971084907827 47.394301277741945
76.49264304253626 49.43677941752669
46.257895576810206 95.49033383957007
90.9796254736985 39.542397702123345
20.247122837687158 87.2315753226525
25.21994681478523 74.04905752395862
78.59749545362456 95.38970052561135
32.84180200522299 24.26651167869708
45.14428777348136 73.41813835300725
36.39134182888908 41.37905232451607
61.35599560949323 30.932926595379595
96.17349348325949 39.1908993504785
83.70882177943022 88.96149525803125
94.70069134355538 1.180219309396413
25.461256215642415 54.68721192245781
74.61694015208936 42.50829999457638
74.15769681754068 42.906434017700604
48.59430220791763 82.78307988929721
82.57488898507765 10.7051153519793
2.4692513573010944 23.50436354955603
3.1310079205338015 67.00741198530527
75.85932938242689 31.03474685700659
57.70966530303091 75.26695486496602
9.685952743099568 90.91401608304773
93.15770760660065 30.21071426895873
90.88910566022402 9.045528202998188
2.815662597574997 39.47604179728026
15.46838778887224 84.71845760789876
51.54085962392478 64.22378272473684
85.6245592383701 21.155081744053916
48.959059516477325 84.4083232534079
46.661106237380224 29.989252109319075
21.156560775586218 22.955368902452268
69.40665284286031 65.41197830073844
83.32232190133895 62.277031667652984
83.8943227308869 82.0010189341452
75.89374524782998 68.05931585193902
80.55827062469217 71.75214692049188
42.0114496069998 73.42144620345799
2.167091489246009 55.924585480804055
70.60509094545408 77.78537573182105
10.045179176808372 19.16877876181009
83.0842852970904 33.47466688880717
25.945972448296683 63.16786541514414
32.45475990845629 23.116335812280695
53.92556267596229 48.25299260258136
62.40551274735965 19.414596378721527
8.723135360052892 49.03568137397284
75.29656218489347 27.940504112958585
3.9914215254539864 43.735218813023266
26.27712332384975 96.3770671543553
23.931365218020918 90.52702727290239
31.082750769417434 30.729409042227562
65.2579979222687 60.37995797141985
21.572228335178533 42.73035891059628
23.545155189044564 72.22689089574556
94.2331490368036 73.94596002654231
45.36881636918282 91.24853616298132
33.86127529362539 72.08402263891891
41.123732720702 69.2194357913231
58.09182246314184 80.00472738732569
30.237508308307838 43.05883697495093
8.749976283534567 55.18310840499062
71.3499154375507 51.94903756637677
21.833353951953228 17.14072215521856
9.096737873986926 22.68460744740549
41.62893500030367 55.63546243331524
74.48045800432506 79.5990939537084
16.624964927025452 98.73148712933954
46.47761256491886 35.69994416398482
26.28261124939426 9.568451883282481
86.0650468936971 40.22910992782867
62.83108170560092 81.54238168559263
90.57385372173084 14.613662935246552
87.11538955508371 24.90678589773252
72.8816748203946 33.03862937284978
2.4022477043343815 60.32037661062951
35.163344490266425 67.57006442677475
24.546671432856325 69.10472448902053
5.707304893427734 84.31219370043415
6.330781805106989 76.48217642281345
93.76171509700826 75.80748349709671
61.12907898139813 1.1976675361988876
72.0693605658226 46.17392566666504
16.788072123320553 80.1064116422481
86.70841680759281 19.94473948645834
2.6863384748498698 32.97645276955039
89.93120912187335 97.18791368958448
30.18513295848535 17.882202351448285
60.21425094984962 77.65910034382803
96.76875734257885 23.695239852736183
25.31414718334396 4.351768808716172
16.15439529951882 95.77899384733895
6.442803499973005 78.03111507574042
82.68487812888162 88.61905903045974
5.886284529668395 6.127964971313138
11.40902498010683 70.25217387370833
52.198973439692395 64.78923695751794
71.78753623013439 76.79887230757403
96.93465114195142 53.25364159491569
42.55679991532855 28.97859259640635
41.52474769248059 59.2744203227626
45.6292213611579 66.64092897990308
42.9250126297378 55.04466515485483
25.650788228842714 28.892657010490318
37.734567534147644 41.29794974094331
5.4767543623348125 53.90301157777214
87.88867578330614 11.568441052754942
20.04183052348224 22.726887364745252
37.01958286965339 86.83508789760414
75.29178155759237 39.38675825569368
56.31069064565759 1.6226308550071344
93.41732756905375 26.19898097591975
79.38330533132995 55.29559917241327
95.83931678219876 29.06742907481975
64.69912757141168 87.79366008858497
71.33414358073075 70.0586287118615
94.23835793652059 94.0644444143328
67.96801829003947 7.678774174993819
67.7913970760134 77.04351756198756
21.187592707465342 27.771854633603223
17.412237415693134 71.58941641933595
60.922256955815634 93.75886552112958
92.75835211764395 95.84228362933665
3.6452905156440174 80.42813687241015
9.146451412371926 1.6905140446499822
42.84498161976378 30.87955015340085
53.93890587283134 26.33300475788718
36.137575305683164 54.55162692700177
30.04363044944793 46.21501288823471
97.21665653735985 46.27749356419608
1.2843906910261271 72.0320754340004
44.027900233488474 4.031014084583062
52.48076556063549 33.505269834825015
78.11872521708031 40.56588168319381
37.813651832413356 80.74503997168995
32.191458127470064 35.00684784197843
63.41924135750325 74.99359320774155
89.41612502561672 40.71395190510646
54.65843525552899 88.48100908444539
12.627046027918832 21.774419087896547
96.26931126760839 90.47902540475768
46.61830716749177 10.02337380956867
80.14908403662449 97.12606440061812
26.87021743093949 32.81156585319679
17.957788148073096 89.6088670968458
14.48550715842737 48.312444113671916
96.71417758147098 96.28292442799584
46.12810370136984 14.162968450223323
56.612692516234645 54.67945724874133
23.40388975338995 90.83872709635877
99.32739921640658 54.90608641129593
68.46327141962259 77.8825217279046
85.80594930205203 18.951780938439235
51.832950031955164 35.57752991648325
54.98893090198853 28.1098699998682
44.97827753331482 45.29400077314821
50.638385453602574 38.43442643766074
1.496065884082165 68.50434377468765
8.684158803150332 77.23949810547785
8.08954203559793 66.21976360851922
8.385051365736807 98.5391814481081
98.40609506217082 21.7624651611229
80.93919332104008 6.987880921467049
89.39534677388826 24.48392095562051
93.71714797285097 62.85801112679664
63.64332285844713 38.04120830137332
33.07160145438471 82.89667605954868
16.371621531671078 52.703279501348085
47.91049825656935 96.16152890386923
16.218124194037497 70.29009751527249
91.35479027920192 38.07908553285916
73.90923443728165 92.79759939910188
3.7645274282805397 89.22186223231289
36.90264079607603 67.00705310961864
28.332192646343824 66.73641946038826
35.82167113167961 69.51114158941152
18.517339027510438 98.27872649873767
21.965863032587617 28.934145185148484
40.368918846497806 95.4998322586309
19.29338754413318 99.53663779142757
5.911949650879855 81.77430222246706
22.38683776634003 43.675199482015174
66.2282319252155 20.15335929428288
79.71246504999687 60.44851212596028
28.93612509995084 72.6736439251287
35.33868349069973 60.115457648822456
98.3017813321606 50.853305218595246
17.8673748961655 24.160149333953996
24.528275999119042 79.87773465886059
85.52075579419363 35.87264747664749
11.909188283580773 51.25301447489795
4.0338447087936995 37.95575210003156
60.73130683687333 1.8427250730892797
39.27024504015857 88.03810554618602
25.00560228459673 24.630459017411333
8.184033997134609 64.32659663851953
72.17421276432577 71.97710906034834
58.948602795881044 17.437932235160105
51.90057149454132 90.22035237632029
23.928152545020932 46.707917990179084
91.13997140279815 81.27784371468998
29.604562624411102 6.097772314130589
39.107520820759035 95.02225948395673
69.71926429818913 27.740795991362155
68.05735161326963 62.54953065866251
38.39380529621978 2.400631972927847
70.5143614597241 0.7297182287224202
60.60919769381512 7.105388506811217
96.68908255150406 81.28583996562149
99.2115557409475 29.59745126297125
7.982981057533822 47.79160254260233
75.91445636426803 87.48088310606953
71.6694526010913 54.8391987607023
98.468649063122 59.40136840457051
