244
93.09587000244117 1.9339053918946303
5.323029984285177 77.64585984373534
38.236216439460854 53.12037803989461
35.14416819131622 19.031749099327033
24.83373480299351 47.99135144474813
27.18193464622147 30.537549890951034
16.593897837883876 80.63856472050183
19.156104896952197 83.37785082751145
95.75539500629179 23.507223920261865
73.52848885449515 47.516313925743916
9.299092359806227 54.03170954221157
15.419223584821918 55.195739525458535
64.08835184097585 63.895349879000726
36.92528170121767 41.903097951574416
54.36870624156956 26.13608050592403
71.93373729849898 63.1728077834614
19.81917810356929 5.637194612153751
32.903782128749725 58.87245061039338
81.69149187985856 23.88134551643466
60.53812002222651 93.70395932679114
42.2309828511958 87.94661764235208
46.45391777226994 98.51001745106355
70.5193420815716 78.2933923844431
45.1695727734999 57.891180093084124
55.36090077553592 42.81800169933977
26.435418993786676 21.167037294037737
80.82331942931317 56.978162777179584
96.60812522323033 28.876797055782
44.30546414498264 44.60781447687435
60.77343027270237 99.79700031961671
36.838373643574265 75.40194597139683
91.54530052066396 47.31651332815714
94.92925971555154 76.67508888751033
84.01637339531291 17.043241222061745
38.42290207604936 77.9272392623128
35.82326206990918 71.14985547235436
22.181479106173853 15.272149015607074
70.85266518228846 91.60459278869637
29.090006747334428 87.5504462422755
6.853060771342767 7.51566813173925
13.410705312824089 80.75535352346213
73.22135628200762 11.88694862939348
99.7539952167837 41.24141482837976
77.77788726070621 74.29016472071615
50.13346908823292 57.36879602998884
83.2893687974612 22.071673459204398
60.420649534542434 65.86022688911687
86.3709435012653 63.00317393871564
81.97818493806544 31.0545119370332
36.90176251806575 24.487649016262914
27.618055150827548 70.45442198475409
35.380429637411495 55.335909557181616
93.35366095734577 16.328179662967536
90.46054019392464 48.380642460063015
33.02102637978942 21.581551727934666
15.471855934217738 32.048849720036074
12.575976634817799 13.470400076883294
53.65249543696207 12.761642397535278
10.851115698354018 94.94869636107892
76.16434196178339 25.377482201251876
93.67098391819624 81.33491855201373
8.752536771268327 28.77919984445404
97.90755108812922 94.97583222778613
64.56957871480324 81.25059905294395
50.42191280140251 10.527362150239373
22.32060705770883 16.446916883408758
78.83204814414145 7.516462934396229
92.88689827998682 63.89223560324577
59.96368758955229 16.079077301723554
52.53476996713719 67.98207600259131
14.812376685676465 59.7033182248765
60.20473398780256 27.354355909447335
11.759962638905696 27.945746617615963
49.95225713518286 56.29783154559554
20.12038329328677 72.34810713380854
53.39842327863712 39.738051150749484
90.14075097633719 85.0584952456999
44.9766786243984 60.887157872646846
42.29788042951505 30.3277447530398
54.702073869627256 80.38644007859
1.8329536908801014 36.923411107529425
67.73955029088489 95.27353972448778
48.69256472562448 97.28560732836797
8.629767359745355 49.15544006467207
13.354356344302975 77.29799413145813
14.825112152214903 55.14558567051275
4.358264807677525 16.670794186928685
43.316992405830256 53.17617587888843
65.81375944285793 51.50171102021501
71.95616954705532 17.990422044068843
2.7197409821895446 72.70132502304496
62.657786816241725 74.09473666333277
41.18823907182282 77.63335965522104
21.08624156250244 72.95067474856813
37.90248848834808 46.053685356169304
90.71452337361964 31.917640237250765
74.35599587853997 81.46064083488484
87.49813841695882 33.75287223232706
33.95387277064352 21.49895260994136
10.974253497352304 25.22581114058575
88.68910165386637 59.546015338096566
82.7365761638846 47.24179389390113
57.53864094566931 7.322447915293284
9.252080112566786 68.09700417809826
17.42794115379419 5.686470578116232
71.09688361389391 8.809569123301387
12.918523902926493 3.1287619192456706
74.49139899225845 77.43401490563583
26.315209606843936 23.06218012320701
2.085898291311239 11.493242462329366
49.219537111622756 53.73008049767354
79.82135385580168 1.8781331330532058
41.303187147273825 34.244130655812356
9.425207464228524 18.313265943947332
81.87518294850966 83.14618847333524
54.57928258663838 48.59317134620043
6.991973170013377 71.17114522472477
4.054948745978781 73.45473430572488
72.94173288746173 62.45561487042816
6.627256591891594 88.59502236384841
69.15360352923307 51.208717045946706
83.00935731640003 12.363325726042529
27.805477343549533 29.513966906450438
1.549219605785357 94.07361412892298
61.39281443870005 82.47335592496438
23.21099299539323 84.7323221725911
41.46552064632716 20.712724322796984
74.88040060329682 33.87127540623942
12.753013371811994 35.807086193188
38.41375683394156 85.57377602768878
93.82467631236958 62.10004691802661
89.620836126173 21.76573596290564
95.40238425363464 22.851463280301942
53.89595657382641 22.705963010071184
85.40329587393732 75.63094985913243
48.744147124385265 53.286621423500925
9.870651159560351 19.29528266792351
64.75629112466535 50.87077991483942
30.98285872972798 3.7427318766731
84.04166585456872 26.72000006521118
58.21891570289193 1.102309757475517
93.83067932945157 66.05995387342887
52.274833121964136 44.19866285267631
94.76820765578789 99.48611645624358
32.05558883767158 28.360664826757066
90.21537533677184 15.777113927528497
29.488114052269232 7.8011069066561305
2.5351605284254175 79.7122163790257
89.15477130893795 1.2811941288855544
53.406235604093176 32.09308106310459
63.09503191741651 86.925476537405
27.717834340903067 9.33627272032288
15.870914044282248 34.879692972377505
53.430435029180046 96.5820734619657
98.41457924345355 37.87324458202631
82.43866130448642 55.75874731315768
34.48122592647485 6.089513892136655
31.613697868024047 13.635222775542754
13.489037241258417 94.18413154238816
24.896259206309402 90.31575518975086
25.673997782881642 73.58161600875053
86.24056964502644 84.62526334171503
98.16817737096916 32.67577002046493
44.62258679415836 70.35462398100242
99.66105056285906 73.04515908242372
88.71024341042087 91.7395460148745
30.753083380955548 73.11806809979586
83.0800827198602 74.26930346627015
86.3326169528942 31.403438251781246
27.065606035812383 76.97495752024459
32.4116523566363 32.027349296135974
52.60600695181583 55.864503432352045
87.86734469312597 77.91896600223053
35.05836480002571 3.5002077417993993
38.191850524407165 51.424920340351946
20.63705188388827 40.932436488661835
43.749752555313016 71.18453340449203
0.8678610538400577 61.694009719698315
3.2615128902416024 49.478879519128114
66.24854160613442 41.48184847239026
98.41288157442573 97.93933571854325
44.61544605560084 57.91342479652557
14.0259620555087 70.64125626957922
17.182434047357 59.831664482110725
26.82895295734736 45.33629144841112
23.897481030937197 14.107965499589259
80.78494348691842 46.93845837419687
3.569773622726158 22.756205293380116
55.559417296622435 16.7422359750498
39.53686468753542 56.42664693085329
77.92345642369185 33.93273137799774
67.46048002149325 30.02927864843562
61.80558624442211 82.9553210179208
86.04550340599516 35.05521022244431
40.678958355210504 58.10310701965255
4.54423893704361 43.1884597658851
6.394985473678105 42.08179657455094
80.47325722728385 55.12205649876807
76.00240888833238 14.248231731087746
80.31160948852016 26.280103638194053
53.95561843067438 76.73079443255266
76.05140210053128 45.96229718663258
73.32640788157062 64.93080092849078
48.296944920827976 56.871692974145205
7.810585430872918 31.6416064278788
30.487928279222654 1.793018039755434
35.303003045994075 69.14586417637982
82.52866193049573 51.17886748248658
48.46251007437051 64.11515708899151
39.675825832439315 95.01007541510961
80.74733964012708 88.81388843015668
81.96651540494877 25.811520747869398
71.63129688887206 96.53071210230878
59.25388469289899 32.042424253850974
36.42210658031716 22.67260435555124
2.355484109802519 47.369517791834646
26.300543418432586 11.924327295858683
37.23597381488381 66.52788400548951
33.25670171444184 21.99247033004873
51.895809753678 87.36220834929557
31.568564473470538 93.51471766408326
72.09849836960662 49.68568019696317
89.791379489955 57.99709833140001
17.734042043097066 43.394629935234185
20.1107904887034 29.111126639308814
69.24014333710369 95.82433516016589
34.08833849907822 24.10152715129097
41.700984388237494 46.87215559684786
39.72171868957085 46.11439892257037
85.58343851281741 87.458724987152
30.88661681085777 40.60846140490643
34.27881951273753 14.343639890119498
34.06843855334358 68.97098815192288
73.33572378052729 58.672405255988856
33.62532459393678 38.445676114966865
23.224614395109413 53.47225306960023
36.5632058786541 61.134787728478926
64.77962495807814 47.17073476214079
1.1219040599893093 56.79073598022916
17.356693375319832 87.40195711506102
25.588523692594134 6.600672826497423
42.53615316943933 67.18379883801593
89.04840485622701 18.91483404409653
71.04855835621125 93.02494331016494
