241
88.91809070215385 90.32438404950138
76.03665301106518 49.817538276503704
81.87042163882417 59.86494249086981
1.7312935999639123 68.27421144260286
38.67045936748209 27.49838997595645
86.88260138503851 88.23876718361744
24.539608072047358 61.09504449380738
34.74529674930948 94.0581425385413
23.92533948927258 49.32672881591128
11.969369832958277 51.1578009783735
59.38004673569215 81.1735952651786
4.620843779476402 4.559379742113123
15.98058560792186 74.3424267362229
8.808636722416253 34.625961656412784
5.234162710623281 24.08562982824156
11.406786496994458 97.16110051116993
86.84089386772065 76.16051358855967
35.52493107913115 58.27711677547707
72.40543752333201 13.599699308400204
12.851174930648057 86.45177996541558
40.5283661168965 4.066511846713028
97.53126490751582 13.50155330834426
63.95750733389068 37.85179021334586
25.047697640896715 76.52113405720947
93.10070818360785 46.21155799876118
75.38317929023648 99.25664755382525
77.80013662131374 24.052077980844555
1.3574636024898945 28.034777294817026
12.940921981365705 90.30632438091428
84.84918555129512 82.16952273296553
26.700988360910483 46.812556850441275
33.31240940545667 41.14837595455937
12.882797082885755 84.58804226530962
21.96304775309543 97.69824606321397
59.31242275239552 38.602145843862225
25.312754044863507 51.947777508146245
62.84000772684759 57.98981619054643
31.273018685739174 51.46206795480891
63.33638330421167 70.94762235893823
49.15853102944169 88.18625209975683
0.8305138752030206 17.53414489998234
48.71934296490118 75.54136152508846
94.20514577515043 34.79358516660797
53.96590544263864 54.17970570702463
63.51822207733064 5.352676709903237
24.988066929936124 44.843899552337675
98.53833539709684 82.01629824299229
49.61624532556402 13.405325312085836
26.995761706443687 98.71132660295517
87.86568477779514 0.02308674327183846
4.339383732802893 7.914548686652923
30.44039933651923 49.397396539231785
95.02840934480481 86.18655005347793
26.382149459232217 27.025557409378997
95.93081027215268 13.819013228378662
73.64756576559618 29.499564640737454
83.8201460318641 14.05917061409051
89.56942827799583 85.50837733380953
48.98224099047073 51.358415092191365
63.712838459278245 28.11586916359761
76.3545775000679 22.01393965275802
87.54972842953092 42.23150196763349
10.916129098470773 97.37156742909721
47.58659440010512 54.11450759287311
46.36606493622586 51.69402046557161
91.4588438023261 25.81934193448764
71.23273133558935 29.35903431127421
13.688492888881331 65.45044771822491
56.23923602700693 40.22712752050851
5.603781868792945 82.45212917955921
21.25898763776304 0.958910184441697
57.10457430135075 23.25283358544651
13.097691122690724 69.25001406647218
35.20558223798432 89.03850148697576
99.7617678357852 98.30777387660653
45.140153977567856 4.732014016895625
38.152230485822805 9.64751430738694
68.37074430795913 13.890010355068572
92.47187909535161 67.92471138571705
6.00020769800278 74.6174443476514
68.57017240987533 3.788770155714216
46.76871172947201 59.91412236032359
31.35772350940901 79.46867281731981
33.33890650100344 78.26932968010541
86.86425458920665 88.54292353477243
50.1343941264663 81.77376539637329
70.41360299217658 40.10632242212557
70.57236522480827 75.98096728368608
17.38570672592733 14.009454133297483
13.28771607194149 28.13746728237094
94.64826631395536 52.986213448104
69.87800324712529 50.99803440449978
37.29655214562698 33.15953807053822
74.82879652242639 33.621030203552195
16.572747991118142 41.52538341670237
5.917829211116965 72.2252506650748
46.02073314520576 38.843150820916904
3.7559928357995376 50.078083040766295
70.28410054159903 94.03116861713227
50.36511976436528 63.71864175073373
61.81068897267969 48.65208203131035
71.80237789056469 45.08627000006297
62.62595857802733 85.42408106246249
73.06052628623331 39.771577752088895
51.77108535023688 91.10158376785273
54.47391815058785 62.90264538891365
30.02450324518 30.749104979083274
97.05702617298785 26.76117781927139
95.06845741881602 84.925481690971
28.216949123671043 13.270684114875952
31.80721104984352 68.18131417881082
28.771716662707792 36.840743941017315
28.33394271464229 46.737680801905476
63.656387394753224 63.095255958855454
12.595777273735997 88.09100504151996
71.22017505281426 78.86811113827325
74.72800201967826 95.9766834092357
14.33851566869353 94.36510730479114
91.56064256901276 37.18279450053509
23.28559203974614 80.89911940127709
66.96167882267406 35.81488599378708
68.58334288789696 99.66872759585642
57.78324303132089 57.667681854211125
66.56995015720639 80.49660415322286
45.360532095848484 84.7050509021263
15.685882279842344 79.23154087069715
1.3743235962502487 97.66151899564898
61.41242797256632 15.972956198917455
9.034698509287399 55.84669938870881
88.85217991496414 19.531657955373205
91.24278960794162 86.9822994245249
93.22465985177317 83.67992137729836
80.40095613445143 43.78802850887724
43.344811353062504 92.832053965873
59.169439462476944 63.61016163537173
73.85858942148415 58.8704484369235
30.362645917874744 59.239551627034025
91.76768527588602 77.18397717786102
94.94007239917461 36.50139430534407
53.42412330381324 70.65270413067938
46.346392369170516 3.721428554226913
44.74569444494026 52.258032470816616
97.90839654640891 98.34664338616122
44.70273524214588 99.18183976279506
73.61439023152519 44.53401861131668
66.28544341300352 16.762272710967242
39.320142953161884 61.1911204815988
98.35100100139657 55.56929377945829
51.80181325559221 51.83706493401981
92.20680988200553 94.1712909962377
22.870477195327165 78.95745982757781
95.79455430000377 38.87909121875084
71.96001819560789 34.069170587174035
87.8033519100992 95.07033312971454
69.07864994489672 25.457640456781625
68.10438852847723 81.49835295630378
54.33976045346973 81.95013052894143
83.02258543977688 42.1579947968861
31.212450356431088 21.695705850701643
76.89221886999447 98.5810167952367
8.000442180815014 55.32843253085839
16.495330394406015 82.23372920230942
47.249419380594794 15.33672152009139
13.716066278052153 48.01961275359808
19.188358857544753 84.02457322886318
93.82730730867182 91.42936360326439
70.22079576502358 18.450822180035896
4.33763104243231 6.3088417934273
83.70890755681334 97.2955835076272
44.24675141192381 41.46680632450889
87.46116683023669 35.770229513887216
7.70240722458434 98.16208181752592
61.855450745360116 57.77499981403778
8.831880060594276 44.689270700075056
39.74125743282777 21.72896131036929
43.67465600074257 24.086127142848333
27.949945898776086 92.08700883624599
3.553010427021419 84.04574769006177
50.531850543568424 60.126895958801185
50.03537082808359 67.5390063124608
3.5792483139579723 19.88747058578695
63.68670926345435 21.441879217719695
58.64911094605212 29.049406640984042
24.354216061247314 56.097677841973805
7.489296034457837 54.737559930888324
45.64053557424961 7.932080453463608
19.49452525854053 2.7173373025272674
62.82866454437871 34.09371613338179
57.404713242187356 75.45450881540454
93.04000498787686 47.62025124225501
35.76988605822282 60.202046049215596
7.220686711116686 50.540809986446114
53.07242406845304 23.035047118394715
60.35974120752741 15.97324634458921
15.403612185575877 49.848065460523195
37.567358811234186 93.45545762325096
47.67698203132246 19.2455930919876
20.25662864983876 35.39545462087597
75.9446913914557 62.003128829093136
7.660542317013396 60.0981254175359
44.787080554883076 27.902192994541874
86.89851618799003 61.6153571546996
90.67902595463949 18.900629663697345
4.543313438542185 43.299250111037466
98.49239080596058 92.8301406460791
88.10816266617262 92.4120419800705
12.913145535242776 15.846212994902064
40.111632879674715 56.05577886169256
99.19213066156857 1.4559277070961163
95.16044631722357 7.390985871772083
6.997781244990209 19.44374101280565
42.73331698012961 17.074812169741026
83.4794621566093 11.001452086603948
30.19993975827896 63.956258711519624
94.21912654648285 96.82158657048807
35.348967817141165 94.90156668740354
33.55019766137771 85.37338044644946
96.14820015718854 7.527686753718498
79.67804175548217 77.71471684526206
48.37444806253532 92.53227258612395
43.501687130844815 90.88783098344314
51.47668968909229 90.61912343968098
37.932021773000415 0.4957300836580081
86.03280180563725 33.9806258974628
90.14566088265758 15.018706754847654
62.78360417251032 80.03142415497267
90.1289217069307 38.4717939658355
42.16014073035789 95.68844439756481
63.017678787745325 4.372347969404022
31.356823993791906 12.854999079365259
45.379649623675064 60.541926406061584
62.78547635284377 44.845646478929964
35.76921763963566 57.3858930996618
95.27336220919413 21.416652851540007
23.681200830291125 22.900922390946764
30.695323911632542 90.94299965881761
15.184099142002793 94.51083699671804
81.88041688320314 33.99352057177403
80.48087950127878 41.18797562536388
35.03726840187237 13.420516516412285
49.932332369938905 90.30130337761744
