215
78.12813295844852 12.592257393395611
54.18782468647386 92.3139922570241
26.313380609252125 49.1296612232511
97.86217425057866 50.49847450571191
30.69267621777776 47.98684041130205
49.685123681098574 34.96233096099098
65.60932356890349 70.06340282226655
39.74892394575825 85.00731380086881
61.03017360921079 17.025034981933107
50.774264931827496 34.75857686624909
19.700781165875348 86.39350806220017
8.765595770293388 63.90922632945995
84.46662256008281 24.67321157668769
3.8345965193964937 13.92998771556202
59.24915365800649 10.196471951517694
63.66239557807341 66.31617052905024
1.7342050061934455 38.06213944893925
62.39255924000066 45.19298307377581
77.39363881012142 88.21160534210993
49.10845911517444 17.184903753260738
85.53944522016813 55.28743705376355
27.304081585269067 74.01607609919819
69.5566038307917 97.99605530143526
97.39595985608712 27.57740414409371
68.7483684028366 89.12190065007162
6.252625695849301 55.47342911346325
10.229049169443483 53.406393185057595
41.811596838471196 67.58287361795203
7.342494951012323 22.645333530148015
42.67248197444095 41.635827057645294
62.095730271863836 53.10436236214964
31.630751631820285 40.61584315728927
58.667337890261074 95.0972280000578
90.60383465204538 10.016924642402437
51.31840439494412 25.326686321964477
83.61373284061384 89.51485427311371
23.83476711785405 16.179837506339624
96.67697933587189 53.89027255537159
2.5908355990135745 62.55084579311132
21.462220453866642 65.32328955057226
13.858333024762503 4.332059231391061
58.24631975765071 96.50240973625046
87.4112596035407 84.64570219852477
31.53469296932264 24.64382153550664
25.023857496503354 70.20139636426985
39.34510842211244 97.04448101426861
52.355249008399255 39.780299479454264
18.53910292098051 5.876147875186854
95.95100956483066 19.19803757252194
22.447501197467457 7.0835506483241995
91.97593028694823 29.939880649778573
15.057131910477173 18.9065923164191
63.04424122119181 42.772960640595045
67.48380107707484 77.41083946761977
89.54000152520587 26.78647757280913
60.219044512982734 75.39187169527801
13.562495846828215 49.082468652870595
1.786115029154478 2.18270070188894
71.84261020959197 90.28438553953457
35.82837936655555 71.46790104157368
95.92834164343988 98.34668570577361
94.68119839032578 15.951535763329572
54.759061074891505 14.173703003254746
57.58442867380691 13.460912666509174
61.452979531108284 2.7359092007086416
12.693253016740702 5.780148926406836
90.23272173886313 16.73359147613874
68.30649114709121 50.80130072649314
70.0206432388485 10.604318369246768
74.54107905193901 95.75812007820159
90.42007459307034 29.647469186484766
85.20460275995178 46.862011231412815
85.38460243662755 97.6067896789136
75.3463840627471 5.997788094115675
26.615896897992208 26.948481601738074
2.09886332858521 33.980050989838574
44.95253297143545 48.322026275506424
72.31539189549872 71.27790845745025
2.303015542689335 58.60968914142103
76.57870799001537 22.493551330749774
93.47768613619691 52.78682949468818
35.73673867153032 67.99360285850143
68.870885152134 68.60732534550357
80.56508796213386 69.13221267287622
80.31065787034018 24.92673281444999
1.597829188127553 13.293995285429784
99.29922476988665 47.414934185229555
51.1899647037378 26.118800029927748
20.24666852098931 72.9006863608997
61.78202031904758 39.45346226787417
63.77552294569562 9.99893904962208
62.4957550481635 3.8283738467603357
64.24644899583429 54.12239884259902
50.39749819125717 17.290704837975134
58.48722556711488 86.09704522104026
66.54957757145563 99.07433309836263
86.85723920675346 73.47666859068688
45.8505591791577 32.97915108518617
20.107593693453964 68.13337753726219
7.66869679512393 87.55861190198199
90.53929181773965 84.55323386054124
20.392042686644217 76.38920361671278
16.13256992990597 34.90843073440067
59.81214810308755 32.78360490163794
8.760746371571916 82.9606084796075
54.18497519236273 82.42746772677351
23.02812695644427 77.79786533601025
8.458188108162346 44.37627607356466
39.98260868206469 52.84293397595685
59.45148154214357 90.60793059341856
28.79742300429269 69.91581818893303
62.934525978723755 7.389117341707108
81.03014055645403 27.563670406042473
57.74185034751871 88.6017368459738
22.522877631138215 48.04948867169053
38.08011103203499 66.53801350854366
85.88022407464213 9.616307184284178
52.14840223282856 4.982191908311851
56.90537714260806 6.332990478284328
31.93374969708295 32.95170887345128
35.80571131875806 17.453753675568386
58.91972061443988 78.83631449683539
38.16457043386377 36.89182132558072
28.60284779081449 80.72367199648524
39.04385325660995 92.08809192501263
83.72176354797365 34.09159576199703
36.185749231519814 61.38198673536235
50.148457738398434 26.196517613598246
43.3184626556815 26.513254091963432
25.081455209411686 18.18269761020872
60.28756178351472 64.46335365598146
61.08762725455872 83.25432992584079
38.77833817915227 7.899872812143971
95.49477870697645 80.47681124308494
1.3580853919482383 39.14858262181031
76.73150743241507 87.77098004470189
61.37745774237313 9.408600652705468
83.97386966043378 99.82151467856619
7.172540839624386 3.8587690097550476
96.95920342388297 96.07833707481036
64.56099064574396 67.45629988219417
53.99756707670191 73.80493827420885
35.865396164457465 10.936112617222026
30.056859123762315 54.25161855657337
72.7366998000637 70.67846715050683
37.956785576248485 10.914593570508513
52.66266882669204 44.55111512849825
75.05634795862571 31.896446303342895
42.593096578418965 67.61560862229766
47.390245977369716 94.72228825304893
75.24008850816816 88.07669677726128
22.102516536784577 81.13178113505423
87.8248814435836 58.609340588497275
28.360002792739046 26.32340642458181
28.511869152053436 2.495808840365543
31.215261317432873 52.72229197972065
16.418795780184738 32.44773674322793
94.67625396865141 85.67171655366266
14.738835522777126 20.568554947465657
67.16589555527274 57.27837909851669
22.97558792249691 15.801565563138043
21.6239067403325 86.17716508588728
8.620079930506563 82.16713910694386
56.01531016022528 62.703902844950434
38.94056035254096 21.48436135464126
68.94213358413894 71.838058282018
44.808108596801475 48.40767233375322
57.931756277901634 81.66861110360595
24.848399599989655 95.21537405573153
62.7424692558456 46.899663371105284
46.561038746481785 21.308585448299056
78.6939507266116 83.03288037412335
99.89439662162847 23.77042374077932
32.12533575943153 56.07663293211156
66.25772903649138 37.40580734913734
65.3298165172891 82.55242039455129
21.963553562625826 32.888873360603995
30.926274998333337 57.068009949483056
26.969138305376582 95.47887779832742
3.9621583497526647 30.411791365704243
30.149408949142277 6.207139645083526
67.91081387876125 13.162663552526176
40.57662541523751 21.50190620691155
66.9514281864441 12.369334259216147
83.94424731341417 9.795721559448856
86.41732583584336 6.266735497209797
38.794067578896616 14.910244138403394
43.35327153930135 98.47864593811616
50.362481103587356 49.950340842268744
88.55436350499325 1.243486433905161
30.636049722049307 77.99955644045275
76.22867550637544 50.555484124840774
50.808001581749906 77.37592180939913
88.52366555530138 79.91649901705776
53.178309380718204 70.59184505498236
63.11701300973932 14.281491843351246
16.83148383418129 49.68708512573079
11.00581251260918 8.471562201882055
30.729784595697108 86.19119897128289
40.16423627078392 46.40518578451249
0.29308364883853244 96.12097412499571
25.48956037819966 58.32744146668539
86.67462032808902 76.4414170696127
84.50267655732901 27.678535133466987
75.65469744225028 61.8613806657302
12.273474179717036 97.9158845287094
20.270229969854757 75.65484697330992
47.06527036869166 7.599936498406423
51.90170980596843 23.537707813123156
21.17340125297511 36.33026399905138
47.785613847385314 2.6338452911512267
35.51101996087531 15.335685765837558
94.74514304801545 55.92135302492734
31.191353007323784 76.17106633861572
33.518161079824516 40.91266868463388
