247
76.49723430422628 42.727427225544055
90.67386114072825 92.00843521514778
65.50165245755213 65.1306531517335
8.477333918074715 82.2676513154226
40.73761594274696 61.2751912987823
22.754114881521726 41.3390718257543
33.809092471538364 11.310113001092958
48.336906846474626 86.40356552750909
11.61537545257827 34.77735067473443
50.98625318035367 28.16441692363535
47.63774569360745 61.622940468953836
56.15970587529531 78.16847291982197
9.921898340105761 54.51803661519708
22.011975730530697 16.762704064223566
27.28063531288364 0.687341697495325
17.734256576615103 53.77331132167469
12.203880594665828 69.02298995946937
26.680615518570804 63.08629097390139
74.73727273680825 78.0251483389529
94.1104832253563 37.84362504910364
24.4574570781789 41.17916326863741
16.103585600643775 76.1306267461185
19.47736191232803 35.85845966088246
33.47110416013819 69.49812154284916
53.83184078046924 33.58610767514071
58.26484592248844 73.28514335477256
11.22714647560965 71.34636148103213
45.779599148574725 22.41024290910848
69.53082807231316 3.7469769833684996
15.54969032989504 21.05170380184006
5.247196432790668 73.86731844747466
58.049085593967895 35.35138371467785
10.041341239000612 57.6767809353395
66.17482673934185 93.78214996195386
31.113791349348062 24.73347118294924
19.055549727521704 35.388014559416504
45.6540580780482 10.036329809319133
53.947931338268816 69.58880548270344
46.70103394793607 62.93234623842149
27.737227590667825 32.56191382832504
89.87802360185295 24.71969623652158
38.98798474000915 18.80397585876368
75.4364170412725 27.326620057257735
76.45297166090573 76.17303215593164
45.64638135420714 43.08740810378905
11.277078366258053 43.541920540904535
7.496582852941458 38.62641790086651
69.3915921000309 3.160160852451177
19.34584323620231 4.484239106081233
62.095134871285666 89.7232399680182
86.28318952899615 61.39925701131863
46.168859697684994 41.165408735710194
68.13075318416936 15.490087277400399
54.12183241107529 42.381947410706644
34.466857868625766 5.4011811175660345
80.30050385773845 62.94617596205996
70.59710489185697 47.5092549642492
66.04276534688796 51.24263773530908
67.58346510667053 28.250353905049153
46.529201973072475 94.8223221322146
44.11721054443348 27.923647710338816
42.148272530799765 21.81582630492336
5.855552053842661 96.98558114204255
33.78861219608387 34.573478352432204
52.12774964094974 93.19614624147944
56.39468735753419 24.643659995507548
29.817262705971316 98.57112892027928
77.57390703318035 58.0852390719826
15.821452024449556 94.98504911110608
90.4734853491528 33.57671820334569
26.28605503965393 11.267683594094235
29.479703766890964 89.77590207673647
56.54037749191435 30.630749496260435
99.00397181348112 0.742877351928517
29.515161136296864 6.062153843258988
4.1247577544094245 27.132894251876728
88.3830901281619 50.11664591880659
85.75350570862919 12.825083230233448
76.17415270880842 55.492628447061264
11.244982445371488 14.609046774143186
86.90166274956786 81.18269787424329
33.84619799772581 55.44380712759347
96.88536444439178 41.06364712022651
51.49901848621672 43.20076795147473
72.33303681762906 8.081404540806481
3.4531726345542024 97.34469572094817
79.43429349202061 97.51819250818205
55.20596801337142 29.488050430248116
47.04007025848856 29.307167483947193
94.25147354542199 90.69696284279902
54.26248014441693 33.1115512731332
88.96432824005173 22.415422590500146
81.15482118002369 93.80777516676049
15.788599451379282 16.117828192829275
99.98388542846264 10.114073187534434
24.62356092148529 21.903028593059215
35.1226892557092 98.84065913361587
21.536866047717407 75.06306777786429
32.17563651532893 35.23219833910094
86.68856585786408 4.738373218863778
69.62252791532308 6.115313773743392
29.435796987397524 69.18390141565281
62.341654306686635 8.953514010243047
63.43419811877199 94.16244028892945
80.43845982601795 41.476801067439425
48.392568287585604 33.1366517999208
0.8009776517710954 69.04852136571637
28.45058470094074 22.688531488920805
81.1569051730639 29.40317145867232
85.48843876054016 76.13274323715116
51.11989021009875 93.27666737102838
10.761785750580211 38.6363503757232
77.00994367914554 99.770906126054
12.56958195042095 97.11175570585814
88.32831921034705 76.29406759261592
44.247449163173656 2.051188700638884
61.092886295925595 31.72350800191954
58.73793631037516 56.787635849590934
62.050105624719144 94.18880942363681
1.9905705017585817 82.27899855110454
24.804479058392214 28.16469620832198
85.11930244111149 87.83960206982006
69.60089974583794 56.76178812987446
90.91556690619771 73.19792209968165
55.99316557635585 88.7493069372423
72.47047566258374 24.371556995695343
56.92517368897836 29.653534441152686
2.5872442482067104 56.126294239230745
68.53852535021646 79.33706444581985
3.9591499609004877 43.0363867476719
88.43044243864142 45.84200559472994
89.60358009572127 34.16946006331061
22.936879500919282 83.58706451390604
22.777787508791047 79.73479089286269
64.34711052744262 58.842019283073235
70.14075104529313 82.43155353463736
64.25655759790611 17.08600393571251
5.931477614655256 11.499253330839975
3.409413191865085 55.19364689502302
31.66000344445762 48.48269263604369
59.83479046350635 95.98804974547102
77.18520176074367 87.69809673391414
21.611716631068557 85.19683769939262
46.27398790929214 32.47586856842548
76.78366812694102 25.0346168128172
10.617497086424965 56.81899619562155
72.17539796959576 57.76067304083422
59.70071577696846 20.18662714666676
99.70617667362896 1.773034221173353
21.31401755874386 63.21602685431928
21.74200104961509 57.73247834401645
25.968912552380374 8.03828969422149
95.62445759800815 35.05401759774354
43.884734883537554 89.71433318716899
98.37189364197653 18.699117919603214
87.08581161596985 21.44240528619543
87.47133496903217 29.995694192138387
17.654239836164066 58.5851722856938
15.36499844355813 11.554073249207097
67.37823395894743 83.47320580367564
71.19678571898237 63.771419987889445
15.422928752120768 61.7030228402512
82.18449439431218 35.292422245044754
99.95698650502104 92.13848622086712
61.547421145717394 18.48770417715704
21.22412202657007 8.124882906292608
39.69086051139582 41.122558032560754
21.733943810641023 89.15246900262419
82.40762684238035 92.35891602467332
49.62103687081839 93.66654890248759
65.21590602671823 37.84096759500619
96.35175303442828 95.945399029221
72.73020170584026 50.33849634946891
81.73593087988245 92.19514787847108
27.226965653337988 99.52210230398208
54.953605539879405 76.73753741679313
83.42949065776942 12.48450817682416
96.24824334326829 99.91271231334406
50.52264791827218 84.75665683657303
48.95346020004908 39.80685785821569
44.84554419846685 68.97480331054447
40.747681648389204 25.252743197168193
78.42314672807615 32.89424648872995
80.67868370742252 25.047342391520534
92.2444517071904 20.506769243681543
65.66247142580173 52.15934436610108
34.79858780894611 95.95277182222652
80.68146707557592 46.76333584138117
44.63217013862019 23.809962624292737
74.59591189410398 71.57968333896187
77.00840304076596 47.51716848885118
97.46568499134459 19.324378613116533
9.715524772602457 7.310795940244108
88.20089727136838 64.62525930180122
57.852887868998515 32.76300342219829
40.04916841011498 65.30125102474372
23.707515394083856 34.92789948055843
30.74504271010401 69.97300532737064
45.44966376507832 47.029112119224656
45.34194692901041 54.478213867259505
24.699440673298632 65.06930923786105
31.72422939875301 58.48826865846609
9.776868006970263 48.08091961755678
63.787439606082366 8.169932037459926
14.491261242223953 69.42398302823585
71.96404815311233 68.78764239385421
15.024426182435713 15.345825555672333
17.772618328398295 59.720025951037414
54.053666388345476 81.70681310744882
41.929632718940766 92.78626420421162
92.21769614473723 64.73116918496412
84.05653230343168 36.53261441206029
68.47508196896919 97.11991757744154
84.09529852195699 2.5148101341383455
97.40691039383552 84.85573778479764
71.77316242209423 2.8056498784293504
49.25513792556318 5.95363392998598
77.4203959302444 90.65587953189575
3.978433329283426 78.8891275399671
32.43029913669149 8.657594365138133
67.09222942887212 76.50241036369381
78.58638396253922 42.5565281449249
25.556537540382806 75.00009214461912
13.859285061119408 47.96721435503236
60.08266380709202 60.29101491045946
38.154071934734645 84.30086821363022
37.8749402278067 11.619466031421965
61.75297927332757 13.981469195237661
57.580525126170066 84.74719823229086
70.60147340777868 95.12123065158893
94.30257874252861 65.17468641380148
91.37472789471248 50.22485086793327
11.03150919292526 91.12332525057964
62.20410083884541 39.79342273170595
34.27475191785365 54.24934319493314
24.293227373995997 58.946331301773405
95.14382828677368 84.14598030518158
29.89141726601916 31.714320047537438
59.26203914374171 56.65122223839396
94.18212132767547 26.096760770394432
79.38626580215151 2.8172586144259992
37.100228964491635 73.04485397977882
48.33409132707277 52.979710652358015
99.08178229677208 23.4306945862649
90.30681820951713 23.813016355460437
86.59904402134292 10.615997304605285
79.23882045836497 90.95849385654834
