31
83.55902941506557 23.093467375031718
92.23859469860956 64.65312407106381
56.16233604176068 64.19417286745465
57.800571275289606 66.75270825533836
21.080323632809318 18.059986147131546
42.5161168087987 45.94999838335212
79.42599235553418 96.17899714717201
10.815654992146628 51.22157303813274
98.72624340421757 34.05691252257302
74.29973321122773 2.1940609937782685
98.46663451424487 10.532624731973728
93.07675621383171 44.145211523347506
28.18585522894329 29.915012500823256
39.20252871114601 49.202108956131205
29.452606106552505 20.339934182661544
47.864007016502306 22.515081952735617
58.66955675002554 10.134745603872364
1.835809818738554 91.61149563548999
3.369501187824586 96.3135895317804
83.58925169910061 22.34495221317526
42.302357252295955 93.63978258637303
29.42678616006289 62.97834664460906
36.92839382351679 39.642308545227436
69.33005683544425 96.18320968068443
88.13524158464209 92.20696254265383
77.90791650752682 40.67672946442429
12.050418190812573 2.16155755707812
47.04016317303531 61.69297347048794
57.05651215167944 68.54696274273152
94.59762153675388 52.2538208603977
88.56700571347714 58.99827189222206
