228
39.15661221210966 74.55050204879733
7.262871571338048 66.77303392141899
84.14683648760256 18.512116481074358
56.18920390794392 72.33724592607412
58.45516156082653 97.37622763900512
33.2598203247649 77.46542735646706
39.68662045487176 82.23759713020806
71.09126970285564 31.57284526806864
53.82962952797895 66.99354943837011
96.83133867613837 29.847856838929378
47.51174106179471 38.34685051632625
59.445039551798104 82.29643338307228
42.78644397737619 37.29395757539232
18.173276580218523 25.153227389373257
47.79443757147116 8.082732135487936
78.60295735840037 8.610756748461013
69.45422161442497 22.524504408645885
32.31776150945226 40.90526628667037
29.643314052777757 36.96774411861722
8.146367646048525 25.64449009233295
77.95528520014001 54.2591999727634
79.34269746796717 7.818947877055582
29.01176766021768 50.9197992220252
27.534151426014162 7.449271446098249
16.833809221622843 30.532139161847017
8.955266061874767 46.425063357626996
46.96842292756435 21.22179488549061
19.421839814699727 32.49744289516055
57.999913580040555 29.60160427285374
74.68124913280198 31.086044970198767
17.490079093256618 13.531444937826754
75.80506016523601 57.26041269844113
61.88607993975827 51.704237255515515
26.099938377327515 15.519843442393267
43.23253690314846 81.20449045128956
15.019608962632457 37.53906928548799
71.04539428383143 20.749784812386917
68.82632347546281 68.20143051356916
56.77801237066434 35.15418022194958
66.16752031515473 1.902338448044516
72.63715154285894 50.965550631092505
77.56246421413711 76.9231663143647
19.40078005325885 55.422274199911605
9.72380938611156 91.293146923455
62.53433909850723 27.613320768831095
82.77094095677162 48.442169094754476
58.27246031347338 18.895634261984306
70.41515506925116 50.84776131788315
37.693660901629386 56.68749048905528
36.359500533465784 67.27080263921975
66.34998011350844 81.66306562893018
31.073102061373103 23.230393880349574
65.12998971441364 5.52505993524528
56.743941926830175 68.02886007116304
39.09481924261985 92.42007097238013
79.4697735615703 91.68449561483227
93.90489797409016 61.69838773638472
44.96590477480039 59.1834737182723
69.78945363773377 19.51829754540522
97.97446369297133 30.802521660648495
48.354915355306595 80.22050211865334
5.39561877798882 46.89857816826234
43.243001812282365 96.61539781714339
23.232010030822902 47.15775431307737
5.141386937904735 38.273533960227745
13.398287184835544 37.977083836580675
97.06697875664541 10.375770807485974
94.68279194766927 18.77849558844763
73.25585740364598 10.800107460134555
79.93180160711186 15.605399913652695
12.809547781972942 49.767001861614155
58.31401084873066 78.94462792550785
29.133371564053757 28.1831052445657
14.32461564388159 97.60033226918145
96.08429489671661 21.142871690404675
29.39562982479854 72.97183902790565
75.16927363140539 81.58743212699848
79.61227153652938 8.508318171376905
78.6084146023023 43.825901949330955
19.19872750182857 71.24472304498839
15.01774684191406 61.55328896589746
24.31472346695497 6.231011114411922
29.4896673545332 23.509730408226538
75.85566862072292 27.4533746557584
7.080375574050057 93.1648732468469
55.47308424259154 53.036361919325635
95.38937378130149 97.91891223350018
5.312802844193499 99.84919456233864
68.27376320834782 70.72562613910172
30.14995286347909 51.901454094382885
65.21885032615997 34.87618667130443
52.10565450584498 87.40968587952482
20.0961448505245 12.027588830204127
8.038035581800095 51.938746838359506
90.07396919653996 40.868947601816394
33.99091910134208 31.757823838753986
86.1792280290911 7.88213126963827
55.176290098892785 15.856244904798544
15.60249303328517 83.97478549532013
11.093756860175786 57.43667925592907
26.523644738827702 21.305085567349348
65.97568968382569 58.46484818062411
72.70114877759063 92.21406911359836
58.0853869323463 19.01012869612042
17.833784282371244 63.74396789492612
74.99491973973768 46.12725386713667
45.04115874253398 47.859164917315475
85.32319217459855 19.165701301186754
29.060989748954004 39.74146580868174
81.53208811810508 89.34492973025728
50.84232197059926 53.541582679564726
0.8651009205031146 74.26084656252824
0.3439809910411262 49.22274896370248
85.06416651063368 98.88182527256481
42.31723219015936 5.810116526232989
7.453842119200549 49.62247061905983
36.77663578130742 37.332555175378225
55.00331178297376 18.721431986487858
28.083590255063218 97.97694006532292
24.203723996358985 65.28901709202269
51.834523506563876 66.06219354899362
5.4615415051965215 61.88288816161132
2.81799694227457 77.82686048502956
14.469057368876271 96.40644257490985
47.99926881052532 13.334315875421776
75.37864973182046 35.961097554479316
70.10640578115382 22.786978846311314
34.419680088278895 27.5232633734954
14.073707952338987 2.8889026615836033
90.67073368052422 44.04459038493822
7.143185501187432 68.40025735688235
23.705848518375927 70.29117317856304
78.42853113601026 34.37445726187575
25.213670690170954 41.25021694663646
49.80141891173172 87.72085493730948
15.984755147322405 1.2819236048401517
18.807817753422775 34.49733566064066
15.046669411609281 25.44466748209082
90.92981307328633 15.921658929331661
42.37679939365705 67.97178610144384
42.550800216070094 39.14661481992909
28.765833475544888 45.69532523555798
8.595507176406835 67.35001872333268
58.60607727611441 93.75680365441582
74.91766550849857 88.4551913424485
2.325404628097072 50.80303898939279
20.89768564557668 9.433727791329394
6.611493993480455 20.872266760982217
88.74772842284229 97.87110700719225
86.14512556841328 64.47582281397362
91.87846222616918 78.7495038417654
80.06070464217817 9.086115737713696
17.353840368695963 83.99757553166538
42.53455882958559 14.531610269504391
66.12225949690422 56.17032564963142
58.981612396929506 85.32713954586303
34.721654554318114 51.998152753527236
78.0338785001097 46.77235172431769
74.11868056239581 76.26872626372267
80.00220742711122 25.261067515683056
81.49381205515043 53.7615574186801
19.555334859644503 93.07173370669297
1.16819132648327 80.69325755669847
18.91670882852322 88.09117953848971
97.57787983781735 47.53650432766785
75.06083985168065 14.461788052541191
56.42531860823008 58.61712522642017
92.08179104761213 0.6934595353654371
63.55093542383877 95.69149303828513
24.64126220115802 23.353451198443086
19.804962170511708 70.81521711293051
49.459065633627816 99.28725118579612
13.7252139076248 32.39028819308668
51.66236384912545 51.2724766601733
41.73974473028872 34.019058668826105
7.877682093560701 10.476000655137153
5.759806820232571 66.194424238952
97.07678311728678 21.045455696162108
93.08813060487194 91.70965017204743
9.63683874775063 8.418251355277363
98.05560876603198 7.800707203684953
97.73909723057339 63.10030870737422
25.088095887270136 14.636243846880015
79.4002810210095 49.6620495669448
93.29265356649448 0.6210146660659333
44.63987091094522 93.53606954743381
16.28467411854546 34.672271089078386
33.9270844484563 65.43825845458477
25.488828409623267 68.29447010889068
14.623519070858649 17.83747344980089
46.37185873561883 3.8020026782196736
47.0484610817542 74.43614416351949
62.78719152461547 27.48106268930991
66.30294921160441 32.568209081452025
63.28888095317653 25.835378150479837
27.580341118493855 95.00674420024721
63.85896980145539 38.712500866973144
1.5104083939962543 9.553524386969958
66.16612735462361 81.82998756804655
27.962968658739506 10.458443550895847
70.6395327150786 21.77309129944257
92.89785145076034 82.63853759153609
35.794627297461446 4.989697096987589
99.05605024503825 78.60028870672427
12.234572593733962 33.522828565422344
69.99727060759236 49.612373882589345
29.30688660796449 26.328641849528857
96.18677432625985 3.610980512022688
23.702402324296624 55.5921949718792
94.1472411282542 36.4245463064519
2.861033029476001 34.524990680538835
86.13416332820523 31.167411442716965
3.9155197636942307 47.902318795427334
54.39869631435015 27.74614906138281
47.95271758998256 44.56887831048194
52.14195138173694 97.93364215613524
47.62145775222483 73.23113137758412
52.85633045510837 30.61026541971883
99.2701734263566 12.471574299183263
45.037738098078506 0.8131713025939513
8.461569258526847 29.171322234552775
91.70137244014576 6.6693103720902425
61.848944244423286 20.93932564563922
23.681402675832864 84.93246224527915
47.01887936260015 27.680758163301753
90.72958860346917 15.29635424225335
96.63718962360056 97.62371782806876
62.451755761265105 27.061511429850217
