203
71.59205620666245 10.566914779175807
52.366021813517335 26.38890479283883
59.22819680778883 14.793273974698995
91.28324914113087 80.26049486866155
2.4674281528915265 32.731906836923784
74.09818916809166 88.82347278171329
53.00045608327715 2.9247933512876134
27.72921681855449 39.629197411572505
83.8265758596538 46.326552892038976
10.34540803799262 48.46315531127616
32.993913138068585 77.55353922502815
21.227372734866467 39.01620709997001
58.95624083872535 36.13989678864762
9.692143317212288 91.27247523298074
17.94447519451858 36.726849412391836
41.56459767531124 63.639743632959636
7.055374372202483 37.76029429982245
73.03437853988444 39.51562724825638
98.01140273756263 56.71910364755727
75.18069066360901 69.99101256028925
51.744907094677075 14.28102015333379
42.39685850747743 81.56724471787064
98.60395866315143 29.740779193962187
27.515768206232927 27.36272185444196
76.66266039432614 13.352249645213266
11.207194611543292 16.719419842878402
8.754727798736806 33.291518394317286
3.132270920420055 55.871500754798205
35.58556721506321 89.01127738131284
71.5782023957997 23.7327600057087
40.02037580798827 83.94767396070128
9.93390120461134 6.116394782603796
75.021167176319 8.78853047368785
92.81891591193708 83.03350415154401
73.12890722263111 57.079952477983575
14.926028960333127 51.108670279849754
67.14030314581989 55.70776282596165
97.91325693786456 25.08510729864416
23.74533612235272 14.456007692088257
75.79234810664508 78.93541606092471
78.22796941902578 80.38613702648793
90.52016199361802 44.327442402792805
13.09870542503947 27.717190458240935
19.312590240513394 90.56708715143623
17.81038208663506 88.35323171765275
95.53470730932474 54.77225199527618
21.07212557879067 82.7367570039015
63.95451789244721 56.02142004388993
7.425671902455733 10.558296951670176
30.63568784809484 77.77950072176017
14.701830421078444 89.99909179524902
82.49269758976709 6.293903068503548
29.99551625333772 70.89366949851858
21.2553520746269 35.288036530964995
32.910125364117036 5.466234756727784
69.6498937119905 84.29202364508193
70.3564096674075 88.16348485952194
15.805843574806522 4.8014077940415785
84.00696242103393 89.79312267695072
97.88165529274315 63.19266060249268
46.57490556479218 37.576889505157794
10.29008061801796 79.0851932288509
26.657111757061834 51.69173266964133
79.59477593065935 75.4634063935522
42.35146253472541 36.97676944783795
34.88707693284143 22.285991624092794
92.50881877263602 27.409218169378125
53.02932140481692 59.521393799391916
82.46216541605273 88.70181719237775
12.238356710463695 59.21633060803843
42.34905478151694 1.9501146528557056
35.31479798727809 20.65396092945887
24.766333524662187 1.379643405791009
37.191564263777465 96.1525979420506
92.85860473492572 59.22978295003165
95.56860442373622 39.90913591651996
50.260667351314005 91.11248336918646
5.040896302910625 65.87331048452067
80.87662246773161 66.56303518302624
84.45211844632777 85.92948662867863
62.70293390306792 55.83874145300452
91.38648479735573 87.52146553472592
98.16884770859225 72.56916772266413
78.5363295293487 66.87156997424484
8.933518060424294 54.603341169524086
60.44483982911226 22.100941754522673
4.963673077551578 10.315679038882974
46.711834154326326 95.55320533020749
27.669360605491043 95.1469587131546
82.82527031448711 45.270093605172846
29.99187735334963 66.66635670531879
45.9338141107344 23.189416006162066
60.49621605731122 27.021923640836075
0.7883685784281447 3.8195759688678277
31.57086004055538 72.01175605741618
83.48018713112171 76.69637574643961
88.97100851933509 22.34610016547858
23.871659983897953 38.656398938177226
59.805990351196435 13.816054439252435
11.754527782862212 56.89232986348516
4.664286900345871 10.986535960091249
38.0185329728366 5.938870672083329
57.37943755850904 23.26571101059528
34.821751366324435 12.404459007612513
92.67648896687153 38.01396861934471
20.70354357076607 72.3229188197235
86.94583401135797 24.52818570542965
60.03918626447772 38.62569675358428
36.87739056290237 40.8453053632577
59.19567696711352 54.77592203574228
22.10431489606539 46.43102970569698
99.78259980992378 62.598393609219386
14.663073056998943 93.22235100019294
92.62129349981572 48.69139687843814
93.57059478663271 90.91205891269932
24.881024273240783 38.230464327001215
91.12321330282067 90.27300105581898
42.49726593097709 64.91748278778914
45.40252534180349 35.032674568878576
43.19658533450072 93.6751374332637
37.34864371085585 19.435727295041126
62.64365812017216 77.77112298136689
98.77068321902725 54.135816361795484
30.390399147063164 64.25822491889066
95.00286487519303 11.978407408109371
3.0519486556217057 73.93401547034854
10.462126708218388 80.8653945595592
67.14005011940996 86.66952411125799
11.215331765161663 74.69730709418798
56.91078130078233 38.55226957634045
42.18755910842863 74.63587729566518
71.46713090542357 82.06703052518074
91.41017086942789 69.14330809362276
50.19240238628518 18.754059418890947
86.21066987536446 43.38964026579113
5.605777582028448 54.5297051209194
57.86002640885681 60.6369514570256
97.55937225567813 63.18318151359521
68.92966747183843 71.96186367244492
85.71678361780272 69.04026618012064
24.173529436670382 1.628946769544859
2.4466113673252687 24.87314823982476
6.595219273275621 1.068697893187065
70.97609840501036 93.39152000250286
5.778048591996376 49.58692519833966
98.8596209829463 8.786856562217915
96.63806410189446 24.654053235290753
33.909484026977566 2.7393703522750945
34.169822110792815 23.70240279943676
87.84082064887104 19.03489142094088
91.70079913162839 73.86837536497627
40.391260178023266 23.570674039168292
60.57759476988809 36.21228445850914
45.10948171723231 21.25694745238482
4.983470048017535 84.26034267638396
79.02495851994075 10.784091171375076
45.7621080466713 74.39165777551342
41.35257463117005 42.19621166774213
97.14799669038277 76.62710621400593
60.75845137577554 11.477803631150273
81.66010370955328 67.42036635296313
74.01183304008116 38.14908731303394
53.264569785544445 33.389811257096746
31.0413076139745 11.206534495773447
85.11755212269895 29.18435342526876
64.45590825311064 71.2432496804611
16.189075317357037 59.718082305321516
99.73458548326506 12.417901766987526
86.43484969801841 9.405178644181444
98.23283386719069 71.19003901574713
16.523654442886095 2.387241481934954
44.76764442184543 29.534182240575866
46.89335501673294 44.31706907115289
3.7642060980300873 92.24961166196763
68.9416059497933 9.647483224352161
56.849111673478404 15.05800259089951
38.61074738228203 95.36833526488051
6.12278933907956 46.469830178642965
58.81442261090908 17.884981027041757
49.98369634797876 19.415601820523896
47.204679699421895 13.782572975795738
9.65167124012467 86.70688422857431
54.78842956834509 25.186750070354634
24.32301411782096 66.63149586031803
5.735297894936453 70.70367681656595
66.2070886288561 62.95182038879395
47.08159216868278 41.108755449919734
36.59205885666101 73.39065772633829
13.608986246458299 35.89566622960263
92.35659756884587 38.02531681303567
0.7670198615337576 29.598270633805377
73.2795774053159 26.744815585399927
3.915981917012179 68.0690867778373
36.008214571368654 33.21333404111383
13.615728029931184 84.39007934333046
80.12478568346206 68.08860612530258
83.33229948559514 45.852643769560096
90.94479222249355 50.65286546410617
79.5522964137384 14.88849779656799
72.33444317181873 37.41451424916094
67.89253510522298 24.342622186622442
24.788087652533818 94.33491458065848
15.871996343531936 85.74696298948611
