26
86.94607376369264 10.347866539152806
90.41727855944514 27.696385047866233
65.10903356858945 52.98424024244124
11.47433165259628 47.681122565379276
32.28209447684679 20.603306003492563
61.96920392719202 89.37357588690317
27.669421113119952 64.02665904204666
83.15109274015347 1.7293689144079472
75.15132277792539 96.79696945958923
72.42954822500423 94.25915286582104
44.84443597872259 67.41694209821165
81.4748289306017 78.2787583683976
41.95882966631669 34.88771714717692
95.4318228704254 47.32316176393133
14.115423404549787 49.83156580577559
16.894039975200958 79.05623797643725
22.87209716105427 84.22111957351616
20.27557772235047 54.26896145556802
46.9524433236839 58.23162099791628
38.59098511358046 22.7887721416306
30.13591506650638 61.09789845852358
61.95962225865998 4.973939524244098
87.17255257269458 11.677365426809228
68.08442446351805 84.9303664324212
64.58378973528379 93.34043325770959
89.48555653268869 0.6409227931427397
