210
89.88317772644045 97.58333102764037
83.77301665338292 58.41897400053953
53.67538423825277 26.501845882169505
13.738504596671175 35.719072211485624
84.63733613192862 91.62504569283557
14.01885288033452 7.431807027858661
12.198403380536371 10.610927471955645
45.324292787703925 70.76882099565218
41.75921121076818 81.66205983280817
10.729455296506119 67.33508100860851
1.7739544896594683 97.56856034159124
32.24597341486542 71.45024726875066
21.576753745981847 39.169505866213925
21.362225396711622 37.61821169280738
40.59513724656446 26.364191902488976
66.27104152147248 5.94983245849453
49.47465277233404 38.30465800891455
7.859645957717887 72.82468421834545
89.50494801073202 93.62617731866902
30.79408678663944 33.747284146657755
15.972193524954914 83.04550469626624
84.04306802846143 5.552802995333794
12.86709571621687 88.87335942068862
43.82010839609023 81.7024054055803
2.1024567394921756 90.5327779031165
74.4242019016532 1.7690067499919637
87.47251731945043 20.816179595675276
46.70378451483694 6.038085974701968
69.77644924386098 61.6211996609464
89.36315515656686 72.18900786680034
67.21538794860221 65.89566513690647
40.81849294072731 57.806891397880676
27.15884301753475 51.60489940647302
53.900966482939936 23.98752333611849
93.73541426166543 16.98680349869408
10.58698826879777 91.98478344371493
36.5378021121813 65.6612196249037
9.414732903826517 41.493832893488005
42.8990934673131 27.3855279150089
51.224019404218645 89.83025365575317
72.01337948609951 21.431098246406467
48.78693727379185 73.25516118654402
88.52851498752892 57.80050644991006
64.09935954441288 28.41854819039331
63.49785560416398 87.29462099938486
28.670605053802422 16.606076747676124
25.049473827398515 82.62364987487827
14.15068151343678 82.8494501345085
71.44535727941839 71.25925604670064
40.285889035135405 36.159845031554596
25.70791081676358 64.52196290595286
5.516525852026821 50.954246104198354
45.84326864699755 80.99992774580704
66.49401667550563 70.14473931098516
46.31768562717482 40.35730133189046
39.84798387151592 3.3034810040413864
39.61667654357798 49.16054278495422
48.85659005574422 27.913574201923417
59.49631462727189 47.159341909252284
50.70738623966695 93.69130310561097
42.67436383534844 16.42030482060641
47.884620734987315 11.193961676675224
33.03429279877585 82.99974904355234
92.3531063429294 67.66573421403793
96.33182001300214 63.39648492848791
98.81354383453674 15.676651525588348
35.332174856957735 49.27111316176875
81.13551967101166 75.53803204425665
30.094604372505295 57.75141024783507
79.9262264476032 42.30600384882442
43.61752168857992 41.359104986555
81.3456131600939 66.20758058182766
39.46186277364808 14.14876156213879
30.694922926336844 25.3756727897252
5.907763828588298 81.9374620762444
12.217464945108581 60.63250383814817
84.68044815989053 44.60415143774935
9.506315840395974 34.49692868462416
78.23257433457826 82.52329825565663
35.035633329439165 61.99995564710401
0.9595720642517014 82.113564816151
2.0612630875900484 90.65598641790237
94.99668542612261 51.4615043963396
86.0981775387162 66.47703328559544
67.08634219319966 55.963647549250084
64.37707981713854 83.19840052509436
89.12855195214374 44.64622644730768
80.75383636194073 14.308332172520998
55.75619291803861 97.73260884777947
28.58785024805376 69.34267437695071
9.933343953640572 34.91707607176194
89.62660101364378 58.731972003803136
19.26907347076986 65.78798398997046
1.4106982370818644 81.79586114278078
7.747993294236544 44.396562341146975
82.02517412355583 14.44382235522842
53.227344106723585 20.246000652234674
29.654999101693434 1.9709736519606613
58.47434864878414 27.905719413779963
9.928449178001554 25.06375795573348
20.63829240184444 6.98240582825238
73.9457838425053 65.7605006579559
17.450510448330437 47.796390869485116
82.01479849726927 12.349605567506705
71.79750690529637 45.95498631498093
30.544663188462895 73.56719328234891
93.48613701212479 14.241441122068254
95.72327533794646 23.240989569296588
8.9152618765463 9.974826166452978
57.58004597599285 28.4939054214392
14.672244500871113 75.09148237791425
77.87130031958259 29.04708601233891
98.21659513013807 91.91134028498948
75.6840086008556 77.38786357687357
61.38232284831502 57.371010158720594
97.95209511489954 86.06175787006272
10.242106480929692 86.74814109690672
90.17977588597287 17.074884658109823
9.05473386377773 71.36413013495803
90.61400942643704 93.22434183632606
80.82544943912198 13.302234736138008
87.75602904350444 67.30189794555153
5.962257566226614 0.9295918161713379
95.30162150230585 15.1990002554924
67.1738385872405 53.786652698161284
30.7970440105912 39.099441881163166
50.42494239519986 4.532980857318602
43.39731365894054 63.13100747969397
23.30547699602289 40.43951484641185
20.390289859286913 75.24217069417254
75.12971934022413 63.04540309233978
53.69030970223855 7.248820987895721
81.50934945494191 75.51572101582761
87.6148133027464 14.837118615848288
10.117001189267594 99.02804109138651
0.6306909283732676 99.29684371994085
64.16491102890163 88.97424088613536
96.62417733202085 38.65937478498081
8.294918966094967 31.091951038178834
7.474230933532677 99.55588114711118
0.46203386477674524 92.14673538464793
0.1849446471392735 82.62221983446331
57.95609256589841 23.10339303695299
54.433339388170786 94.94083838560324
86.32160965545637 30.9588946500295
5.134313874272134 86.51059868388963
18.355083865209554 1.3580185115452559
97.20266387561502 13.63238465674661
10.676631653816726 77.15216986925309
56.0228925271913 93.04900162221941
86.69681550492807 17.159013823147273
62.09818642293885 47.20739673970099
29.2004684880809 65.11434106812372
41.57952801860375 39.21311338791522
5.722392653309816 1.526127481978179
57.43236695660181 7.437569754424677
50.03981506682703 29.55151094925077
97.31304157039317 81.80708660811217
24.87863597551212 87.74039297087096
30.510709656153033 81.7817796157342
72.21274605572775 63.142889419576065
88.06128534091965 69.55539668346773
78.7297812865544 99.44536133355575
71.13836417640717 51.187049573637175
27.20724517547578 46.384143199486715
72.17580413040002 63.990817176849404
30.169420024006712 7.325223844144501
7.3368653969584585 12.972731471137756
83.13502469263855 41.35203332288848
68.81284527351322 74.30493646525863
58.69982037627778 59.98112303375075
28.391110344622472 98.94279787555581
47.425577568984565 58.3022400247263
58.77711363709125 26.919948401842518
20.5214725776967 54.953941756605026
8.283807633791596 20.93635757336959
56.698181784089364 2.103476356703582
86.27845805780635 7.515264997216353
68.81512895169351 54.521729674086636
29.018878804917257 15.201955420640411
35.09617951850728 33.92335093051815
33.98302961693079 98.41188416389977
70.08071269075103 95.22444359797821
38.30642081269683 11.114474436168143
6.636852693289708 68.40567812537034
58.484515948348026 2.1742068277229465
19.148883029297647 92.5535253107309
79.45375490955787 44.58908034915675
21.73277938467779 13.179573574788893
99.43397608978404 46.07639390707805
81.66534059066095 67.65951131287449
49.632355572134834 90.89178228450966
7.876571433619739 31.307696483692947
96.25367529255442 78.3637638403016
14.480368393657795 65.79117124513334
67.66790712797714 6.2570986189733
80.15362580686492 7.0263741908162425
24.04865291279965 80.08531524686737
20.69897154266259 54.1893943367799
47.18697912121282 74.81334755812566
28.064036544972314 88.62958647496548
40.093075489970296 24.85127242166334
76.7145387175183 70.30984257459735
7.90741002114167 92.66677624379696
36.16105311064176 0.482265416636507
97.57599154730417 32.89071627973106
44.09514312111214 42.023448134024186
95.77535759395292 26.487660752752575
99.66462116423811 9.866203637354854
24.968571128150842 34.254789204673706
