216
14.564605760071592 92.28084620944836
69.22998983209814 27.22302635691174
45.17016391569023 52.10572538803447
4.149143404049083 87.92559679885252
33.73951127573716 24.316732190802615
48.848252036077014 13.059385217380914
59.215323936717546 52.80689101615705
81.21824877783523 56.01643813727216
19.995367406710407 18.211068713761147
73.31131238974241 88.4651871228137
51.63714438457551 26.476202981303665
18.32431124293752 88.5588953736826
79.1202361556085 96.55830947445587
87.36942001547645 62.62897417253779
67.41545210477764 66.95345501184808
93.28301578774087 31.97917158504434
53.16127914327956 87.50065363756467
40.22574067281121 11.167156168153348
58.0215333173313 97.34732422770466
32.761963826275284 94.04682976002184
3.0899531967976346 49.94988456850626
79.40639096627893 40.72218925663413
10.331909195519184 5.105797222913755
15.740849825858117 53.645736468736814
41.863912719607846 26.71556107552402
8.748896835887432 0.11201673240821552
82.57540202367214 46.61166815618715
41.720013765715905 57.20927229922126
93.82709518023822 90.7585028656197
0.8127236618671319 31.758867541580848
82.82626474458542 61.82195416726356
54.713656055403284 68.10745907206325
18.397638268740156 16.008080429358916
94.48956040159543 61.97093790892262
60.82381757797032 21.30053044978394
15.630825419206907 4.869117591591554
44.75838679604761 86.86723440288795
12.425415244486294 38.92367723765623
8.0792659889383 36.79831210790775
96.15413010589182 5.275653449094076
3.643654165809984 10.049456579285444
2.5792706871166082 10.54760006099803
22.47109531780752 68.53726394984558
5.513793245794285 98.65332015291779
32.57670413076068 63.73393368645709
5.315736598201148 43.134662780099774
16.72047479954334 81.77630333373943
57.764417919781344 94.52205760802926
98.67277116447141 6.0172222738579695
44.93214141819063 83.67436646825405
78.123027104203 18.97548610347607
4.633152144332553 51.90756594381658
19.18937673261436 42.86721539154645
0.6956636353837364 65.93004898925561
40.27670572716574 39.69354656534563
81.42737579039944 68.21817139976339
10.027225594892986 34.65532269228542
33.044714279403266 84.14139273805682
59.045807758316 92.6487911539278
88.91994691191871 47.61728924850082
41.12544797307691 21.938090694048295
31.01946872756226 24.31587573615103
9.258578326790456 37.08524676521415
81.40427099503263 39.2094747324572
6.866995773314832 45.61187853319537
20.485438481656338 72.28164187621648
64.45827402458085 10.862884986370403
31.929942926541376 70.91365792960976
44.58161078242505 4.830199348610897
58.93190881163463 18.90471196982686
89.95556348864828 61.200002316223056
72.72090117438226 62.85012261053103
59.11250075689185 5.871369075619459
5.9533635478678075 42.41825112427712
86.58006163239399 91.422829399201
15.826650700886368 46.62864876130656
84.28666138001508 35.35222155263386
18.15679269378425 51.313188578418554
19.0088040916612 79.99802883696837
16.000910332632845 11.58792912169183
50.29170466242231 19.124317068130846
99.62309884855834 55.901058456848915
26.90862115122038 46.587301516908774
7.688835141263328 76.27421542748466
16.266403036274866 29.226055264390272
60.086313833202354 78.15168711296664
29.94224162831619 19.903162911140416
60.761181399257055 51.969929270138714
26.823797672233574 66.88333125064028
94.96332353498019 40.01120020866321
52.75249052375486 66.49479747280584
72.64062019216641 64.92441606860996
48.17035134735721 66.78287293929884
7.18873751811212 83.43589296165163
37.67243157204153 70.89642722743807
79.88707615534065 1.820080515141409
43.368612623848726 76.93580920922692
46.64300600215088 81.76536820900168
12.690299208841838 18.639238183407734
50.39087543249313 28.7180633313163
46.4331918324428 13.45488530757778
51.12967886476177 60.456112723191694
7.270581795830067 26.343289154344028
12.875294849281016 9.051337126702375
16.32662676000274 66.10910010965056
5.232960097763806 61.2156711576926
59.869545680730255 23.192835833506955
48.250623285199445 59.97542400364991
34.055838667526885 17.32836228878304
97.75277925827574 29.36519344310674
7.515674170025132 66.62679533310278
99.04647900557649 40.31976904295013
79.13780529779912 95.67366975696142
81.92096215658998 99.19981508848991
89.59167133724722 8.003763288545883
50.26072275328048 23.068326749372503
26.258365674996455 75.24498092376676
91.51260657217189 35.07054111469229
26.14128420420051 7.619279133688151
24.714956314531545 32.96189497515315
33.45587852020419 53.205143642642795
66.67530358286184 82.89175337114033
12.564870340604738 38.66425114349846
54.547119713874324 38.103783990099
58.18414700879454 16.407598344496254
56.76009182988167 67.51175144692829
51.614366561139654 4.855533721029337
97.7697137890569 43.5869929139458
1.3391085232579703 53.38049768631632
31.089330334350652 27.711016208457163
8.693301607198144 87.07833451990606
48.3380808860984 69.0513408925755
83.48241002027456 66.29605707669218
46.87659942005409 94.46400700847482
61.21015548627141 82.25766372186833
57.446715390044226 74.4800354434559
31.275150736414403 48.97137268850867
32.19971444158121 43.89602662789521
33.63136965977057 40.66400611508363
26.61889909333578 13.987808801509605
64.90845387771009 21.99604796361513
64.84710962634233 40.82029527184432
86.9670488173293 37.96582118306138
18.84606478941542 34.124146253229334
70.49725142404361 31.02843435831979
20.311599220213328 41.164781536451876
82.37450989777177 83.62948079472908
33.83025556686058 80.08815527186147
37.36377141312674 57.87090496462578
85.25395695450352 72.84507389283472
24.480616727355464 79.32821028411952
93.76119784632957 68.69072725466515
70.85366996105785 70.64521921612706
77.00382865934132 24.89788320670342
10.181846714382026 60.0373349336663
69.0173680158978 34.437804875696365
50.18845534493157 70.69220836738323
66.69605210477756 49.418540240839214
98.2980265607124 28.793475463377526
39.89424706103838 61.240623902047695
43.947799652377505 93.64665008534827
26.05606042623482 56.78563267846768
28.23714348162388 68.42379015437629
32.53376737285888 42.22801621533626
72.6687460086128 1.8425525538210752
4.230832599858769 50.6856543245831
91.03981649681263 33.10095335890274
11.690740649706278 68.60798759549807
17.422239446904786 51.156257634766156
52.638371249872094 7.353840052948135
73.22001077763343 19.672035254668387
29.03969652980507 31.40728228895395
46.314090049275904 65.98144429443184
44.44527191708494 84.64726700482309
39.813455549620215 39.151614021929916
65.33253469356767 59.363520841966164
11.979975959437073 62.403709866044785
63.34798953026915 47.093993384757546
23.747986259938546 22.84625132432855
54.22439035703426 61.93924647124754
50.013647561450384 32.75033038088838
29.695025609383208 4.325119998467941
42.83954994561709 8.606142287046726
20.981619417798147 42.57211332407098
45.9395195219104 22.944826883517145
45.93091599523875 10.645055135980197
29.57157041861551 48.87790718798017
54.47191432315106 49.231307122457515
3.8617810494338767 92.31438637962134
24.278123888109736 95.16789006008706
5.858029501717866 42.86256392689477
84.11169727533398 4.982204400657819
35.681762813348136 31.648208811366572
88.2454288947 85.28263258595231
83.77981459613923 47.88168699109213
84.4474292313292 55.89638114486984
37.074524342695504 71.67776711407392
77.93416941290432 26.48136613549226
87.56622223131919 55.66753692011562
32.6224625302345 61.64065708417999
96.47987832335878 39.3413843525694
44.77994039751228 33.99895989962716
63.28743709590226 15.813444272196586
97.11364592186756 22.489482870012
9.740010807178 14.097103473270744
11.635053670456873 43.855528691839275
23.36044498983496 49.944832047980995
83.84339309266312 30.94088016338222
45.69648559488887 13.801383722856952
20.180978477516597 75.37589257191023
23.814918576005674 14.681433467931326
72.983047112603 44.99195517168913
88.40426115880507 41.35452406887605
29.555462470311312 98.88834965152384
86.13952955751219 1.3901396226777885
15.787797513194723 37.8403406340972
