248
16.392028746947485 86.59075533071281
41.69376246672953 51.48360208238635
37.50584376861612 59.319185144765285
94.25267770700052 73.67086157648191
30.628890779959526 33.25456307617394
85.48464593804124 80.49759050090584
20.602620762353187 6.79979124622152
99.8881456271692 99.52109258988222
93.24418280862552 37.463308019924625
52.98591410157806 30.176951897565573
78.53461093437531 87.65384900268054
76.97163587444406 32.47248193010272
88.34595331258896 58.42179152439123
3.878478099024274 95.24844203717791
4.763554245127044 44.69467273542469
24.069415996042455 99.9492600294529
55.85466839792315 56.573591652852606
65.89266039924757 47.376571862226825
14.409464197562983 90.88318250190646
83.76931221734706 97.87935943416781
16.07046734112719 5.583563412850189
47.50485263271287 6.376647035555738
16.038136643824984 51.11575130863593
4.204661626986949 45.43092836813142
43.37615371948188 70.36009245313699
48.5253279146267 93.1396162473391
64.92047008756812 46.85521913036283
86.68742508360822 9.955433821092008
44.790152842410855 56.75156755377668
69.62928378209605 72.37859600581832
19.815396762517135 40.64232813369442
27.79505171766683 80.41850367134117
64.3674962890919 46.1038459051987
57.853941657090346 28.386202018021255
18.426348480384302 96.36113316799826
5.248229217486711 66.48812115488107
65.66153466854644 83.07676239280396
34.83182067815099 39.639957184918515
56.36325033603009 80.46335826168955
24.564925221585842 46.28999759058566
57.225703410529746 90.89027883171907
25.286668217561104 70.90902357729914
55.44413160943592 12.453140568644972
89.30675762860658 12.058610329601759
21.100387244889763 81.45875580104996
10.615099595839672 6.763763367263797
98.30755871489002 48.92992991861366
59.36406459705389 53.69413427870119
20.360879632486593 49.65939628260393
67.3330611621182 8.179116034103473
95.76731712616271 51.59964820975315
55.8484566403024 67.27985460549603
60.508536354341516 25.20724409841286
51.850628387622756 81.24424075245709
15.35528857356081 93.93550248482863
36.32023337133175 69.2073408432938
88.80714674981388 62.403000758442275
7.047293610776206 13.311610903973204
4.231795472113864 28.383108153764525
4.100604392005147 41.76591403681784
73.07152406490339 25.369377297353157
86.66155334211714 6.690489326477545
31.34961501783288 56.02299826999758
57.72849771310692 97.04625017300718
17.4820784223662 3.1405241755959823
84.79982957569948 9.239341608802043
38.07074991002837 72.08010504059558
60.19172685499714 58.389811056161854
42.650241883474614 0.8380332770026255
10.103000765079596 47.2886657665363
82.0296128551716 96.88242055478722
76.55136673207333 17.53271559067333
53.11772782670842 95.75119545828615
5.744366407506297 44.541082654362995
5.344838766199889 93.54581014661697
38.6746608121598 92.45622614998473
25.13049650929147 97.50749613361626
39.684662553221564 55.91767234486261
49.108473051748135 70.88048634876546
19.70730618777904 84.22151265931348
40.625668578325666 75.24549669316997
71.42128687066874 12.066593373583235
91.75687587774603 95.70057126214307
36.66381293184229 44.991044186252374
73.06206655335254 56.696904875588416
91.55464990631134 64.14621462217306
47.69576470287969 26.09379728533251
93.09012291410251 2.3899288532535423
76.80655772402677 25.639590266105095
55.46676703066276 27.671850449542422
35.105224661929846 97.75871924182024
73.0093612566709 18.561496433180537
81.8661513639551 30.104457014864572
65.39183933035821 92.68735635381645
77.03106836086296 42.80500370863356
32.55421661785528 80.37167640741126
94.79460797952923 57.34572976245096
14.744597781480373 70.13872980384511
86.01767664943696 33.156464620383254
7.234868389578464 47.481847052923406
60.86355572567091 32.430553781180606
28.669580618562705 26.95824003925852
90.55392148663812 11.648376642185386
25.480000581011296 23.64396602489848
87.9196526388223 68.64382769896132
26.360455546960925 50.94594361111696
57.17718627200533 83.36428621688297
71.418026636465 45.50786164380492
3.506336704337021 25.173332609517452
76.73372825135513 38.36968464535793
47.07369922996809 88.15897608304307
67.23894083241892 43.57143000575914
70.49781781204764 30.96510302459059
11.615917075047832 20.426296873850337
13.155319601253002 45.819883853356316
88.79305682336042 58.822602346375305
59.45801644844286 82.40889476186666
40.32089626144263 39.047555608995644
60.081490775478166 2.3115125644180723
43.054916558316556 90.11761445604415
27.04820945383385 95.06009965608058
76.48890593095962 97.38036571524357
95.29618094233957 99.28530861673268
97.22899729766877 84.94818645742103
3.9292254339804655 6.335387073638632
38.379989502240576 24.36910191676167
39.67352985545056 49.433299605179926
74.50872507433584 26.905797885310445
12.60846735585609 46.09931809999508
9.572631326874603 65.3809241409158
50.643975440458256 33.88332411805073
22.505308246450383 90.91095000005035
24.952512721489562 19.984508860541006
48.780571792997726 6.099319607103048
45.256451871285904 52.65711603747636
27.294417166332853 93.31521016858834
33.12055897308317 94.75384418671983
27.36070995385741 66.68295127426529
26.151935792477012 80.25276169027649
23.84023224334365 62.452762187592015
30.341277371205777 92.56944353077971
71.3532788007695 16.942038838465123
98.2547259921265 80.89662447639559
94.77535956076576 63.015290389116466
78.75325664897247 18.771656587691876
2.114247131697522 27.220299678430603
86.71082728001532 71.50020006966894
61.41944746080911 87.11513109611273
35.949105300193274 64.35703712571606
62.24465699006602 19.39626366075592
2.0319179224675854 62.30823395286551
88.4413111853211 1.4807888623409426
50.40614166907352 40.99392430770463
83.26762290204428 72.45185858111806
73.86019988369661 56.82631109466869
88.68151597377133 50.94357624124367
24.441320965035363 89.65790548688473
59.97307794707365 14.82053369992381
46.0240146391791 26.53031368084262
96.42542899461608 41.2467595263938
91.74670367744277 28.227982124045003
70.60316484640498 46.16037565568729
60.66618994345212 70.85495560019353
2.977207208514676 95.21801006542252
35.012717858529754 49.28254594822567
50.93631836487524 35.70430247025641
77.97268653693233 28.38766911051066
39.26614907257616 56.20467192952548
66.58452091293002 49.11659615410956
41.860240932631754 73.12179007773749
51.249890260493856 57.57958639252858
87.55857199416981 9.452902988940625
79.5269217066077 51.18348459902473
79.60966546766363 58.463298906956815
96.42325318302457 2.1538923860481063
22.03339886174994 64.62109719141164
78.99095399258962 1.714854071731775
23.646147946881722 5.4082875496694545
43.68475806334459 34.25813311334974
84.28448407089246 91.78043506246352
0.32357148958893633 12.715201495257954
3.7759918637063628 25.02830024167909
6.545457411639887 38.785604789385
29.73242652324667 28.18320556839383
0.33488706607248675 0.5922754748752035
63.18169435177319 78.3859980410827
74.63493057361141 81.1064837261473
52.988474994365 55.56054918818242
24.273112500907867 11.702537749295727
48.59131122408817 74.65206422997964
8.040608213639121 52.67115071427034
61.93092647205049 37.340618996167684
5.081120986875309 44.292379866644325
96.98475430033302 76.15347455625883
97.87238801734871 35.637482978594946
36.376524447604595 74.59935780608389
3.2885357528351866 1.5900340992472506
73.97165283572727 78.46275299019445
51.92115879360827 83.70201115368333
41.56129624157283 97.6597473150161
84.4592960718326 4.909000799828645
31.46862912348183 82.27446252192964
58.553026647748055 81.50047216630203
63.56132596599509 40.71794677916648
46.906196465718466 73.54081902436475
89.2200333673382 36.69192787333032
61.729051929225676 72.42723033298734
4.063895755843783 40.580220363037924
77.88703761567444 42.255049927992694
83.68461027946479 23.855803808248112
20.31303577874697 36.30433636867828
30.452607088317464 63.19329085313087
42.04798114361705 39.53773346785252
31.958020700148136 95.96003696750829
57.02340593023527 21.90679967197422
53.266912175518456 28.677955193151973
38.18678390000696 79.97432999305289
9.489840100452762 76.6290003801816
26.501932328257826 85.39694094520888
81.28704949930304 49.77708954520382
19.083607254230095 79.74829843226445
49.99952762972261 49.17959930144015
77.57674750277805 86.57164796800753
39.58456687798505 26.864242774512647
90.80828672433562 71.50778077372387
5.554817251152877 62.13574401090818
86.44159586804531 92.27745284041869
9.599793301204528 92.72709578318486
37.36031811545523 82.34152687781692
56.18840420447406 18.277829450328696
62.74316060371397 97.34861470165552
81.30965734441146 64.69791905718209
87.62512598642562 22.84411962022661
33.55713350312619 1.9552284615109716
26.529936380959473 78.47241124424241
78.41555920773358 14.37643450922529
22.39041527205966 82.24482091633553
32.637235406556876 87.69285906706902
54.439338577818944 90.48629010087996
44.10689491512524 29.937352464169532
27.225806492225722 91.93698596388494
64.865320768931 6.329121987724462
0.33052811384775005 38.06327153957704
77.20383078402358 76.46065303153024
76.9212704159013 48.64372531129604
20.548789847483885 84.66768515902675
79.87719016481097 63.21139699657817
8.51233770650911 44.818317726840405
