227
3.2791839206239293 38.43201662254471
41.146194238790756 88.40340707332784
16.738553167878422 0.6676503442275217
24.810246135966597 86.80596889017639
69.33611809151968 60.99751912595599
32.91006017120077 2.5464493713872716
13.3196125153768 55.55460155224088
84.62768874664552 90.78193680146936
6.05717365657884 1.2957116528204304
27.562080922636834 87.30596671835758
10.165891397059045 48.20884941527468
74.01900770128725 82.41660765400233
16.401299749562405 95.14587250131228
72.51177952830969 96.38008132690241
80.33001001230247 64.96662123018262
89.18348184313183 34.95666825217607
36.616428039340846 82.53732172400944
71.22139865738691 99.92694034115483
9.43756800384371 71.85632180608307
90.64604525158826 91.68087395979093
50.80968815088862 94.98786315385846
7.394982052458698 12.196357519980106
63.20696342897405 61.52337550341065
29.201979784649357 65.04646150940255
90.65388803305717 45.282227716304945
46.97354647929197 31.838849252535706
59.99957027581505 28.834336690299732
5.91044817830163 96.26087665888562
4.992877994914835 1.0545580560446188
59.08460420422631 75.13785885111368
13.358825875165747 66.06734701747689
97.43360578553332 2.0934605842673815
78.91004835552846 1.1021959737195441
91.7817881588976 88.91355808956939
36.06833691030401 60.54210821051823
13.954976184355782 69.61290994401071
47.057217257608684 97.35889531065447
10.957434701855828 35.56542704214664
23.466168964695033 18.119487718985106
43.77959422566568 66.3863536529277
19.710082321578227 40.23393340114413
52.522102583220054 72.94122309087115
21.85338420240397 59.626592778106925
39.05756400538135 41.9105498229889
77.87236505088461 56.06651545538023
30.93951772583563 74.89256877985532
38.52665753762988 47.70040070503455
77.2349129397484 75.73638602842138
61.010208052668304 86.01124542784099
91.76041064766002 73.70584835281917
47.996333859928 64.06849037267187
24.81529983095102 49.97008439100997
97.97959302221958 45.25178686683502
35.168465937416784 32.8761024006215
64.78179492680832 45.55465865389833
16.486522797594226 11.016180699795996
30.094360546196995 2.7522249594632564
80.85497121126795 19.16983510152167
29.584277142178173 51.64155064672524
20.95828843034848 19.476863194958227
68.43557494647253 36.519655431555584
90.41406850066555 55.37306165719084
56.8583741404283 65.97119106663072
98.19783664447718 59.55048917666896
28.568652042585573 83.76920827453334
80.38122939117976 45.199689602878045
49.823363195870115 50.28516125128208
24.129415902118158 15.833819332195354
87.71175116823026 26.936666073407135
98.64469078039704 26.525368315641863
68.76844463661624 22.552063868797855
73.1933284204174 60.87864660698252
79.75305933470416 9.442041543190793
61.935600929316095 13.338729273170758
23.464356048586723 54.5718482844048
51.82102404883373 28.52653591240839
72.7623326057325 78.94744813380285
76.76370999828407 8.79103193171985
27.029713271294753 53.53824693142219
31.0881621767251 44.09081354870836
17.00288302258368 58.19063274612869
95.68225792957125 29.926861673801376
9.690849828720527 47.02829571070664
47.458585653774655 62.96746878467341
63.06145834106888 60.787085132119024
23.08993940745101 72.02694139789182
43.18149693878897 1.0924378102859067
21.00526589082944 16.12055360855782
25.130567140099192 28.509059855720352
48.769865695653934 7.097781653413859
17.80956866398309 92.49949638072069
78.7078607563964 94.56800972724118
58.977313462893285 89.05680780529988
40.03858431216678 8.649515925765705
17.515936795673028 29.552587958176712
80.93631355957454 78.26127922177892
47.37237500099296 21.704403862675615
44.877878878642086 54.4363154941605
59.80172119306856 62.347651436772956
74.82616724903042 38.2931435171039
12.88083037648342 7.110296824936779
25.228672178064915 87.6576393268759
72.17443677039846 18.969828780184095
23.773401176807873 33.59021964254884
40.249069451721255 98.73677844746663
45.605121124661 34.47173150550815
48.20678534458964 0.8568335757868972
37.92228471169402 3.8995023090865555
98.12131390699123 87.34120620717157
35.31452915724178 79.54580367153467
77.42215797044179 14.736150295357042
15.574012117945147 29.258411821593512
57.61672683046661 69.06478001862749
6.523630629146815 32.80326787956591
60.82019741060986 21.173732368226595
29.190645260385907 1.5666429377469981
70.38537852363966 83.13545995365769
91.83987743121057 97.73413011875772
61.04474356043019 68.7814344230889
70.6420638667554 45.13940155746455
73.52027086414621 86.93951475979541
50.20447866247244 81.59283986510597
66.37229482436226 76.08014265368156
46.67288884283193 97.42456571993715
81.96782385924713 35.98154256347724
29.31617106206865 39.559683880950736
53.31571423764695 93.90118352167102
52.0197304203821 75.26569162613094
58.178582573280146 38.5733605826587
81.75760991494249 37.84709515193535
26.76866944362396 37.733013247158844
75.1737309775536 97.45739213134398
67.73128220415204 1.9387180646166513
71.51471614952251 90.22583757675055
22.361925737983192 98.33716212690227
39.54643175124287 48.71017847325292
34.45221939559702 51.455004109426206
82.43658954729486 48.33878380842661
26.026603647149717 73.54425348824853
63.94402206886281 29.014008704039128
86.83462483959774 20.244077102660917
1.1882682181586501 48.399603243153564
3.682274671348862 11.80647688215971
31.26282567742036 70.74517233210058
49.25969320743161 60.29847306317373
9.389970286753357 31.369925892927352
36.34128602207274 95.74026675864789
20.890363866703364 37.58565187805182
61.04298739089346 75.10666701717668
28.88881437299309 46.771662691945295
19.219291391882678 60.50566392526896
94.59296113903328 36.13822463554246
25.085713771294238 32.97880401258192
48.88714692734308 93.55300553803136
86.72271203138726 30.52237779073256
74.64492044418199 13.798407531702706
33.197747773268716 75.6194067859751
54.93562557835679 39.94549184695556
9.285749167644363 68.07492432412279
64.88021988511832 41.89513908022461
62.67828804227488 66.79191872204126
53.55706386346281 37.42652329894338
70.59879193038118 59.062872369438544
41.7827172541212 96.03403561796176
1.1551249588923729 58.94152906318582
4.161365153126473 51.02962898596313
99.67727258143493 93.09941178798101
11.291025739214911 43.58638630615522
87.71268696978531 67.69832382211978
4.547199820970505 86.53417193170417
19.812056351916695 8.596429538245475
26.099837568320904 91.2952319125894
54.04444297105881 97.7668566982964
6.851144022707589 89.26408438945921
43.28381689510179 45.330904363399014
25.348702855447936 19.103293472485383
11.111259041694543 67.30772467315991
76.27097222772366 0.731261850382825
43.42879262574624 85.30861807693107
54.51466969641032 60.55161766530649
97.92118250592665 44.45043442574057
14.338131281988154 8.01433223237462
46.27213818238894 75.90819577721041
71.75902371563922 76.48970445943976
74.21217058303237 28.79064808638302
56.26966438259446 4.326805001863521
42.681859907215404 60.0205519133158
19.73806921321406 8.468932999225176
62.853449903493356 51.6289580206569
94.03615384427644 93.75882839359144
60.422958205983576 67.16422532745354
94.0256539491085 36.84815711356673
91.36799372566944 35.182346792755204
37.18084625123155 51.32829679229006
66.12825399976025 57.8005224318736
94.8723123362463 15.37017940330012
13.066846821669287 27.6242517068933
84.24594778316005 92.44159592968106
84.48032693054687 59.70604056904993
63.21692436017684 90.35598593392228
9.947439019820303 10.245382650938096
38.167795500449664 54.46274241102874
96.51593337942366 40.120101038741474
56.725010923408114 93.02091033622214
99.79261475437353 13.053537398216008
82.51940817548358 42.229989359999195
66.60416289816673 58.836726845613875
89.48223009809189 2.1745788893316242
1.7193148692338012 35.80823714824509
40.676241364117146 31.553903993266687
2.083679523714854 41.05165464698839
80.81766409847492 50.552626900232276
45.64864859407158 40.6708124906445
59.73162796992407 85.04211034988037
99.07154410530123 11.731035087304086
26.16163653270911 56.0663805518249
73.24203426122197 18.357618222854335
82.64959178712971 11.222385266562963
96.16167688510399 26.15250744280806
63.89581336725462 64.41657702485179
38.49203217603768 31.06265657227003
92.43770483053947 66.55186427815495
37.599331938776444 16.099831812190057
65.99452259223686 35.789237316684584
50.348081182369384 79.98680006965331
58.599216490824226 57.552625668779974
96.41987666467276 92.40399772670717
