223
21.998713193477958 57.24564055233433
6.46074434831263 42.67378836898197
94.35255419596294 16.173238725261506
15.701327786878839 99.80546326546367
4.733377189673915 64.9759360171306
3.7726980298921187 34.58071906380108
49.813731089166666 65.57852632813741
30.62503331580163 11.604619899082124
44.754944696722134 48.20680254297892
4.555921351807324 16.96781156733229
48.17542133896725 45.21083920121447
10.474196903887323 99.10274469503823
66.00769993882226 25.67453092814269
99.16402599987511 67.76816389487296
47.470254038730786 96.19811928845256
37.718833976604756 97.0289137067562
10.599552423242475 6.829386789017489
23.220453486943725 5.2122802046625
67.45633624852564 74.58060172512552
10.79484085994764 67.7318515264686
68.15322643096582 49.16217710646893
54.344743330165116 59.37187720046896
14.304388506037103 8.113247929082213
66.65767194988356 74.9466322130672
2.0145650781955737 5.402628664878318
85.84421842066251 90.34214693342572
21.88467130723589 52.0528355888357
49.28267363327069 62.74257372322214
13.149881968962074 34.687994843718016
44.32966396699752 48.17103690455562
65.93315333877032 18.03668621803721
85.77940124690193 24.441433488051
67.31602997626163 78.74802128357973
98.99727370553818 98.63111369810746
67.98754038745794 59.41521891711417
27.54211979841702 81.63472048193434
98.33687807054157 29.575141892010016
53.811291111406646 13.458915223064361
27.875553545985078 70.11153085801823
24.21561118246044 85.47616650011047
32.75674039083303 26.592582956165035
97.61969811287275 50.21848512341306
15.309781851797021 61.870118699077956
43.74794685932938 17.87325437539209
37.13945079732355 22.59678096791169
54.591921240997664 70.94445830546373
30.358381941748625 62.92262878737572
60.10152022378905 44.55573475351429
51.555090115084646 50.911280238740474
5.127638134405121 90.21476960346592
98.92800100760178 46.8069423120473
26.554850550248187 1.4184838540880929
88.118405221953 61.004016279601814
4.4428524985081985 38.94766942885619
76.03169185340502 47.26741374211688
85.42817429134118 42.67389618039058
11.312999933816858 92.7389682315724
28.841527676470648 16.20217915405555
60.19114293609608 6.601575966007767
90.37555609090624 6.327755508408028
38.75173287511782 11.426574901773655
95.42473686093533 8.878272425152744
72.34178268112332 21.95108526949222
75.12388566050035 39.13723436745069
23.564210703665378 3.2662124979576213
35.79984612477015 32.16995104108922
26.688115373124532 41.55813994036317
66.82509173960705 32.6814367087002
54.287467928656184 24.6108109167684
57.33836287641959 99.2166489471017
88.12971438242688 74.15076677613575
33.74472352083247 67.68963109693397
29.72789413544321 18.50521696875869
65.3284545218435 41.15912606632147
43.263975585309765 35.87559704272266
61.32772870674751 98.14735267291759
41.31178998818616 7.40011232410116
45.88324734356942 72.26715003213914
87.83851881740439 33.8820558686666
13.239283810589708 36.568203743045515
30.266893602054303 41.345824905666795
25.321807018681717 42.94760057301686
57.64538133377574 49.257001017090666
5.624041917259637 45.21598857818131
70.92737021027929 26.87226390547005
76.22664002914769 0.5644479965486449
90.11530338201948 62.13940365543279
76.02575253660511 90.0556496132298
30.25520016377775 9.66467976865044
1.3196639860334591 14.164958683094087
5.872920333687659 46.357871743367355
7.805631253626155 42.51702753701348
97.8549565576525 71.35834113557888
11.72856929395052 59.58589079938705
53.340750614736706 37.6475656955256
66.00622110257287 85.00697646004576
76.20561944855575 95.97252212380563
99.36621871694852 26.50589376561604
71.02118608360958 61.92788274752271
6.88256079322681 23.753157055082184
31.756653623883103 39.65190023467504
85.42437999794433 82.71653608311068
67.48544780046781 28.271419592106394
4.441209386494405 26.376589699641084
85.34761756619113 22.016668159028885
14.344113253261659 81.32642578404389
56.33259398727848 82.77376215575123
89.46834323426548 79.30294887721342
16.382279928155473 59.45422237140296
41.95457923137289 98.60770188965961
55.21309750672827 42.36715165187495
8.856352327009631 15.000377574006162
68.62862466015953 58.93614450818091
39.58704557816236 0.12795210910837573
28.603854037479593 76.04857682292729
76.95210871942923 72.13222635301223
15.448596091072309 37.367070194657025
8.705230672506515 25.700163188879767
74.86125288894928 29.101557562948766
60.16169247901588 94.75634469355043
13.858957864576238 83.38421912861553
53.307071827103435 61.11899461008271
33.212831796660055 89.01955432916189
74.46204214481547 80.87725046899298
80.30327568029362 96.12036181416565
8.753135702796467 94.6656299354015
42.586903425244806 0.24324583433101843
43.57692869425151 94.97036072985576
63.06080670777148 38.69969429176062
94.7579640145376 82.57829789448596
22.789241257606975 20.607053268269183
26.45090564804189 93.07295778218648
96.36840811313398 99.56531096647475
99.20042485957062 58.330886641810096
97.47944451015672 63.24072095217629
21.203302114051404 22.166975065926596
86.80779383102337 38.84406492970919
94.54154566113438 63.34779202090894
18.62797968084895 25.24923434489378
92.68278492807832 33.38806908091549
3.2995297099794096 9.037139894114754
28.003414033047115 17.734020174181452
39.219455408284354 53.30004116004383
14.143071170719324 53.33535314939315
17.784580355334413 39.54406413530592
57.25216425483155 12.6735906620714
13.39556779679606 84.51868497414739
24.400015667052045 17.41305290856918
30.164796670519213 44.021361054939376
45.20608919748859 11.268680936680864
48.87473079292651 90.45087334870901
85.4041950842666 88.20981652399624
89.38276480492333 12.006573763238315
36.73094757695511 49.601302101123714
89.45389104216778 20.49067280522
50.02982759581689 66.70569540686472
93.2474736536199 12.565047673270636
40.55036884545872 22.53072468129996
29.16530419811193 32.514526108979936
95.50272336422427 11.83253336335911
37.26454446333188 47.45108485227424
15.63653701603892 25.967230512268035
16.60236586052245 12.24748496712007
69.10543536282059 14.768047092890747
90.3548797395625 33.4955224594595
22.003613828222523 80.73075890554922
81.83891846876983 66.32616484543358
65.47980875836265 12.930547244360714
17.67357254223092 5.475139285997677
48.381933262522026 26.355076535693833
37.45139894394455 5.308032482351843
59.407261371783534 22.807620030783703
14.389528724934886 31.7158212384248
43.531472754236646 42.88380855388323
99.49745877876096 71.29366634215789
9.466271683750737 66.83158651188012
5.930595643390058 77.35893966526008
3.7636552829538372 55.0029417348752
90.10091014242192 84.19247678387252
76.17060753739288 58.16314032561447
90.2814849676785 41.19398968989055
96.91268394290353 43.452936643057214
82.78730567267384 45.24632399826146
64.67950616316077 96.65830650887251
65.49575407580996 72.4144082978773
46.956552121233464 61.753462493323894
3.344825681594754 95.21196128311266
81.60784094448388 49.13554797874501
4.225272260170265 65.45217007853853
58.520461415971816 29.667262302898955
42.49995384291022 68.47111550100145
73.66041333229059 20.34612861523325
66.12561625152952 15.257682046107634
38.58684858687895 12.298190970895895
90.22661332224638 49.36948325774024
41.652729889143714 60.18491439764701
47.44546879480921 50.726642136511714
50.86774576869122 11.599930683212579
34.141099517505666 29.61572928381092
2.2099487726984113 40.35569057842964
84.94553963044359 53.71431359598117
37.7070741267809 38.96283580675314
7.76232221913663 1.5620695167792298
78.69928781691749 35.713766093459235
5.692718720171652 18.35074843074249
46.44115363346355 43.214712609240856
21.097903820722365 96.478939700657
5.9293601640797 96.69719534260102
57.162265258488155 92.4960086278577
13.236720246037748 29.110487885035173
97.98408003550946 25.222972183666215
12.060459862259387 40.70626940726842
71.49029230988091 66.10554605546268
77.60741518614522 45.9465731926172
18.61917122122706 11.507568455431361
80.00469550933408 28.643985808331273
34.99568647483754 93.21111207014096
45.974434150311936 28.18338215703051
3.936192083303225 52.17183862149306
10.987385630809266 47.951560121840586
92.03263074712613 24.052149646702027
55.67844968558037 49.94676492664094
55.07329803560389 29.92971747102473
