236
72.90389366241794 63.65719968925656
35.600647332690826 19.115685547171633
2.7673046408516644 44.31908795855076
40.63602365958746 25.671822322279446
82.67426967006499 35.01531933846495
55.47570149439528 98.29696278656999
26.032519734460557 64.38614642226794
67.36328664437488 46.73786393141741
79.97778075008341 52.94564183650908
46.83108257385326 71.46552400184522
97.90949366021778 4.200950363395862
44.95648312460757 94.01674243910287
5.118802418208956 64.3218053826892
41.39779790776714 84.47005650587917
10.624664308346732 15.199706469715768
32.255950650959186 43.95557748570974
65.71799287488592 83.0037699121665
31.049237524851335 26.544815756513117
23.571810226038934 20.2703534008453
40.45035170276099 94.51038092417933
16.61675818419699 40.14807946397965
25.2750596105193 9.405005430031965
92.4653976456456 54.8497222089899
52.88681479508557 73.36294823367282
2.879253424470374 78.81599882904028
33.240198365932095 92.15300169926584
33.63375849843535 99.39058344855887
79.57156351352225 58.27541061602175
29.820368062177305 25.11921844910211
62.76964784398527 68.9464391250523
41.48119158256945 5.095074726372673
43.61563763149162 36.35982467363226
25.175549211177028 80.68364109294404
56.742634256451105 47.63491798062061
99.02180689189038 58.394813808741795
4.709140189551741 38.05723005912759
22.433715424239885 76.05028675306541
53.45726769577346 72.41134876417816
45.934773850836116 90.97465403085432
85.76384542700492 84.34824748705583
74.71353064502033 71.7180838660196
23.755834678763655 34.00188912963236
24.091201287994956 78.75005436322596
61.99405296839715 98.49674603153281
63.70144746456696 22.84909650606124
95.9442517593836 21.21452413771835
23.350928716611506 12.954727536044619
61.83824092469733 39.34497769556997
48.58434458116725 95.16364167272454
15.170758012617059 82.5315116234102
0.7926280238942374 62.88622036483198
35.450582317548864 35.578977433266424
28.997129588605976 65.87733763596088
19.261161701192542 28.9591153528708
55.190235571667756 86.46193701134919
13.1890651159981 66.05869665659928
73.94594600338918 43.12336554177946
20.650706300646114 18.536911768579067
46.64042570297904 40.813891382453406
35.5020062020349 44.841792122852375
57.28460988310389 47.28934783466878
66.72746913794333 43.25567969120354
36.450651324744896 83.93766310985654
7.82305369978844 33.316230563865254
60.26730133865102 69.94926499507474
17.4639862335503 24.932432662981242
18.683050401029867 39.93471199672106
94.26020738417145 74.43050548317865
45.9248539135355 99.44256234752805
7.110184905190997 1.2567180991449711
96.1826885514908 97.38972136178494
4.186104972070648 69.97543763125175
98.28371856680333 1.6711083664022297
40.301969100154125 73.56373845179264
2.0290946516351105 3.0561772696965583
95.70568635862098 49.7935859431626
66.88809085078266 42.70520755356429
43.78218051582111 21.696842188898913
38.60949366322324 77.86026822488442
68.20884672787335 63.50157526387714
74.79656670640809 4.046727297858144
57.94088559098554 55.07399237778425
17.76994581013538 60.441973686495686
69.23689431278348 55.992615154228965
19.74882589638026 77.05342218487958
90.16482929683846 45.247340000383076
81.18452473641742 14.525918871684162
25.13760405183011 10.619313015704678
61.41494395972915 12.76924480045606
65.15138612950163 60.73257195944684
14.910462037794003 31.902811366427365
43.106678889090425 65.70171276399624
80.14191281935017 84.11131040415118
38.46231766095025 80.12836373034627
98.87381702530722 70.58560220607023
45.14122959963671 58.11641650192188
36.183761758141586 36.73103500395742
97.54444515486924 0.7764863018091761
6.757436005599249 31.461220726888108
52.64247614677448 33.29631235483907
25.34325114838576 96.40931148699823
83.6621963249218 93.12657525129072
54.3963250376843 95.34730240287281
47.56437207396175 67.47605220797914
75.04309634713755 61.25190074391933
59.39091182698476 67.31685204589539
91.6947309948615 8.818404006745538
10.02278790644031 3.0563672894649896
20.818131904015956 63.100493407719014
59.79913110812368 4.302580923775146
66.63454545793833 95.89386997716504
47.144917597627355 88.25671531879641
53.63980609194915 10.173672837565839
40.52043065506018 98.63270550470257
92.53100094281557 1.7516620665236182
51.427825617315136 78.86688296213077
61.36121707779778 26.168158257071127
65.19627472168635 20.36756132744799
85.41822945696754 4.124193415638455
29.996820327578977 51.02750224319209
85.93691596555058 67.77429546091706
65.55049149441965 35.35473021173109
72.60118697848905 31.745418119323364
46.240717313008915 94.29317304581562
92.87310493378907 14.343296454510511
90.35740068169534 91.69569489451499
40.647267826261746 82.16587600709109
20.90155915181151 7.123745878961751
91.9430539023949 89.57126083824137
82.41734592473378 69.31448581507244
47.63362674135927 99.90086871586254
89.15320099083884 61.80616509933108
98.317015555811 87.20492873247565
98.13896662460641 24.181902587797687
54.26882680578833 20.467635611962663
5.191000703125237 54.39341161554923
70.74077521632945 41.71172677470204
88.03169637342478 9.923824954072513
82.66870469798721 15.358921891478749
40.22089959985662 32.939657131843646
88.0191766916166 45.41945072043894
25.430327506451277 32.441269904149536
4.495929708514579 10.45813429498591
79.74518921429569 1.0278879138819974
71.09825016418618 41.996634774898034
92.31101896760376 3.197739210874073
5.364573851736198 80.0146860695034
3.4880730680416527 29.693831759972312
74.99741115481795 18.570232371683893
85.5242289560079 22.16056482820076
95.14833105937782 85.41861454980987
3.117768989710079 8.457035032836046
60.39819481719084 99.19437437199625
31.483958933438107 24.004422911949995
5.804800623420392 45.41605774643912
0.9145034410690478 41.7256341280379
57.80157173015341 81.25185012006541
95.36006416367816 17.541661854309954
27.126577715223142 62.08200592900486
71.40261183680266 51.856292029977155
68.24706382364792 18.240493191876716
89.95118190140886 95.04568155536904
0.06369286288134823 5.304586171587
2.3463762007220224 24.76975971695241
74.29097834255388 7.4386109851627635
18.982263698098155 81.43812174028578
45.29606911077278 41.78280516524479
91.75475718145714 13.71677317550606
37.98821641343656 27.8696067749843
65.1543224804097 83.90600995564039
97.34909192589363 12.457464762593196
89.63284663653081 7.645610377872558
89.71207901675693 61.44929044593801
14.99056065789739 71.90774602837642
18.23909067901316 95.14225146355234
32.30634411460299 13.385887617916204
2.5062175233331763 80.65715322138642
57.71976137399065 1.2319477773085286
15.360279755959816 40.381278372353755
91.79518077300162 18.165347846363012
72.84522755056383 64.9372676479683
96.21730591449585 28.82132789140879
56.61663066565895 58.39642865247534
65.41314507393828 10.933528151788774
88.02763643735973 15.907242216710316
46.41221007151876 84.40926198458247
70.61688911933732 87.23095476313834
50.243397907707674 42.40062546245077
25.136235334612035 71.92727459233244
3.6682584265460783 93.95869587793469
94.06584424331962 41.90142475666969
79.31787920293407 21.8837172500432
95.10049170346124 3.311147980550244
45.56392697934547 71.7901428106307
83.72561166505696 67.3715095454586
76.27177165525735 69.17089689129283
57.3268928087576 12.428600547395307
74.69529830462098 68.92601973591235
21.796133487219628 30.11083926969407
97.94737686128578 40.270429673602656
16.88228338215906 41.81947384020662
24.080260134032137 88.26578978813454
34.34753065886923 6.614142165682857
64.16436555928021 73.69026039525075
20.810841053757656 63.81631716675389
9.68851384407763 94.28062715129943
66.47067361440226 19.76004011848842
82.14119324836918 90.81467439457582
75.72996688805502 78.4234882747011
96.9567228710603 40.40812820133905
40.78856749189638 79.65041437769742
92.45281325649782 9.434197829114222
17.436938854617722 86.73541585330946
24.70534597217764 48.552561614559494
89.98985648602098 8.729333546260886
76.75055631272983 85.82428623282713
49.17942784348238 1.964780117835363
46.308605969926916 1.5716808159117246
51.8236750285994 60.716171461256266
20.83109139964232 88.11384422569368
99.20975229221611 50.42576932393427
38.37831623309997 60.968738967290456
10.675092086681747 9.789876715457591
71.43447768996816 56.71093587464108
64.58119898488746 35.88785852759061
58.01251107510892 62.962934659667916
64.76789607367319 96.39388394778815
73.84786296917913 65.72414787922199
85.1919287719945 41.66613616266716
48.1611373655043 79.03609541896489
16.408615662521754 55.895928139816306
17.546961655866955 70.91065148743104
54.02716631083793 41.035501583610014
0.8538885816539943 49.63332760696145
49.295891394538216 24.025707267050265
22.841823496146386 25.934557483394904
