205
80.55944084079711 23.593226149965897
0.4036129688650747 7.252573843521104
34.82736813195867 16.29055001549301
62.34860755363613 1.2096187723170337
4.759761600489876 67.7765033758533
64.35693494688249 85.97412879352996
22.262236753195342 57.575519465193324
31.17170053810806 48.66802032472327
41.69205005184694 34.24709486474398
41.22153916001107 35.99660623156209
41.494270758672045 29.09254006954215
60.40971662164614 67.19717995116744
94.57802132374752 25.441190242016344
85.85793274134016 50.05162033889562
12.178338375088183 5.342406697453949
11.545812048222492 66.43095362088486
92.1833769025543 60.09388152088915
59.52741437804809 78.95964197089297
57.50288405724449 82.66785008304763
91.48397797449877 13.254503967423915
58.45575620602956 96.74002892674788
66.5488680573641 83.79548310879643
91.64047209479787 8.307495952726606
44.81723623468115 32.6664702308483
2.4073600715209698 69.27059396940855
16.066453475039822 40.27611784732411
18.22852749864865 11.298446686410035
42.33935055788911 32.73340295264128
56.58124218009908 71.02588194305692
27.899405419845113 10.524031633260522
22.64954588176239 24.88648347994159
72.9648408119628 80.6547059435579
38.289012797553866 83.96458140404967
4.519458018223088 31.13258144230254
36.948946178597076 38.684078291026005
87.62545743868877 58.92539136497391
72.76177636418761 94.3746597813699
85.03665813145183 42.95692681378217
98.02602621334088 99.16475920898172
22.07008924855086 65.26437602954506
31.848684023763884 49.00491958876252
63.46705932360045 40.54169246653964
56.82146326925588 36.25687095919756
4.775981936658013 27.18551221357217
80.24744855738099 50.13802045002556
90.54416680394691 2.3218945063871788
0.6172768436618736 65.91640041413154
66.2440787785058 49.1362784629144
71.89351168443517 34.314402755319904
49.70968924761821 71.34455977172544
43.99173780559491 88.62104554793697
47.335153496358785 10.932056144724022
81.71947519309056 80.12790247420459
85.03043672390882 17.917169127461065
67.35546884758823 89.8770401276305
73.18792309220339 37.47092153797207
76.2888677414511 1.266889048327624
86.49303542628766 71.24457486820482
37.35829218523937 7.397387166403213
16.56415522869915 19.770967238287117
85.68822777698465 39.71757273662754
56.33524917110352 6.096338765424969
90.67244153289231 61.23370713773441
46.4646344174225 53.80630576463897
67.6297519959275 17.369550478211437
64.24433010758712 68.90125207218364
28.95346316556028 2.2858805424125883
13.92358536886923 20.831667871052606
91.00428863564282 19.907929325760655
77.53287079609302 86.8295619255936
54.06585449868149 92.3002552257144
57.06993126635266 50.51565464736703
73.83781006675673 57.38362575957208
59.633312092129174 73.09023414194196
6.495039144397929 25.776164388871358
53.249504243352256 57.51770542809557
45.14560672995541 28.019334792626903
30.18620685645479 33.27893773319063
50.223700190811314 33.198374015284905
22.229170233440975 55.614775528342534
90.55017632126254 35.87482734909293
72.53302323305016 83.07151947060608
69.65288535267636 85.97271446516588
38.2689702982217 73.80589748191112
49.907593563277 6.28527128968236
94.79086544186313 52.92746375928448
25.848352099200824 4.2695679193129665
77.48765420788132 47.350748526324594
15.188102889230725 85.19543787366189
36.550198047184864 43.30364865206049
55.49528922090416 67.61954615266494
20.048131304133076 24.983644596631226
38.74928407663778 36.17038858556856
78.52255495128209 29.533136778502456
67.15683116648687 7.030806319330862
21.70792147344509 89.73172320252219
83.9756397931107 93.54050768421534
83.67017428867565 79.49556025106565
62.63892202455643 89.97805120720764
82.611383251549 25.053636887250484
30.999301557620353 29.323889569776217
53.80911040480181 64.60919270763898
63.60340260456563 36.219599177349835
94.27660299449532 44.8040808311497
41.9976661572845 13.459991568369901
54.14266040590565 48.95516773039107
88.4237975447021 69.2613076669829
98.79938884868157 67.81249622250424
42.0354313548786 49.43892421068281
23.179329421995 65.71922988206248
51.02090801592601 82.78888953563677
27.76167684012284 22.65731985471615
50.91596257136784 42.23006030152712
23.19413100876372 10.301393960342375
40.87884928711778 52.657545117342785
22.464876418610125 44.95880465994152
18.3190213854424 67.34688964610443
25.654704040760457 9.138135032538274
23.543448183476766 52.12595070264343
4.665533820530577 91.32199598748814
17.2466142073192 77.62424005199708
36.63359806191585 79.02112604153461
67.87551610818562 38.66747844011533
58.35729682068177 32.565885323175806
68.85552944898852 22.602597565380268
41.40218173121687 90.73664024854915
35.098069406761724 82.10863842736748
83.28998459454239 45.4185435991382
78.64030299545807 84.61405266477414
97.40165349610038 75.32083142987848
19.363270447242144 27.921799514469157
51.911416691664535 73.29380684251183
25.46577386245246 21.303459594966302
98.43241258730842 78.90755671110402
98.98577650102595 12.138866116833658
10.854323079096595 12.312740638166208
86.72452938933078 98.95921679208338
17.66959137433727 54.486266712612355
62.76309475712257 94.49106174426481
95.48035576320896 86.86491267693015
97.17388058750082 22.244867574432938
65.77248005689289 70.4528282010949
5.581565643077413 60.751975190563854
32.939617665303636 20.40838733627639
90.84705431059479 43.735819100330765
5.440978493734317 45.598906915679095
47.099539092831286 85.5451771452271
71.58312512013002 92.54901860145961
23.249034170087903 86.28166084487641
50.073598704886216 31.445323788130196
70.96271989953465 2.9107670652795403
79.19155479882214 12.031879077090224
11.41012954588615 49.9510280195439
83.65778788629775 38.63170181275666
25.847910115621552 32.32312300813015
32.46751640796891 21.17565366442713
41.39587526192051 25.10517265901995
98.94444072130788 33.65902615597965
25.59041411910168 12.15925468710488
2.763497664770276 84.88843658644261
76.475288572392 84.12916224616517
61.925650541466695 90.99327727080286
16.842636337881444 35.8457093544053
83.28619352827099 82.77216582797543
24.295116097990245 61.46222606511039
98.53021916919333 29.15822716755332
70.03226599173082 97.94541450411415
69.26166901430528 56.949194373547215
8.584206325954902 43.41647745900735
85.97404712403659 27.680851141811157
94.40856342781314 10.537008922961022
84.66885189081664 66.7844018618466
55.94018256430733 13.350114236739696
92.73213075741324 91.69916379713386
47.94698963663636 57.934480262893516
49.81130626223751 49.259415964516194
93.73425035007364 66.32635148478475
51.340368399759086 67.61648276900704
41.9837271526953 34.427091144736444
97.54808810338467 28.500310768912396
49.063706923762155 68.64765170074753
56.26898815143664 0.4767126135732269
42.39040460369956 46.78076798010824
21.3220628228993 43.58194217146508
73.02807545095828 38.730393929988914
5.868071772279659 67.57710864276955
48.34339338053012 94.2414727321086
97.77840275441638 4.546961422191032
98.86229588859878 39.890489783934655
86.79116248876618 83.97584308219948
19.141450385705184 88.09289534794407
12.49027201419387 57.06933472271384
72.73220971813774 0.2736954448375628
26.399508925491013 63.48810627748633
6.166249892755404 85.41952942941468
45.44572771302868 80.49285045858748
2.0149654345673396 27.797181511490287
78.85205584800501 26.46051441923529
41.913010220747424 91.48912461340015
9.360331089735086 31.927494971512072
14.941604661710418 50.448227345960895
23.531909132528874 88.70469034590171
51.841973759919725 11.615111206526919
20.3470499749553 82.48459499878763
53.262999601386255 67.17527237303341
