29
96.78362684678704 72.36537603012427
2.4055492220138364 89.00795627605117
85.3062903608907 78.93788443824444
3.66330817560504 14.992594930771174
39.124255416473275 47.79956054893433
76.7681779051143 29.487276148380083
48.55079676860565 2.2202981870396488
50.66384971553255 59.4603254007527
63.018821841971985 68.15479128473528
13.459961647102613 3.3925136661326794
76.357251413413 8.818036415747365
70.05625440785404 87.35401381341636
78.82223274418484 45.52879315826528
74.56828538843816 21.81361199335431
70.95823715552056 95.32714524168776
63.98811417432824 60.20440585667578
76.87290915376808 80.54728850800042
18.793436049005898 47.75569706342518
82.37790655069968 67.57015543123556
46.28419154152499 3.4915413547394025
15.082913525092811 89.04142772049124
67.3641562763247 11.623129827753708
36.30060767516942 6.957901664369704
17.672084858685356 43.099568951962866
78.68408352635889 14.783546248722356
39.03451152995786 47.47469325461305
25.637404460738466 5.076492534187905
51.436995443131785 85.46655895732904
91.45285079803794 42.43178269109018
