220
24.779307231467662 77.90477433065539
40.09329431549834 87.90106485229262
79.25100774828557 19.201422603313656
83.21839518442474 37.706459874528285
12.868315132479523 92.20168399176256
91.65395187023448 17.774474038512
9.82446037979079 75.31013373521573
58.33415517759126 43.01387437401275
85.9373493529674 79.13764156806606
57.8487747396732 14.139720112635946
27.57044149304719 24.02556142551119
77.2882078128287 97.10955069767874
32.98943157438657 53.77548186127598
44.06116709142028 84.97615125502568
47.93765323834675 53.60253524487334
70.10767936016414 31.966987832337168
23.079225623040223 67.2921861501648
62.99878173989762 7.853407528257206
45.25725622930415 19.162882350217856
20.701664507940563 17.200719926742124
49.91948027082701 54.43257398200111
56.254073466926734 87.95800827901016
37.40263416049419 52.14063782659779
35.72782988282746 23.719748814607012
36.46631229932753 70.43265158956297
23.86322709495714 10.313458643784013
99.43180038669784 53.96846348585296
4.639557616344792 91.24619857016474
53.888156216762006 51.189199334909
22.71265200340369 29.00638937487837
62.54011997158676 78.21625071376891
90.66251928611906 80.95602215349948
39.15218168020254 58.20206279892837
89.25616709448751 94.81483407799793
34.927041281738035 90.80538467442439
38.41514028352771 42.65003090424524
30.150410386275738 34.09769523067205
91.36954089585161 90.19153462083631
41.552455138685204 16.343563319652986
39.82625010804537 17.560475945512486
82.53423792634246 72.09507586241304
58.07385793518878 75.73395882588426
55.71529963954123 7.613960585376878
16.773927314467375 61.04941733891669
25.371378247791622 23.665466048050344
28.347063084081327 46.78180798594786
62.8536543301229 68.10481115744443
49.093297164172135 6.383974042977836
47.63998550427922 65.40660487606885
36.59904666850652 70.07631466739149
59.60792995296003 5.058812597428341
10.148035972233526 89.12522721065743
83.7274063600661 23.591165139880367
22.95591179344144 89.46766716650927
59.65157066667677 33.55898345104481
42.065442710379855 65.51819483773271
16.003373045247827 18.204604208539276
63.11109937427653 70.34852983804622
28.644555565002815 45.870627801053
61.252655039890634 61.91948005379165
10.010634701791577 50.74870846616536
51.45681006631511 11.632753323414535
36.74324000095199 19.811327021609813
83.05717575523863 97.67944605772787
36.1376341315628 53.911911722315544
6.908061036523949 47.312007864531004
37.293803647303825 58.50569594438674
59.88268048593617 12.373303122138513
23.871066944311703 24.467435672223637
88.83496969048122 4.461280980713889
8.179230996033027 83.31118820466878
69.35962064964075 48.453628969869776
64.94042885274908 53.5997576281111
41.58459404094151 9.32286472102235
52.50778806828449 66.38284064397551
48.45368573318589 51.37801962347709
18.514990290076007 67.03378319174749
2.9068752586619673 73.30813920235022
94.62227992949903 76.74755271316894
35.700170326274375 52.29719241846962
26.971530575509384 10.879938578495828
70.06275933565628 40.921592783389606
88.45299021242548 44.67392541589788
33.37831683927529 24.463452151464526
8.875083505205527 89.35737468613571
80.98056176387183 80.8005486381153
31.72595575437721 84.91361699991926
32.91276094319014 26.45104340774419
2.4658450046515457 83.35631442249202
53.71007350419589 30.91780016683423
82.25361909833497 60.385426414187336
30.634537667398398 78.13670373622513
70.34925454125721 15.574734142498558
77.15162551924846 35.90534127429057
90.52826051702412 2.897767402681861
51.77330089554343 11.45606311480083
17.00280161666393 13.333801012442937
85.38481321171898 19.026198099097492
14.479132623088041 48.41859134415552
44.10375982544906 32.21362257423337
69.95342744429227 34.34466579663459
71.658626255605 41.896428943415785
73.69014873199461 44.86175825581584
9.798199062873014 91.50812629351786
26.02673631874285 90.98267454911372
62.84410366676555 57.174463896174224
52.67308120694724 47.22824920558334
2.402847860726154 21.29503567715838
41.74171415192023 31.300009627328773
55.29778744169105 37.792648861464514
19.37176105401156 57.249448518226956
69.66212212604057 26.24529465152986
44.88638155185628 44.054433106830004
34.204206034277284 27.879647683860874
72.18292764221212 9.403339595157146
26.04382860496842 62.053946842678606
21.09595607884822 28.02774005516204
7.0028366729085745 69.31802658457423
28.77030274080741 93.88652063098402
51.137864773324694 74.12679535154547
16.492382104845184 76.81411982868201
32.44910184751182 16.241396514944007
11.346439815144793 91.65008769556711
93.796420864614 70.68587864243115
58.926263439367624 84.92388511886332
90.40282460745571 12.705524695287496
93.03846692581004 41.28481523733747
61.47039946702398 67.48433869753686
62.09670642250226 85.82791365053373
34.41335527827233 72.51914857171934
49.07550430630305 44.57761846029692
71.09365051382193 46.74189974640831
32.79674954512577 24.803190668374874
11.190774123331536 73.906913216936
79.96014140135476 61.62263366316672
47.7429861163956 16.568260004564316
59.993411262160976 21.203149525616993
94.57645148155821 80.7539540189928
36.20485781320638 69.23701213651637
29.964229584294255 36.63172037831471
29.045635683873215 22.486458340564308
36.24058066787792 54.12581220911123
96.02642879685081 71.74458461276436
58.22374923020106 69.28050218018208
86.1731478730412 53.73771349687054
33.26195030091188 11.64403788533993
67.83221178095829 3.933679657695033
74.37219420340693 68.78619343953832
84.12829319735629 81.43269321554563
37.55204264576578 13.93296782976866
99.99931607148021 76.21452873709458
25.236246952714826 98.88940460009847
84.46334457758165 82.45452995098059
99.02039403425486 32.50956287218788
8.717415169787646 12.647336790684571
67.28851572106659 62.98510929802179
47.032608414223695 58.67671716447559
24.40166250136183 36.127962834564705
1.2510613245030444 6.032241554254769
19.95655247682453 59.99912236498395
73.35463606778491 99.7912725909319
72.0166527627154 61.383688825834184
40.79814209933147 12.654980603258414
93.00422952903772 79.9605258593554
91.94390393181888 92.73467166427976
46.47733415512554 19.297393439476984
60.82989369589434 30.81027858486841
94.70935609850521 16.866400305327556
11.942140198538521 30.5863763268022
22.590135007880775 55.026204642713594
71.9096983068197 75.41373172941746
57.27782670497253 61.1805757338715
79.33411905402079 6.39610223353505
11.391135974347911 13.055405015327404
87.87501036791842 67.22149828906568
63.71223327693304 88.50618415594809
68.92774425462011 73.64469342518663
1.6888537500729273 89.40470464487703
59.2391072459629 60.469328517206534
93.87599092078254 13.896866979451838
52.51482977152308 9.174589640363951
28.38499047547366 46.03673081515325
97.27179063884721 85.93039862428
88.69682672615798 76.70199074699592
60.425623334685184 96.69426798576391
75.8616967858319 6.660928738771044
85.88916777183977 26.693493380860566
63.92773772914343 77.6943301527453
18.27806967102893 62.25856186365364
18.31804682985112 26.772239697077982
7.025814553149923 80.48893077588943
78.81708946220445 61.068994341378854
55.121838132789414 36.75783182587815
78.2748243942253 23.079989811596935
88.3324768469796 53.7273773367353
40.15707237030879 32.31100811251688
52.64314034834747 56.473205362733644
75.206923258036 30.368109523567497
29.422991532554388 69.98424604665112
20.950628074801124 94.11546708752205
18.229580575546954 50.88492912594217
73.50505319079328 25.110132317442623
77.60730182815979 82.1487160623175
17.758212540516972 53.27268345505822
62.00673729153971 26.195606004166628
26.773006042071067 51.75525437597486
91.82272144231955 57.44855707381169
42.270650258914365 70.86273376125718
15.151680101873888 49.95433630103935
54.25641239864216 93.42922060842074
54.16940500091331 88.76409698992622
50.02141957384549 65.77986738882136
77.66930779331828 48.04778592064296
86.52886117195222 78.21966691085274
76.37230495085173 98.29602747701288
82.3085120682796 87.79462536046316
26.36017906772351 0.5252584052398812
0.18686578306058577 94.22236442202764
84.61895160203522 35.39729807458328
17.751664277436785 20.793857212683232
