217
27.818796250018764 38.66320552809582
62.01444168945106 57.0557069280982
92.74947822965748 28.797301241058825
79.3938759248869 95.50717179845782
96.69892954695364 47.01945616733192
79.96187291906888 42.07211185751952
12.104977883089452 21.683581285962017
77.61331293420531 69.51198497641326
93.20946077015552 9.563054880268606
8.961958354752376 77.0168657672299
55.246683673541995 43.31785643294415
68.7940724306717 31.120571140076148
32.06010053659557 79.30443371000364
1.786900880132647 58.55572075936423
6.896132736445781 14.5379584776543
70.26624814689298 44.99108737801871
49.95443700966376 62.63095954244471
23.336398090458566 4.810648772744264
33.13781778368997 66.92235041838565
97.96258262672954 18.225147248386907
25.114426407533884 97.31358077585813
72.22140367494015 96.81568827238189
47.20116052855553 78.50602430021611
46.15997539070907 98.82526412714046
16.511651106147408 51.623839666271955
29.056959150908067 2.9190594136637604
48.10254920455985 93.76041767575572
12.051202323130806 7.967939016813064
96.36320626736519 2.4862712857971703
44.23086058152445 82.62506241930988
0.5339940803167909 52.28651924438367
68.63223566565561 82.42176323576129
77.1248151716874 75.35231608289983
37.3052145305503 51.11584487565706
38.01141225904856 3.17117970940205
64.13905961896492 86.20503495229384
97.0504270931347 95.83411452159399
25.309269075586926 85.41699747436894
54.50104914032992 45.20167274659319
14.884233734748287 97.20169451886478
86.14673000774634 71.34714555889772
70.4101678373541 57.5769076900428
19.089231268917118 25.921547231736042
47.75663039249422 11.41320545811988
8.318278445731874 44.93391077195815
56.23954273340526 36.90609864506983
21.220020076681546 16.30657329910893
30.10065081576141 87.11546632049415
32.73198206266167 28.013644449438846
81.6828532499268 63.564087539858214
91.93397565675781 51.29719370846851
51.74561321811123 53.16589904002473
65.95325099690427 61.59448559868339
78.21521163496935 34.785173382653525
63.45724223109054 15.506292303200453
84.86716569868274 64.85587560827076
41.354353845537275 11.545622345068073
80.77387440121765 67.37890975219108
17.083296701792563 79.31347537615713
3.8409804794014124 70.93528612973013
27.099167390049594 83.40320446253597
56.243269660106336 9.61016021631127
50.40730928963014 82.56276189791751
50.46581996575321 14.477372215956862
76.30038999991555 62.30761650194189
8.592959516656173 13.790992380896661
45.82532468296273 82.93572985908943
57.883029549449404 88.32206158961866
72.69259675783822 13.429431635733724
64.10593603699778 83.60091644716799
33.38527517077596 23.71800794100084
41.44961102061987 0.26167255382849586
62.40480084284599 75.85172835729624
75.04562688209411 98.22157088119666
92.92817088295422 5.415574140438095
82.0875329617714 98.43262267947277
19.0726427996476 61.72954532516175
20.20119523537186 93.80080187704107
59.478793837902074 28.686492401857432
26.617124529765025 51.86520457415832
57.9535075216128 90.0327972947142
94.37870839013284 81.67031994318606
71.58493766629648 8.482446226025253
34.493454554481005 83.46220647629067
42.53071256542058 96.05248134629647
25.466869176620033 14.147178191366871
74.51550237020454 86.46253915966918
40.244437456799744 91.51661779201098
23.875843887988857 88.21791022960981
69.34080585213484 76.16044392038357
25.510348999596832 16.958709755049295
92.856369898699 96.11897796929124
92.49434330657034 71.43933911969441
61.940229393434635 54.98377232893349
42.09607504732645 35.196026459692064
57.10909213547867 61.83117836102417
68.90870333447971 12.225128824186381
23.98653810870067 75.49498723481406
23.73291194327424 15.577925029054207
83.96499771383111 90.00581177014469
37.52968745228187 26.846392686343968
65.1304301956231 87.36267291440768
82.45380023246295 50.175549247316255
1.7788484163275387 48.38384143367016
93.3347082491205 20.546689327179834
1.4938460944802223 9.716951582383281
23.01790647683758 67.74621284709524
48.867905295254985 37.19420884722656
86.31805567720706 13.239309447867598
35.51728241976144 81.55982560411952
42.980086866627644 70.95714084526887
45.98158554069586 22.772471742860702
52.5222635078906 36.65682289023039
46.80882971208228 8.477780503605558
27.658018832324384 9.87905429982675
25.745126986367417 20.1808347953918
82.84790468750002 31.887873182246175
10.638165055829585 60.72579314914874
36.74987544002821 10.263617296238515
66.39344783506883 17.355249151690977
43.35683166319959 29.890769689744435
53.142649990144065 71.7319465315176
32.56631030234235 74.88763644975616
90.15109987217602 63.744463260345675
47.69305807034845 43.46961351375537
82.93590131305268 88.75508336688725
2.2798830902814204 29.346552900075352
38.28028892887069 10.066534354217904
66.5496215408844 72.9985482977676
34.41014562516419 44.76541274858901
44.11281954475289 71.07262936375284
18.33832101147712 5.397817577274866
6.415239390088656 56.86572970520123
99.83783028847975 96.83866938362772
44.00026264462006 7.71604372033492
79.83538545666508 90.10212300040237
95.22355369049644 87.65802226910465
18.30221647016037 62.28638768894058
48.309604725385455 7.065107131299553
55.753266072030726 79.2637839779586
53.12266773858673 88.78656257486665
53.421585828956054 63.39983254459612
97.23805453658673 79.10816793155992
22.36362781385465 50.44452704395089
7.254451147786711 30.722050358376773
51.46458271205122 28.63284151499329
95.45607433273932 91.32228062531586
33.571997922537335 31.33213831877095
77.23381350243024 50.758534517831436
65.66460977573371 21.41751921570847
38.233234765457205 33.8942148638409
48.288067364710294 46.86503490413543
86.04900349114413 2.041330316226986
51.2355682491482 95.1507596133587
61.93089630645742 61.08814340900448
99.48127488736411 61.35381045676061
0.16472864097724083 2.474971709318008
69.26322898750223 42.91545449603582
64.13429833566036 66.23718654316072
2.1859558984336003 55.049851913008254
78.68235347395928 12.15173885154417
14.184264738696106 42.7824425395581
29.951253407857482 92.74799882518144
13.28823401198499 92.05936935103006
47.482544013612504 18.132441482705396
57.270989053147716 56.345825363909206
95.16070083182127 1.1500458440665717
10.937146051652913 60.937778196862126
33.83647842524049 77.92647044031025
98.64117587296954 63.773010894002404
85.97421551722013 14.567219711889102
51.07133767970399 58.02691307354388
9.06999951681664 6.470794860551276
65.26916962485446 80.11658069888894
12.197888207095565 70.88790738820501
11.316842248161596 18.959135704944117
51.46921070226106 17.571742239405975
17.21516849867486 99.8649846047928
53.54444240265761 51.29427080915166
56.80156278118332 83.66576701383428
35.216979213832 22.974425676678088
51.314489062360494 29.343042702598332
49.72940200597559 30.046917335783498
80.15885552787317 12.586312526991017
73.2648534861547 24.614605528243207
96.48346597196847 14.984632699899125
89.15251636692291 13.938823379416688
89.64579415645234 77.80130943390583
84.11238004754064 94.79370107818848
37.102930425981825 42.91222780963009
93.16249820291837 87.46645791211985
9.049733629752922 15.594041384655789
79.05998178081396 64.49288829136603
4.433664344514865 33.10835228901738
21.311686632058667 83.42521461216765
61.92099733783327 74.77751536065736
73.17131032657441 35.75429980693793
39.311223356265536 21.481022126975446
5.802928735782642 52.46450096242752
94.92171146672544 84.3490603503668
2.9570991680769154 55.20462985356522
85.69985782302977 10.770429877109288
36.080362267828626 66.26018283321369
68.3225351120896 85.87221303818521
67.82140397300005 53.92537827255954
47.6693323517075 56.6770084139126
51.15523923635451 76.34575661142591
46.097454220020886 52.000845107668546
24.954146607965132 4.999351363345383
79.14973760413181 13.650137828552488
82.46106100833059 36.28490132436835
29.70967658301612 1.9496253630383653
75.25405510900066 99.75229911080099
34.859323826682264 41.166383605728726
43.56746496861319 35.691859389496784
90.47724483976391 9.574362775076873
3.522526285403238 34.20880301901871
