234
30.04431593842166 34.02622126490271
28.963889040455637 10.334171641980806
41.22104094208152 80.75701784768086
1.1214268685496132 17.936752735184612
37.17968194713862 69.92975454722325
2.217017481234751 63.28323378337469
76.25854270069813 57.803056918337006
32.31284124614318 97.35858814243468
47.969310521339715 30.291236603912587
64.75920816636139 2.5917431512683886
60.45234555332263 90.02982357517476
25.751722902746632 62.91189997119309
28.84599774682308 50.523035266872476
43.40889100126465 99.86408913703009
51.660452184138215 10.49310014245931
91.59031385628862 60.236434119797046
24.431455136291692 60.411114945895235
83.05292887926569 28.27943377650366
51.427317990451485 71.86935984506673
11.752511074299843 93.46384301037153
80.76066899838568 19.49887091525757
4.1438693630613255 54.0644240722112
43.507411319630876 11.06100456128848
69.32225796600147 98.51642434864533
48.38079459946574 58.75784588345594
28.491011935414612 52.54319963725423
1.0946925923925432 81.23070395152074
52.997888434712 2.896061980255882
25.91879572791147 46.640105215722535
35.480683885107354 73.22465294486943
49.50195269555123 12.037102643676711
0.4637600812042453 68.14687775508875
59.13721497859667 34.281825208261964
46.97047615732976 49.19053681580188
49.78340022685208 95.65672600866871
18.434407812461462 72.08342671120081
20.0632663958749 82.50321136822991
56.19480386076084 90.29004237017799
8.712448820716512 2.3616043493296157
81.79894140778944 35.90326546209413
94.27067461629174 87.03807155609078
91.81325196128971 73.05105437224736
19.85299684173477 44.58393256526216
71.9190434269402 36.42346925794614
23.689225192602258 54.14693781800389
62.257957304975875 12.547775326553756
0.4008579936314982 6.349367341378198
23.28162095921985 83.29418491304833
48.10424180974141 75.89689342609833
64.31116483779982 95.1491939574513
62.0450132990524 23.047286003248047
86.37957508076137 23.813819856632445
59.1328246698647 55.242128656564304
73.78725159095006 4.0931319862338995
50.893000605813164 2.5185647399162403
76.06275152422829 97.04500705276125
64.44448380603974 45.014900323308574
77.75347906976737 13.535893137602828
59.41681109901163 79.05141681552148
62.11971856405244 38.39088668406816
22.387897443354554 76.2548835766386
13.32353613393601 39.134764134950636
97.86288341689988 54.43374268509368
36.16887654892915 27.295202301539902
47.54934264887204 86.06307959999464
95.35848872853741 16.279770558797203
90.07977935603749 5.321298438364619
52.557049298458104 64.67001616208334
71.75712625175325 33.50595688564645
91.16098182532103 8.52752178563928
26.14775934518615 23.137865220099595
59.788912120555906 63.3352901582787
53.784112733873556 80.41326842565451
78.63249990661353 75.93929222408714
73.83056915474275 3.854356482247323
65.77228496938748 32.567834259732265
96.51262337197646 29.370304669388837
50.37603460397446 54.746311279822734
74.78062009092457 35.56473009779412
41.431123177669726 23.534205746932923
84.64574446550597 36.081172620709935
97.7947634066002 63.43873418137812
66.34537666968183 49.154883816013694
37.413190694293995 9.570787853764507
65.15552135452974 13.41764901790594
18.26581926344567 37.81050518204666
92.71969240146065 77.5152230137719
80.67556039967813 21.387163912666075
79.23007330133099 30.178762082857048
42.55363274233454 81.44928415385061
37.97557835436252 37.34600061061043
50.271609281868294 10.362412070588611
7.390271590132547 15.095623806110936
44.31257519992285 19.5682482415656
32.926514567789724 42.319787561044976
30.081750685786734 81.50761220905507
89.46707581201684 40.49119117202328
4.482416877839834 78.29952528020146
6.861407552632059 49.640558235814034
15.109355528932522 20.873427503511234
90.9146957917879 80.80261665070609
97.85131624774633 30.51649514791649
82.68227296795258 37.12221987107044
82.64299738227095 59.29673692201391
19.72279472654429 91.38808041535465
24.691675615449228 7.160239036625759
4.375930812707962 81.99813505436684
11.678919937787768 77.61168624613045
30.355615046715243 14.271360647699094
55.95690696921596 78.33506827383073
4.870905626242273 80.04058712732957
94.11740765486029 3.5715882391938236
67.46117705933294 78.44385489875506
65.25304763030178 86.4753728232354
72.02349513419631 45.23696107118217
6.998925872984785 54.937961317399676
21.592031856274694 69.65829115947048
86.83768132445113 17.795244916281703
25.940905456470077 94.86983417012405
99.26571068962437 54.82162111846598
30.45013147003097 90.83907597662133
76.1349489602945 21.768003933950485
95.36331193319582 13.833009324485946
14.424315072610728 32.577878250867556
54.25246672989805 35.83655269032734
30.59658367622935 56.25395601984021
97.75774580942777 7.496518362684235
10.484364943408043 97.70854980639596
1.6531404970249408 92.83594003980846
82.16832760354492 64.16057023567221
40.383002010091886 96.45528886325428
32.9730344346564 11.97610526176348
27.89678097584527 78.20862791159936
47.51914360451334 54.213655547012316
64.64663811023362 84.40285473343724
52.548208839512434 39.59832915440706
77.77276264194401 0.5236684545568804
61.65790424398173 72.9409435816908
23.830751978810238 61.96342682060805
57.62773160324631 9.48768304874278
69.83914650177242 84.1239083116383
98.54283811099444 16.213195204849086
74.60926670322853 24.804640739669914
53.22978017944835 24.4089228679365
6.576148161823148 28.87725642617438
64.9021516518214 42.10367604022506
70.42251241648879 75.55172258303168
11.922018292565873 13.000490100684047
26.67073829913028 47.32672412168303
22.433562635638083 3.763874308949333
90.90291327806601 60.64594415738418
98.93002079242103 10.11733897974667
88.06350278438012 66.75410509086012
72.09383872485398 99.46484322287583
50.886413532092234 54.79389947802148
15.364006925108953 13.464601442879342
93.8040490644233 44.2992736089212
88.56575075603004 52.321085979545025
40.0944813192745 17.088796162795806
40.8734899083219 10.673000808444222
66.46976346544015 65.24152995771081
53.092618896042666 60.727610310715676
59.209262563923346 94.41363805588207
9.935577853125421 59.26851886860442
98.9423040245007 16.682946261175648
92.1987506396917 98.05644795879932
20.507021968732587 37.85331044407179
69.63628692322828 46.410563666440076
55.59654248796764 27.965809268793585
32.8443557815759 42.880992104162715
93.66850984823483 42.47336449477742
83.4285046632775 77.38789570726018
48.11692833127277 84.06058765434081
53.58756649681726 29.41125731009919
74.52157012007359 87.19596941673554
87.19532386721099 92.08113927674563
68.29479920487755 42.78780357508043
97.5349569961613 94.3056387302468
7.02518092982719 45.18830988358826
82.64503528798302 16.99034047289555
38.326124550796884 18.286773929301226
71.04121738576609 86.41392938422625
26.439207109482833 6.749747337352263
23.867845322471304 15.517686504719808
63.35833745952516 93.69003069211765
95.50683605581986 8.373706837106443
7.218440554772343 25.65539929376327
61.91197941047888 88.19434958492619
25.305315644652104 21.17400019708574
22.201109604857837 62.500081751277634
78.55518220305025 14.407047956203812
7.735222057797831 10.57885302019449
64.9245523266937 94.8814553953754
67.53776741299052 45.477783540790085
19.608190027730068 81.35469552165661
73.07418458157709 38.01017784815605
59.92937059649578 77.82757233111485
15.112014707399258 99.37290329953103
86.90376324283538 44.196348321677426
66.27861365095305 84.4349439129502
75.4067812131277 94.77075594473821
18.78192115901639 65.9005832033913
39.89466608365064 29.201780548150325
49.681255340718224 26.83110484132395
94.53033830247193 67.23276862386017
49.619154481092345 46.57987427324274
36.54749019167929 8.60833828960288
89.71959647138283 96.92595895003723
80.71911023805556 95.08060469714067
72.75787758930315 1.7165119508962712
34.31996835214288 56.04222629908704
54.45590166994191 84.38290235848835
11.334007431830372 37.67392205025901
4.2935897974028965 71.12851063155686
1.2508213346170693 70.89101549197346
44.8991686512067 65.43028887144119
42.50058577412415 83.49287112854985
40.608028052304114 97.39039591098397
55.17330746844718 99.09270720330781
61.89508566620866 28.55248392189805
40.48530827829738 91.57254727747556
46.22374286812785 98.64590778102912
39.369054929967064 33.01744250803337
83.22888495886318 24.504771110832145
8.038357565338295 32.239129114935224
55.691395998277734 93.73185804460233
64.51995609802694 0.47506013358017407
45.07269837872441 85.83025527650831
25.45397313198505 69.51969546972322
47.18581764638684 51.87296248494279
8.859061090159004 43.08361744801928
43.44068184041966 68.2634724250671
68.1042974583783 69.12330328316904
72.87892724863572 0.10513530209205202
