251
99.61945127484768 34.07490324475832
37.44292989209459 72.65289737271678
95.68418281360148 16.033456835488447
66.73593633831962 20.33960131015875
13.686031729022929 5.713287141588463
3.6619915103223266 6.842833290696837
84.6519905479213 68.72062276749091
4.7665571155368625 85.69702660446518
39.57647903739585 92.87750289406357
29.60252817549922 58.761103967733305
87.59858301383326 45.71693850968642
80.99199079994371 10.640890061089102
27.27916426384487 48.742050123213474
25.885890064081906 49.7257100079488
93.22890793916109 40.391541160758635
22.328497057995488 51.128716715135624
9.518340664931646 90.55173744269966
46.226475075524064 38.06487258939334
18.871089429477262 8.84112045945269
88.58063390995508 15.957191841720997
46.88287065455936 5.248130231399639
33.65115191967253 33.71392081366606
67.46349990563878 71.26232037987589
79.69987151553153 40.23092527552842
45.37323128002446 61.48161843859589
64.46809628368587 83.19315908813986
97.46565432272808 82.06214967026152
54.877927524581416 49.67454769033191
94.53074695009455 65.3401066605361
62.182644151518694 26.756829885807498
87.49825960266972 96.79214777725498
22.024155422824286 69.19186247348905
8.364208024523345 34.71685543852902
80.23115173213549 97.04419229756655
33.37993225439563 74.32060303905513
22.494320936803604 38.7035929430827
57.879342719754376 90.38264907858456
9.803827929268694 61.686826604542674
10.840179339392652 62.767924377306514
67.39598938389717 83.98135646190242
44.72717774587696 25.816296982969277
36.933349871280456 17.496956108849183
87.86921136164267 30.528111992680074
25.967084697875276 39.81914984053234
44.443826178975165 87.83925405201833
15.278483097467166 46.34217612856275
82.93235701892159 40.68170837092106
84.00610387251344 44.52508100949713
32.61865533129934 23.148550448571648
73.07919810406295 83.46027066968142
58.02085413463398 82.86544096242034
30.97967602957071 33.174371296928825
49.50523326985512 10.88525463037746
77.56748764192905 9.746259435900285
28.879607553519172 46.03611425839579
62.211865764410746 43.805789157058506
81.3919720224586 90.87173180505044
23.790465124354753 74.49367795016398
93.62878515196847 84.72397191842902
66.80135233600096 44.11641239847977
9.178173835686076 77.6927882498242
41.896134297737866 11.596931870699667
75.9298090636684 30.592535793096953
70.5853999527761 75.66486981820825
91.97662358340855 8.028894997396163
7.809474918714587 36.313557660391425
70.23382127141544 10.067710826259813
24.192049130092265 35.20629263392654
16.692106181997968 43.95979043627829
26.398569722147336 86.1525236437194
42.61711849498041 42.63533054045172
31.806674571130767 61.00326531118894
60.95797409417937 67.43789774327563
89.61455299084047 82.85937614333754
25.43987186730018 48.7866232706756
86.02483925417123 23.053053881465345
5.292602671512025 8.31636289562504
96.16217151625203 32.52284751511419
52.84675928050019 66.98904230030288
9.046836515823564 91.63323090113606
88.513346128028 29.610159942710546
9.683137126341068 78.7699394866701
65.5907240400309 65.35331896508025
34.36860084799759 23.062765222917236
76.84387990437894 52.93859842631693
20.50019561993309 13.60173632936349
64.47174015540797 72.45432082362565
11.373859179681666 22.26115124799969
48.367518123101604 71.00333470999851
86.3363027762583 49.021924849436196
78.37938686100105 57.40062818556726
44.47563573447375 31.967386666406473
1.6101071247052956 20.544211536993362
43.69458725218966 13.54437670270272
42.4956604196303 27.015880335045285
27.399596728309085 92.88624374977663
74.30559681583496 3.679000047071601
6.324777945382132 30.8182700449954
36.83101113506123 39.14025099763856
76.65591744400844 74.11911851648354
25.27556684325365 4.704061201898568
67.50391655148213 84.70898644249772
85.59222114622091 7.245096263286255
54.77875301064056 92.33941732345184
69.17514903164844 36.149742752698145
73.44227643060216 38.62039361192857
5.7223054529315975 8.70124849386482
80.93386087517383 50.64060241118551
67.30695161851699 23.277564303984587
95.412862897656 25.588365935476197
32.416705112446294 11.184054179951852
99.19959531144325 71.62396771440785
58.094092808977315 12.323787946996735
33.70527795534023 53.79734993169827
68.34417343351397 43.69078692944085
8.38656008248747 47.953713803519406
18.332854383615427 87.74709695173208
33.413709957932 23.98623323522584
89.8085908351623 86.41151688145305
74.04391517334018 73.77587436181284
97.74249565392921 60.089784291516445
92.28609508961604 17.560552223809967
23.050608666480667 54.57296399384476
69.21459032154125 16.385323763641434
12.01389201039027 27.085642360172002
57.197833178422265 1.717212800190504
53.91729379188688 24.570221724077268
68.57683946582941 66.76670993699271
71.5084250408882 44.768879304642404
22.842214639342707 93.01994267697647
68.07316390219235 53.37684171786125
66.60985678478026 7.2008237868344205
26.131106390060477 84.15311124141157
20.42728516430694 55.57631417723685
41.65683399496986 19.346373853821465
91.3322268952056 78.62048247387537
24.701876624467843 27.397808896196718
12.067533851025726 99.03016514725662
63.65794821750714 29.061315475956018
44.37738442179479 46.057370241012165
35.78288159749328 3.902014977339785
29.287484207580317 53.662036029979575
21.14246731928787 67.28369030815684
20.55302607255969 17.269699723780352
81.88177273963574 60.382945380588204
9.887297381961325 54.732746506614795
80.6633517642882 79.12447387979878
57.845908827516844 49.38280848696461
62.15958121071665 60.667638303822436
74.25297853240369 54.66083119976257
57.66619446048102 66.63855146556762
20.294245947765667 59.60742079878323
75.9817037844992 11.987601484742349
91.41119251645927 45.217189771528645
63.05845724505911 0.8347356371371961
73.35337659564144 15.184984824302761
77.4445604622741 93.61450999525435
91.30732909029021 46.37665928199728
33.909564099594 11.884956608540332
69.13580679976427 31.122944161687872
43.80193456205674 10.752120760371497
6.339580586942373 6.764518441078938
57.38749731084215 35.692753793263
73.83387968109272 21.639554187728972
6.403118660169682 84.09755570104804
63.37880698380546 50.01929853635975
54.806574735050894 94.56061770543809
47.85096136734117 85.00631293921836
4.22652113221903 9.136319922691982
78.36855221316611 98.04240657366479
81.71377468067284 84.79514758435377
59.99127370156033 55.449359678810296
37.15474074137671 75.03312222801294
30.123705429974677 27.454878110903714
82.96715804066788 96.34963636313934
6.150318123722176 85.75505295671171
19.49541056510522 77.67310931799128
59.72703168947886 54.5254585666586
98.07808095992374 23.497848778668818
89.54952754449732 80.58392041598071
0.6997752449042216 81.46972285790747
22.830169506842346 60.4555867487903
64.8548700849838 99.45116186070273
27.7169235317561 19.114487441946103
10.295784795746233 91.80898417062564
21.660342871371707 37.92210396661764
56.39676790637258 9.063798716755633
82.41914505348409 4.714589015240344
63.45446394181249 61.39158436308588
30.123658053440273 79.55382291631885
45.929014997016736 73.9831326758829
71.41730177934546 34.08839602701729
8.973266470406438 87.87079558575856
89.98140134358744 53.25391020563287
79.0756038750892 84.52765194854368
75.08515996752853 19.34462406199281
17.65750730365775 37.96892758611884
16.776349570730297 46.42753650616277
94.64608612416487 90.30245950876076
20.35520905722723 23.86118027782156
79.19381817569798 93.53252772204077
76.03738039236288 93.41662236237963
74.82987788406639 92.92999148605767
79.26513732903078 0.6698405094150761
36.08106213439497 72.19197003630042
17.37890323307364 58.6367546447526
61.10909244039582 21.19237786761895
54.02060375658642 83.70517514997387
36.865304895360254 43.48616019685275
89.73025646468648 87.79720614277596
86.9560256875742 6.806133426100825
30.94465883178923 90.07181846978241
54.968474229368645 92.91807037085704
42.15403148955315 13.160679952937404
92.06611678189661 34.62630814560883
10.917816693092286 85.15617860100477
42.87147162383768 8.584790743392611
35.60618796489242 54.5030872015887
23.682444794954737 88.9143428358252
34.65888228638073 62.08924931653432
37.79356207179174 71.5681907616087
56.613134540959194 32.72210851310583
33.02315844254184 54.04870388975682
33.256524909303174 41.14930890174361
25.386651119865576 80.00798586108216
4.8186955388850645 96.54087028385372
26.949296383685684 89.87372460239294
65.23972130810346 6.722400336709089
98.94028079006183 8.434730336165119
64.01374144556138 58.53393990433815
77.23892665333769 0.8973143803354788
89.50047260201113 49.01303625888509
91.31472419450351 96.22677246359272
2.558469515734396 79.4318878505146
39.300046698783795 16.940497066491112
74.68611141720977 68.60645923535006
21.915026549105566 29.152566120007638
64.90826280575497 64.69794985927024
4.810855074060926 67.23655908255009
87.14700613435068 53.6363993816907
30.553294013893417 17.684927979046194
21.493765848481395 86.34472179229118
9.926692885333143 7.855427797513881
43.12685694242215 37.5882482515279
96.9992613030946 49.37746879144994
94.6423250361879 7.7620694097301435
6.640939150021074 5.5836949672927405
96.45907615334593 15.26181810145757
49.006306318445716 35.25176433181816
28.1884665296664 74.91016394308517
43.49427755641303 17.242852902003136
