202
47.50974302275629 0.8941941324407843
48.1336464281397 95.98888490889038
15.9774636771305 87.72638468887712
93.76691064364707 33.39756970284209
40.64641684774355 11.675390167592159
82.83311217578466 9.776074293229964
51.72594385101844 83.5439975039655
58.04582591580163 18.18317759163961
30.114394881566774 23.781444963178977
47.453328892541016 51.10276576643692
17.102747052783084 71.64371060819744
23.20800386831752 27.972229537687422
83.8624066332961 74.99211192263132
52.870169719682366 88.64829115259344
64.78424631441703 17.277347569082156
34.01779495691078 90.63287981025803
24.45178039721656 78.09209206753702
37.04382124668896 80.81770004288187
51.53577515682035 23.697355701642874
46.87963160575806 74.15293318280744
16.534719262913722 24.06530488006826
28.861102459207554 16.45137986861014
29.244921455371852 56.35220948713564
65.65542764037235 66.11549492347201
91.51184251826614 2.4448087051637257
21.52334661573966 34.95337719876295
44.92220752385023 51.23390104069604
89.90980217449473 67.70185852097413
49.51982733336773 43.90313549578312
56.608073794876546 9.465118982615905
37.793878779462396 37.10434779063365
74.58863349657643 41.94758975303636
44.26117739355245 46.23992964568412
7.032446546390347 52.38808932530199
24.491533745552474 92.0008857292298
90.3381908218957 91.48527884385447
22.52648982690785 65.76669865472662
1.9800130657846138 49.30622285571833
32.10530835805927 62.19793430344208
82.41055323926344 33.27975410706041
26.116117897910684 63.43463559803825
13.565213950774446 64.35910376088651
87.74247430772321 83.95648067839616
75.24041387181668 73.93203409616211
97.83754760646492 51.50209966220412
83.64120898811386 79.76557091122609
31.754867167901523 63.22857228861993
65.1857122479285 96.56808296501166
20.40876294124031 78.83203844980954
38.41668561700732 96.83925171862093
58.18691244999052 9.620816498213658
93.52063572205267 22.090736998000192
57.94699765842716 66.16816522778022
60.26428097133025 74.34756183475312
4.95584897448963 17.20867813536198
87.17685261243062 98.60944933457739
43.38575721395968 13.950480396939934
43.542597734082086 29.71337510152432
54.120096483162186 41.98303636604006
29.782058701551627 34.78001615966952
51.44247838790036 76.77785403498109
73.29475679674835 0.4719837224104739
26.857955297455383 58.84939636677411
90.56509887548205 66.9416502470023
31.91838115729174 0.6670115170934521
56.673987097136624 3.8940239031530655
91.0990684925578 86.96727002637184
98.60506532460703 12.954287722977265
29.681684854080416 8.776160133980394
61.450570427077444 45.51124622854586
42.99641569369784 27.00914989119689
31.28451048199291 55.38708593429343
40.28075220562286 76.29382222137717
88.06702861009153 35.325416891703895
41.13355384925478 33.968847088565965
42.30880013337273 45.85487666388678
88.62264397830788 41.34072362447153
83.02676607949347 21.37054695120445
98.73876824661056 38.19229855577073
21.509985137955432 68.29660277299226
95.74839081971257 68.71757843668236
32.31831026897246 15.29943345531597
79.07767456225676 3.776685014949599
47.158946180267655 23.5079630278609
9.82298737313827 15.426266078033034
14.68623490185056 2.895139506036959
81.21009219783673 50.354666719569074
72.55268132531721 26.816710966043257
19.837171712332324 87.1822244471519
97.27496905311101 99.39510737516105
96.5812043919715 60.67058209353816
73.59132254545618 40.683552440379586
75.28273551895796 78.59287473277524
18.63677579437093 31.10480936435055
43.23061064006769 30.699816060199492
31.055653787283532 79.82361253402902
18.94156103248168 15.504851005047126
43.32454189379056 84.42699737712628
85.72025274836398 32.83361355531091
67.39819853809442 76.36470987913651
43.40072185851395 96.41599145067828
78.95646628029853 27.232470841593106
76.80574217561595 57.22258888445199
67.1022265088803 83.20801159258852
97.36936108900485 55.83482270382145
99.19444066634361 37.83496121876709
15.330045201564335 62.81757888444205
19.32787565792199 57.10687966644854
58.65182917142463 79.12539900473648
44.95682210182063 72.36066238822241
92.04797428092118 85.51285162210507
2.1260099278256894 12.929939620905973
58.1399423658606 27.037133469653597
80.20360816394353 98.05416546694178
85.72451316898149 18.744282395161783
58.37441655996006 85.89169954837715
74.2846836651933 14.698774757440935
40.49802396461845 35.28369431366687
75.42815636960182 72.26647510242418
44.00546549613957 43.6495801217038
59.36252438891187 0.9405255115132238
37.670089034865526 4.863511700530121
71.82206323251576 48.50111398920115
73.9621713339125 79.40143276716333
92.03088666868166 92.33525464504483
48.51413624115156 68.08110962575343
7.3914930097948695 86.87742464254778
99.16880257419976 73.00612813688514
80.23070633708703 69.50493119606034
20.41347891394346 91.42798991634767
45.89417593469194 52.10011410735981
86.69933071785478 16.240297550803263
83.85569135292418 57.03613189307518
29.345103265180327 71.41665881779076
24.436190484306064 81.41718666665943
71.43937557815589 78.52893985093282
7.759741852384893 88.91805296760208
55.29572213329745 34.21811569972828
18.464472195526472 99.2009194116842
35.028101763937414 37.57122322059967
39.568348142008745 60.170024177529555
84.951038654713 37.87767888925413
73.17691151729835 14.114405306173605
92.58014018887097 69.83015846939429
4.715385692754204 87.31207637737202
69.14412047579357 35.16224516163493
35.68627623358782 36.70345292826871
3.730735564984744 40.54352822277245
92.66379342671995 88.58354788056143
93.6390697323107 7.033389434544324
30.815902491094207 18.628481077101945
48.51607470634216 84.98790091308963
66.33727957465439 22.89432454995207
96.98584671204557 62.83693016954318
21.022848770913416 14.22744747912178
59.62505602440468 14.58839737966846
22.428952800127565 85.9892956096146
23.832941309663003 62.58347025686771
78.21472327602072 47.577080255159146
24.434614234095175 13.719269257892696
75.86758363475965 78.9429337008601
22.273445855704665 93.50678757920578
44.56960075861504 43.1699586551628
77.94022681526826 66.45334049258582
25.725946509195396 1.9214927024424067
78.86860304197847 22.083776577719384
72.01047845572023 55.54902414775547
95.72470900155452 28.45850013113371
55.71890164605821 61.668104471808135
82.64940182882789 83.9916966588235
45.02670584497965 94.37413753194141
23.305320081894543 16.01784138682327
44.010626232233165 71.11880429450356
54.18021167442719 45.70322311967468
32.115084195460184 57.808584617638594
99.5244955822294 27.032995117941837
41.40925110475422 91.98266408442669
19.29364069394257 80.14091284168124
70.45356164095752 67.12070789756943
15.009324287067349 48.56083756272849
49.73388107294958 78.8691068253338
26.56389748798468 57.35564728861947
12.960109159372756 9.971906255342688
92.57029697191317 96.77719956906203
58.916942598409236 86.83695211183742
49.30815822052418 58.05607287313207
16.68308954109632 23.360172951328508
3.2485961176980216 48.19499081091186
76.18716473188552 71.941665230474
30.0601909186765 95.30419932831103
65.91914347675582 58.815217953334475
16.31539107417276 66.23145544579525
73.04103545548584 53.5307728711861
96.74042646129251 38.50381715499343
59.56104354506694 98.5363741515618
83.61812497962366 80.2863060926828
90.45116677213502 65.79712461453973
40.48996058801209 77.4207121024694
57.99949342706383 67.04098020430945
6.14075499282637 5.05292779784976
37.12727783042956 89.49191130125921
76.47958891699163 25.804134659722877
