249
47.05680126477188 86.55053026699031
79.02926582613311 2.276402083942597
55.636059985371354 38.44217809435578
85.81525746118031 51.46296602258893
41.218563803199125 76.02544569491978
34.08684641322215 79.3941669637465
38.12513089760379 66.28435266280557
67.23657628310627 32.82408705859421
37.792589684287215 98.55484452682369
87.57611320280729 61.593944946149136
13.521667442759423 31.30113041032433
6.038223905311413 58.67567143842557
6.388121516261935 18.887785992619534
55.975818307764605 0.2206305684353871
94.41105577917502 71.80793062370934
66.86677384532962 4.327293341499727
71.12387558576837 39.49629606290728
75.97337908844743 99.06782236495577
5.499096103702827 33.794696470100085
43.2670309566506 95.24496968250344
94.82408782223945 41.283875970282544
45.44331855378307 20.924456140590653
43.72057398076746 51.47581686128139
22.067352418877405 80.20895843146121
12.552244779044875 10.174742227949308
93.09503746488592 98.60086603863164
42.02763194532601 21.605189643729517
21.991955736500422 56.34151166152823
26.621175920585216 21.551657189043826
82.40338591790012 55.92945558652265
98.63731158507112 10.361750890825693
30.82233964225218 76.86680511040504
38.55335909836697 50.97418624056979
72.2383676586047 93.15195086838388
41.31288676320579 12.306769225978076
57.66896560257124 39.15010736911155
43.206121891115856 93.66009269079942
72.10441845062513 3.443831329319924
30.523064427813186 74.56097624017478
30.51481047556107 53.78953751328569
95.58456716643204 41.32640454335746
9.457382324799424 34.63571601638898
84.7460027706522 73.5670093415871
5.90179905752114 51.662988581285816
31.36385584878213 7.338576930141172
35.57735669841621 8.711789771788435
16.81577621573598 28.463314624610415
38.876204254790956 48.54420075147113
30.02705221752263 71.14853014348084
1.826960633042174 38.46813779986914
95.00713177792436 93.40838856918889
14.593542201311571 95.98704979713617
25.38420112082276 74.0848710855852
34.29747635759707 27.187411375043034
82.53443986982127 23.70017719520865
78.74430686911 67.22301392717878
29.07037271452777 76.45102034057412
64.90275686863086 25.34099612357211
7.0069638714192255 28.990348931681698
47.75466615578702 3.3199506039900295
71.7555727292466 25.67814128819137
20.923401671110465 76.79931205592196
14.053453298593022 41.14233459033322
80.82257173012466 89.68887033609118
47.991592800372686 98.95507967053247
49.324322020240615 18.409346808248383
44.73213390828859 91.86126817206369
16.30515378447702 69.83665760653291
65.59580568763724 64.34479716660408
52.9940298231815 65.72623458260827
7.259010925700626 2.8208396866500562
56.69598753544868 38.64490913134095
85.65261117204439 72.0368189277035
34.95678693694274 99.64832131165163
31.889984209319255 44.43008539011316
99.64036977042288 79.55879978693584
77.99163649330197 80.5549373748052
65.18182694343686 3.425461471533031
14.453478627526684 47.7506049983994
45.09821344732856 74.66271087584128
87.34875070554263 68.03375303045249
65.75492996813979 58.87053239242789
87.82448269339605 26.74497167144081
72.04137167701445 70.16831086641885
34.18162142585638 18.90268597201141
14.003118755652222 71.9531901171649
14.783738260930656 54.78431841329932
24.93234264803037 48.41523611104856
68.01888369273954 30.306724884641778
94.99857584055003 43.83271103387756
86.09934988470113 51.33606631886014
25.553353407554035 0.16687422825329978
50.45828469081064 37.73241190397525
13.144060398206381 6.691599385419867
60.024729761048235 16.971196702987633
69.96303284695806 55.05672263012136
19.22637402687366 18.34701967144351
40.234439898256866 38.38897260060213
12.575239610859967 50.93676112965807
20.25314856600372 23.79164607925389
61.720182910157305 76.46550786426029
29.744647463147665 54.5283719449981
50.070032717186855 60.16798698391585
58.98602844480142 54.56734965286313
85.02569083529836 44.304285125729116
66.5022360712649 65.41433565344478
28.26720449188478 59.97454651469266
16.81889854225911 96.15475133743459
0.42244480289755915 39.80195653071035
79.89490544961278 88.66833075451657
58.46730016499706 17.746286468890137
20.135228099151526 20.933605042837968
83.91080108651558 45.74501646607095
87.83354086335498 69.70564607617317
29.373131548067967 14.309050759841957
62.349882732902316 66.84688110898234
92.12860142221508 6.341491524282283
95.43504580871819 30.44581589751396
87.739814711999 37.33648092307186
72.37161815522623 48.923508289650506
32.88443331372828 5.20002323140587
10.655953283258658 11.74181324579262
70.63782718702844 54.06337457275067
89.07408006073122 57.0346406459651
69.48956001572999 27.30715745022464
27.23064549323403 64.44549471483342
78.6840542892596 1.0135824753117917
27.310595316312593 78.359422967842
9.718990853706256 3.7246466958322566
72.30612181279892 14.990678436018612
90.65813570173557 93.92576467878597
81.44540212080969 79.07268005946659
19.89653507236723 66.13175001368184
93.64388631340532 26.25221834717395
66.981912567492 90.13022331806346
81.0842858137435 6.532188938099138
68.11881323744792 3.559799466916036
60.8904162450424 11.619644743541457
50.11588938338074 24.513276389824114
28.451814985935854 64.03217596724754
48.294126229832365 93.81590774441973
72.57711224325345 47.87028779698562
64.15348913667852 32.33235989368012
75.28405987448407 23.710763381897813
65.62671885665449 16.23573414991595
7.770379607083955 41.34012103069681
32.243786016749965 14.431750443835567
53.2945103958476 28.49269810053189
7.013910103540322 88.5730456348491
61.602245056277724 97.76046097076862
17.793805226650573 8.294395261216359
20.906028221333305 28.628787286304913
53.92195153261551 11.218693487628094
38.20177471598116 11.05543357732065
97.16759138347463 13.79924039683862
12.155602790647013 61.95380759637593
23.37280496463827 92.25615886036206
79.64841316699149 89.6719736363622
51.15454181465421 96.48850934866532
33.12152101333575 61.854538974021246
31.949832054996918 47.63139927995164
29.763680468061615 46.40264813852727
67.66078223634231 66.34199753575668
36.26064832062572 3.9686068868998614
35.020578811877066 27.183433128201518
32.94706911030166 4.678423245199504
95.98490854559287 2.7058302999815376
52.2127458155667 3.181065031727326
32.18213207536649 85.08333722402574
32.243144694355266 72.0242217573074
85.5130931356647 93.79853419954227
73.86552407817774 36.771313994736275
39.407230003647676 14.772273315182094
76.51143383425153 74.09959826984982
77.29671393675342 87.51961660121076
56.038293908614655 37.34291121589589
70.75637339906878 43.115929784450756
14.860139709443686 38.46897980181521
87.02135863930343 81.74287067439892
76.60204346437143 30.56026016373371
92.38622039690834 97.21864105586089
57.03071463750835 20.038840707176576
16.272810805609815 77.42955502035959
69.8883783186388 72.23546030266978
15.85550873984528 46.69647989384592
32.904085821778175 18.601598158746214
59.520926972531285 72.02239999210408
25.158853671410974 78.1671083982715
60.70473531795735 55.92407144714041
15.667334974893665 1.7378526496165891
73.44401668776833 76.82424593890252
36.54651108501806 85.02709791075517
5.529253551353519 22.956021635643896
83.31824234153198 87.15426789619035
49.276876247796295 43.138671171891666
74.9000254257882 7.533454975292897
87.95265052973448 21.954473860598355
13.252615055414807 30.917512427571005
20.805453673068676 46.884799361763186
15.471009051072004 92.10884495872482
81.96109070061634 73.9654831694724
10.13027639250147 69.42706488425573
80.59151911482051 34.231733895884595
76.59953562685871 65.93667310147126
1.2595913300705641 89.05532509945779
45.014599246519346 26.980832639902065
38.79672428006701 99.3737407026834
67.4399788260944 68.04151245166864
46.867745174589636 10.98768185457798
50.94407854603284 17.970313656215676
6.10801434497068 96.6542441517735
0.5481573246781779 65.07309999693518
94.86641300596031 36.881463293413894
75.48949100000884 94.75982937294488
0.29871408956173573 40.48577475760795
5.836211611571729 79.17743538295584
0.3912880675143282 39.25815409196281
11.205250795791722 33.20544534698185
84.94760494212225 18.081079285251754
1.9333329718485115 42.943321229955366
74.8915569079982 13.1208053256487
21.179082537494807 46.3394831127943
33.15499241830653 85.88624725279507
67.37009694344002 53.965721378529466
33.38874167385404 96.28545348436359
36.12973303015937 58.61558980196835
90.59747011310523 30.88062812952409
68.30425193836011 92.84853149403452
13.326859141437597 6.991246312033073
89.62683914958835 41.433463660784575
25.028184001170207 13.095054121462935
89.62063783683634 93.21062262454392
32.369719521522846 45.327697731407255
69.28060782440053 84.13752541892295
45.68363028130376 66.99084749809155
73.5449039735749 47.17365814553969
45.501309953537195 31.896257215126912
35.442548908897805 53.97386804753966
12.036485093795534 25.641420670238112
52.26765486132059 42.48871059262708
59.39715689328406 31.534396599795755
85.19427006934559 97.92718550687147
76.92874350201663 64.17534130092436
78.62953542606836 91.06366307642394
0.05271713903046704 78.36025101890547
31.1177926670278 65.04807938643535
84.05445603616289 22.80060023126139
75.32392356268012 26.13787121678428
40.31842070294716 17.049283553663464
