219
1.6332605193623229 73.63743964714561
28.83952257444291 23.49114286104981
2.0199148893571994 83.44143759833864
66.3326935013892 51.85703788024894
72.84188436945414 11.697544761212232
43.74697800951791 20.56555643818987
91.06925699207453 52.64695696940732
33.37808716188459 82.18380991757043
26.398086300486646 29.23640403908766
1.0042284889960618 24.458598853086055
46.52335810648386 87.64224871579975
29.36380196072872 73.37709970415763
95.8109315374555 89.79028223243495
24.707423522811244 15.662437898139103
11.099284973313795 67.10695807832164
26.498468047482447 99.66686130950201
6.432450345066765 11.614501947253153
33.30979171011164 18.82814687939235
49.064352753847 5.2752890137287345
66.27050682039824 30.974500269619398
65.25288206732888 13.660487946174737
27.596518294819038 18.844558317479688
86.51497926092333 77.88024712093197
18.202621027868716 36.02227358185978
81.21590099202332 34.90116406801117
35.86324974094208 60.269807640592674
0.9445131931101969 48.10763994757641
54.00920856846994 81.93349705197134
24.888408643078066 21.158259870879814
3.362302443081089 71.5658931305067
45.445511358670274 1.6408080400388214
83.65184105363443 33.14289125222473
57.27676894792755 61.40311561920174
69.82190483430455 6.783483082433028
78.25981671077102 69.82803055789176
42.06554102770267 10.54259435347118
96.3891046567327 16.02687772999808
24.334268435802375 31.545632432891225
14.707799419036316 55.475342826259464
93.38689082094115 49.633188389471464
22.171316420010477 4.881373470914163
88.92945564510443 12.042414025047488
23.311764703963366 76.03823332590142
76.57347403203792 95.9330962031036
11.683326427738717 68.54439376239829
11.073848191092772 39.065322223884394
68.05879786921612 97.92812234511501
81.921937490826 13.995262609771475
70.24961705938983 48.40560006587219
90.34642780414121 68.03263127611868
42.27628865851942 72.57087825962594
75.67287541973472 25.55929137488103
9.40246847693399 75.62220438336438
7.8172851584539345 7.328919489584996
69.54760743755045 9.291832175053615
58.40825363183533 46.06003792219161
26.891873024162514 47.73109894064716
49.19933230052579 52.71288287064979
12.160021582538016 19.008446601740157
70.18796133196331 28.741003078903958
30.63826038798023 61.16969258453775
15.200339851893752 93.9544898138606
59.32417986158705 70.78969203614788
7.41861331687188 80.06409289647992
98.11929113835957 91.64385115449927
15.925444499886254 70.88028668894707
8.931410384076743 43.02552818043743
58.80043187733162 18.548694381662845
65.25327277557341 47.75345830005161
98.41962185550712 89.84412673654705
50.87138720976526 5.94406968630925
60.56883458758776 88.83182444002594
90.06150615261748 89.26250412313782
89.9359717379068 38.79199738649799
16.111365994853678 15.099858777118602
70.73936304465022 84.60391296482132
71.84485602114627 15.431785917038853
29.198787822852367 78.79050203998962
42.596823814932385 12.910540197243158
75.58922201860348 3.1952377482867944
25.424374626657386 30.86687197038391
68.94523722102237 47.88639198056989
74.55405485336284 31.390316206934344
14.589090096733138 57.990154791397785
38.60993159199065 86.00800963155719
73.19225702285786 72.01259047924697
63.49845089944706 67.89419289690662
46.55898227891224 19.142248131528405
30.58153200408379 56.27002090582233
38.585318232876055 78.6306242494815
61.521882800356096 59.267270296309974
79.3169206573657 58.760442159807326
28.39068270476498 33.0826211077084
96.13285140659956 19.226997488099983
46.78026307595822 24.097237096118917
10.065402464177719 20.592615900465063
53.634392243026255 47.607812051552514
44.80766586154188 65.85547710426184
85.87059347657043 6.693277475021175
40.491249126340236 48.77431858937761
15.758950890919554 17.369221397405056
7.880713672642559 61.48337498929447
27.631248267474728 24.987605291309546
30.33841241601869 73.12686060846546
27.088726178273216 91.9019189336074
93.64227788819974 10.907953012001858
65.95324693237761 10.386244209426875
42.54334500945922 3.614490171961071
51.53025973580944 59.46693621064648
94.56611926401928 53.33450065354237
4.141530566831841 37.76563035432383
1.044863163510057 37.24695444127478
47.50187019668167 72.84049530137571
1.9642596189341388 44.52285188496911
43.329691514335956 18.075660997193665
61.4659272823895 8.772997545186566
18.008536906058715 46.87253686458108
55.091993412276196 95.98802142916848
65.54658643908026 24.961525769680236
84.90356947036479 45.75901189414937
69.17279026300814 26.201940521700095
73.98955571324686 54.15488701583367
2.2198669801689275 80.75527788401617
13.30441031923234 53.967126505463355
15.290210191348974 82.39464229910088
46.783977876339144 49.6710588201663
61.52990997996298 91.47801796043886
58.40039610121889 50.28659269608431
61.41645296991758 29.018774394718292
30.727180599732385 49.08806878694637
76.45889859065908 71.17118134969003
37.79242900313056 13.786451029122848
87.83641556254483 94.09938131575991
37.01076507557445 41.8454475745492
22.53273328101414 44.14219829219128
26.560248983144152 97.82221905210757
37.31346705467299 31.707726929567983
95.47452203345972 82.42327684977488
58.041295440019766 97.43280412377399
19.85873248424387 18.36402220915395
51.21037143809992 41.24472945707348
76.30598775420806 36.53394224782921
22.782557273377513 64.85607232200704
2.973323650767057 50.43793648501816
23.378704252263617 41.30889925833107
18.968976331999222 29.48466661612823
12.582488103649103 39.733215471548064
48.96404182658711 77.00021100096855
31.72762630292747 67.8392594328294
76.17182065930504 83.18201000900304
31.884110598303018 78.3836106193188
9.438979218942178 1.292738228086654
25.603837245940586 69.17726172746887
26.78574933544624 64.04186536426108
19.34605357942447 61.9370070425884
27.49213342356476 96.40902735872814
9.822838204416762 90.84868270895159
25.527082469071637 69.13688591089007
40.25360559387355 80.15811909626801
63.96685694931754 38.02893319164543
47.97942711595381 85.54922993907182
44.29188202289072 81.46295318618418
32.7382680297422 62.500245270116196
50.11787709576948 93.98004943204418
76.75431768275371 44.08435697737643
58.769988095398695 52.70657984910181
47.070975988705534 39.679695598280894
98.92458427132219 7.003350441731781
21.318489659226525 65.50347980207827
1.296444766538818 16.966220631438457
83.27044883041619 94.7193139259726
57.516700609883884 60.23358702910314
76.01198349604135 75.5145696267733
90.67533091467969 24.119344347548
14.784246326182515 21.486193538623855
38.58454138472587 56.47148328723659
50.62663207979223 30.47718981835216
35.17127152728574 12.515842452474935
29.733647323237555 23.768073626055
45.844892345321654 50.37920256126933
34.135747958678266 2.393391193061256
68.67976391036227 2.823587361982416
79.31955557820336 88.57059909411434
5.70059839360082 91.86888363339821
86.63494985939091 24.050123207402883
14.189416329853477 55.141063412124005
43.90021520747413 76.20558148195724
31.560260337297443 10.655915504926849
22.42989105174711 3.3799888408088563
77.34164526715794 45.463388052379386
74.74585480229672 69.13469491233882
54.45701904218514 42.46992236025826
73.30685950967172 83.91294910913547
43.172634971494084 59.424570949621966
12.983605808262066 2.997279984919321
81.29562725415866 46.808087459986695
35.863628765504465 90.90167258979433
54.61148265739148 55.491471939689276
83.09846060099314 41.9673421262846
11.919655527422524 23.353835203867092
53.30398064459243 15.752577964107727
6.880853891901673 53.28307817413835
25.435821183519803 44.77880031462279
35.58246421342829 12.520198110291291
40.22644382819649 98.48377143122805
55.68439756571087 63.65853543379002
75.01551564101831 14.449375178964374
42.33425353191104 87.49060023662607
97.79173220255043 86.93415841444829
89.82767083777755 7.166891524204755
71.01224846194668 64.38240585962419
93.8107168508692 41.74474779682903
90.68747845833958 7.065856264037828
76.7583005994771 31.127122320025325
95.90815142547575 61.0405202601916
89.53141724880909 65.84566404711501
12.98625607903775 28.113757074003033
63.97801309932324 72.49726809081588
80.39278159799514 64.37958596161022
