237
64.20897407983776 86.67976637051581
13.552584031828118 73.46361658933665
19.64691355209579 23.679926503967575
74.16194516719267 53.230361224720724
58.172791173258496 34.55047022026396
72.7725774445026 90.88930140499185
92.0089070032778 99.6911661261009
73.71579106392602 0.18625021061713376
37.53513909244054 8.4227041123887
26.05144783428409 66.8296476323652
59.19062722826659 85.85622260865563
61.01178979835606 12.699012727100445
51.57285908444928 64.6191324583657
34.507689425313494 60.80527841299816
3.029104901375701 14.829321445629951
54.25838606240051 67.07363953431773
44.6184083518588 91.54040492056204
29.233823906946476 35.8613696875677
76.83560948603859 90.68663309307456
15.933871678949163 31.275108025237508
78.48872964666069 36.6864988395862
85.64931507195547 59.13119979680354
46.693971172212024 42.358131122211894
7.374539928286938 70.38161422342453
38.868219205104516 11.74836299659402
62.604344321575454 10.303309319675535
58.216761367053884 89.2409491989428
12.032830186395927 41.128872518470025
77.58063150641323 70.76147978775586
71.04932979232336 31.22036513258395
42.24199997240022 75.83389480117462
15.786155542674418 56.205026348611156
40.98460077599528 26.373855759535203
11.48482133450307 90.77766094846208
11.189389658203364 84.3811444344464
43.96651332052258 48.98887806597142
34.00866541294353 19.207407883717554
65.13326780956706 63.563986623146576
25.288647888961368 26.602825554318386
33.04144360824527 73.59324164765229
70.7866149571689 83.9230540900246
41.58527018657077 5.146766974461048
19.829196528340287 92.37295691437811
95.27431185667574 55.8079585189616
38.1129345805814 6.424796998068261
85.30422514877077 21.572956543445176
62.9521042142225 28.754447113551873
57.4709167195325 47.77644535208717
75.19017181997783 89.02989363781259
99.11904719091395 24.087861099923778
76.59836045726163 7.526401393497572
99.98765089626723 8.323688972744703
80.87833261309582 19.128765159679407
98.73597744987521 39.42458294211196
89.46954510762926 29.704745814903653
83.96200500105533 47.71328653281962
17.15725245925843 56.0305709995951
1.1898725871443583 56.11999828898154
23.273902983817596 14.880972587711994
50.458479385989854 24.18334147115071
31.85684761377605 89.0264016467872
26.46143167033994 21.701405570834975
56.563954402116224 67.10491488800398
31.044879947224956 89.49929967628621
18.765617935123025 40.90187090710411
8.335470642643006 15.44200714801761
83.80524943208988 22.446039068582955
88.88605005430514 45.737102456947945
70.44395263236935 44.32035686322278
90.03370556978379 96.9986312371995
80.30211020488869 20.94432291412468
99.65290669704575 2.7723801594215836
99.81330793828074 79.13077543791763
67.35155137996347 38.22958832734552
29.775496565130922 16.620491140798023
91.26409332546193 48.87772955368989
79.25353624257035 22.098018653232053
13.147061291323968 84.14223315915322
40.43232552842605 7.282234777825081
84.11768203557199 53.65573462585367
12.708007885941697 95.60920529339734
90.7082103304406 8.999615842334796
92.62268660105904 92.72316320988561
0.29518300211718307 33.04416673301359
92.68077864246574 32.310843641658124
48.557708152358714 84.98743130586686
96.41852768702688 76.8321587166622
96.96781429588415 60.37284743824923
17.57269050532727 44.4898525415362
44.08464368709232 52.712965012365345
44.048705549584554 97.01096899508886
64.07917966768645 27.447173910115087
85.31249417826892 2.5663265789448664
80.02708367869191 79.48686311979334
18.069816535047533 89.8225520060842
93.37729734896078 7.661729004621554
75.93063939141555 61.04501423828532
55.67011009627208 79.21988366610108
39.19277206123761 69.61404333051867
2.5831055473325426 33.11415655801338
86.58291493075895 69.75219507938893
75.63072501583757 67.06298576628993
81.38685292157982 28.221079102518164
8.838440592573383 68.3435406093606
69.53806633000113 10.979405241216512
29.622183279517976 62.35529484135141
37.32194047082399 73.08273269946038
87.84667150612441 53.91263018760184
53.60082411743896 83.14826477232923
35.56848170515836 47.702299603788155
22.61350996392506 35.041236322862076
42.26219781217513 41.66350343542712
37.11112586720052 2.8559428381405683
21.770218403777452 70.81530675626054
87.48810415308283 82.84373281418536
31.50780346213121 80.28211870967343
51.31005418793766 81.87619010143946
77.04637528184237 67.64009085943259
12.192323944291939 42.6499794947013
7.820110919299916 77.99473369943755
42.57875255875357 15.60712653915235
58.060660311233804 60.08857478796621
56.17384414336593 60.32625319600752
95.04925946048061 41.858743888358966
0.5887927549498628 24.81049908989863
9.4976045406171 49.84038776900259
98.59485530898566 48.658451793270665
86.98509507709191 60.43051195074801
68.85397565002862 28.656795497583897
58.069000841393624 59.39779671060431
56.50217044298156 44.55697793905369
82.05298258347578 21.97234340209239
38.532013792241216 13.592568326442777
91.9233039711914 3.4078784490622294
70.89855115074236 57.61074040744505
8.473467652457089 73.57966116855971
11.17171515998303 84.67129571571881
4.883162961129295 61.37472964055826
24.7908414137454 53.25017069865483
43.266135872973024 5.298590835980033
88.6728178186502 72.97654957905303
70.9048677547687 57.37789398429417
95.48507977166607 5.13432065344086
69.05294299405615 31.36770494221587
46.5603906178554 36.08586044420856
95.45019210221332 12.520851390123255
81.07284838945571 28.123779202561238
42.90258129358043 23.236942894060864
31.385350611000295 6.865604184167773
82.37420588288293 91.05251549842997
29.719110792961235 64.84695749588877
41.87288619041421 36.863102664958866
53.64080799826388 14.018006260540561
40.40398299762222 51.626860905026376
30.965507587750206 67.84121824306695
39.80060025884007 1.3518702343000344
67.85905519739944 43.50290895372506
79.37283259073675 99.5379301456871
9.02343299539421 49.35732140338648
25.62157416460452 8.047644809936516
76.81466590134274 8.772674959442472
69.94083141504464 49.86125888410734
23.95014679856701 60.97441826449869
38.6679847566052 11.622283051713955
33.29061372416066 20.68211440099743
55.26505373023242 68.59795394334922
38.94777718261492 9.993186359959939
46.71074751833705 43.86800316270476
45.546462226651464 61.069018915179605
25.77705967296431 69.10470539856128
38.55158123190975 19.0336629069477
5.958820430949096 93.25893608035342
11.09422482593575 59.39005215282648
89.28386784410658 16.983589773181418
69.3405710094953 79.00582029061026
54.44146463111036 6.262737546894104
72.39388555724408 40.139356512245925
97.19431743917025 88.14257360233714
99.92472013287406 32.33531215788963
47.807033983972715 51.8677508846566
18.596946221095678 26.091252139176426
42.574508586628355 75.60414051501712
33.88379678275757 91.02649205208486
8.259123634541798 6.282668584951123
13.972348454785699 50.590093781311616
78.34085337013079 23.911186682893437
21.07137362144893 86.21440530240676
69.69673523596813 61.74599928245951
8.521557423897598 76.66941560130583
66.40358024857257 47.94871268691263
33.910844327655084 86.31789829894667
3.4042401368044817 0.06840300330602789
12.910910537687226 26.094364107898283
44.71344383390392 3.299664341533659
58.60256014929587 16.08941854553213
43.540064945159116 1.125588045803716
41.423584780420086 67.01629380299644
44.18838802638645 41.44531347656062
66.4076653900045 64.4252388200355
57.81241971219649 70.37739946898452
32.716940865346544 0.8732898403492673
9.804004461150628 64.82657540680108
85.04430317048485 97.99062863269862
76.25061031798337 93.89346962479685
26.73474833318644 27.640305592027158
99.76931315046367 10.291672057083046
62.95880263727985 21.515230672037553
56.85363972146741 91.49032218981957
66.22195533987542 12.802520362360148
24.5582782753755 87.43744267958517
71.83000984624184 91.66378529680908
90.5088139482896 11.158472226476146
63.38248948037246 92.6719074703372
16.0584655627814 58.43670611359957
60.687912538159104 43.8540373340019
45.44908545361397 17.476055450860695
2.469885148362383 70.12710338681315
39.61302244266087 81.09151670255885
51.38625418109308 80.98254606245895
52.098519547750556 70.58076506354529
33.83402233175801 73.10943870708331
75.47043039715578 38.78491359948934
38.12094566150456 92.822607249943
88.39307432519242 82.1331706945315
76.01805458286093 39.363720004036104
4.231292018378541 41.14568464814635
65.99724054673348 22.13534954247207
74.45231708320591 5.564357136874132
87.5026145872183 93.40787559993485
20.801860955565964 62.02830207466788
35.54152827630169 22.08996290780173
61.22836464310909 43.443969816873775
59.49082967720871 73.92863481255841
87.69443262231732 26.649867239746918
62.458407561950246 77.41766831924024
89.30707954800175 37.1439665375345
95.11821920993391 62.517498168451205
