243
84.33916663112217 41.59430899129547
69.3739612352227 80.18166001331205
84.30461432908928 92.84190798289492
83.1934226848631 82.706881299949
98.94996976190512 28.069875996032145
32.919298402433604 40.80629453102996
49.63909784428241 42.1756908674497
41.46079537557872 21.620736972904187
29.173644359028327 23.98934665719309
36.701090871113195 16.72362307776394
28.44026170114551 77.28819289338489
84.56734129166239 97.50655395184852
76.02182380656583 69.92189461152041
13.235530081389014 68.22561881072411
37.47976616796592 22.07950361873856
12.96349844641127 17.395695785456
54.764380565812885 31.17910731825384
66.71306435641257 89.53392700603803
98.92431640913301 48.97618915109724
3.9672236202735855 47.379471862340694
11.58987155271889 1.4087662131847423
62.7424054015286 77.59491880258548
45.42657019904254 74.57649124610339
36.252127893716846 78.57652323635219
27.66658949953871 63.662141289857644
75.93878094987917 64.79504798848328
43.284987571203104 39.98267468586205
50.26820429273443 98.94690115078747
32.2521642801423 81.34468712674237
78.14398071911721 27.236767625906534
94.53137351142801 80.14859842676509
75.61345108656312 67.45767663566642
40.99921411640898 16.683392397545948
24.762533223990392 89.62158588538
46.21406902032711 45.1997226539193
38.26836975320479 45.19404365972019
70.0632341638926 22.818672311789147
72.66434370028449 26.904753049721243
84.2849029647265 83.00248621488666
93.91515061077781 88.61390764044668
63.21537574514877 62.881524357940265
79.11577978986661 11.91132455484205
27.12558851394834 69.27930802302312
35.519181501605814 82.29179859616026
52.85619168116692 23.167182900039563
49.167874138429724 60.908237531616116
5.673734028320176 0.7733683229364852
96.1130187637855 17.886502925651982
67.44546892689107 76.6942942852611
91.65149519491054 57.76312281449293
80.43296011769564 78.4615963894059
87.47372065454876 71.48788596641347
62.734971186020196 87.75228842790254
65.97148041546286 70.48790168003781
64.36843026926165 51.03367500873174
93.97967931485796 63.84624218207674
70.11498838783919 84.06906720284711
0.06319200275063386 5.318084664473755
49.02096538392867 87.95609240690987
6.901722469057092 77.63733174640173
77.59758281792494 54.5151460403082
44.837709818439855 36.198172047568136
18.718578484149372 74.14458659708622
68.2730245055661 81.5455518435229
4.378443683334565 48.97821055619691
96.76159288051906 69.77430994041706
23.775093821077732 10.162481199307628
97.55243167817888 60.51017614254825
78.20966725143988 90.06770212633293
90.51764349740311 32.54303308234131
54.9858279514553 48.38508076684235
71.18122326725928 49.42924769521579
60.890446693497516 76.74874622194163
9.8580394023424 31.840866565526447
50.63663889150237 18.51142458756181
86.05765379542174 25.994642472298413
55.02410182066079 33.68641207025034
93.91061773846643 60.8136317742982
76.00098479564184 84.34514819711839
49.22353524184491 83.23978480213128
86.26726899712745 2.6476648385828305
14.221586171772671 38.36085310984457
94.00561323751276 84.27420722540336
57.407427368306195 48.305484282690124
69.05140230680045 57.1501914859641
38.517521438948464 85.41490501430775
99.02736724944485 38.04221106967307
6.968696255147155 74.64683704415087
17.57930339245136 70.35057797442073
20.11377632704151 17.70760422982338
54.301722144185845 13.401272447437973
79.04881781965672 89.6601328622133
35.40453977576854 48.26246701549336
50.97596808100021 71.74151171936573
56.511029753543205 21.18525042876157
5.320475418494885 27.101850060017483
1.7998975392333638 36.171652644313056
86.27766917991472 40.34771328307832
6.887988622226338 56.709605646102034
65.7208722274342 35.16159321295186
95.41273114022985 79.30884069976442
68.54683723440318 35.94485511377803
97.18891077810184 31.920136742373593
4.906181486801586 55.3724581842727
8.196390757957806 66.73711132862624
17.630987252704443 42.556710752556995
56.76405037686807 0.702359830518029
76.29199373826563 4.827686578451651
40.365342494127866 19.42005716994071
8.449290764366912 76.83588467189955
80.89071807492935 1.3697945774544529
45.90566902074358 52.89652169658383
48.48853310830399 12.176502255672883
38.952496033612746 15.985714291313002
52.20684309348906 19.071803386762088
37.546216733339854 80.54248922410369
53.489566248521214 22.52254684840028
17.456523011157664 67.74661605100867
61.4923890782355 83.28311662134804
95.56303626625906 56.8052251062658
53.112694335115364 28.77222187073214
18.225969524116646 22.984611974642554
95.04921457549963 58.31867550825473
74.11143633493951 15.431324297466908
35.20535100926564 10.59015968046796
20.585236897330738 1.5971151604455724
85.60460199085783 40.382618058284194
54.722976664731746 27.99363359711289
98.75609590097338 91.22197368945594
27.579066041365362 44.72463661815311
25.47749077669397 92.62837425874869
68.3520697982252 26.144035157569824
96.83743068946752 87.3077714362023
1.0653591314277344 63.461690318888365
14.347710979329765 27.002543959994373
5.192445198247187 88.18536169464986
10.062576237510179 1.8360092961323793
66.98528594825278 82.8175043352524
23.419235404570525 73.8075052514072
9.144542861538374 82.28323577362954
61.062265836688965 52.09452170285495
39.33560763180844 0.20627425214013728
68.02229307785421 12.612524825298522
67.58473716186879 37.21579678265552
20.288071633444094 79.8430495922923
54.9605370413631 84.46183429711441
71.72347348302388 32.852587821721634
17.262232261063502 54.55072619829865
49.65110256728078 54.21907728328594
88.01924651700092 91.49561056219441
23.28349485465703 39.47984398447988
75.30584809907114 56.44814896040858
21.479660868900496 14.398239480257402
20.924101356473646 3.740354958624037
58.99839969785721 10.025057441469698
37.77511218078248 75.73239943762854
74.7839331672298 2.3688140323618434
3.2405968713956956 36.515025548030664
93.53517700405584 57.62465532620967
8.467965404756105 32.22816915370233
77.67017177486711 99.3748697169573
67.58317361986222 48.614570762454726
52.32557029553298 46.927530410191075
68.18582925012525 58.34682428440683
12.367481892561628 84.51975137502323
62.86976947555905 30.95543971322936
83.3171682021654 93.16935896496082
38.713972449884594 44.083195948678046
34.59580701184127 51.0116354482424
26.45587414693932 65.6179201019033
13.90605955448667 32.36677401383075
24.77902784540813 53.921372905768294
75.99180098804695 26.750523445087516
75.15647207791915 50.28459078209146
71.76717150085771 86.6653955404211
79.02643384845516 28.64226165157958
19.981811390595393 37.763540201223044
79.24121745937089 95.76504308010819
90.9772261718006 37.79167617921766
49.80478245907912 63.85706191002407
5.010427063997347 74.26636547386364
99.68490218064291 25.849541211344196
18.222354993949775 44.35379961229996
41.99541533596252 84.52808897502611
96.27173345144827 98.353551909565
70.08312171871223 93.68647203824673
77.06887652311165 11.640813099451396
73.22960453941268 48.60911786000251
24.870738326034658 64.70571132772864
25.44031991758474 72.40886542440693
41.248116931297254 22.040556424322254
26.140535254746244 89.92761065581492
37.986378665398234 68.81052476187837
49.05945243507078 17.98049621668917
51.62795282377919 12.867115926772998
91.14602344440618 45.327422030704845
57.217579879276094 41.68908904443881
37.53234405879653 55.10101704347894
17.255363843548434 68.91631155719254
33.50825019567567 48.183865996948384
43.912348577245844 63.17930615694163
96.25652618915008 49.26630203812371
78.97463318233979 27.029092322873836
80.87420809799485 41.367255086490786
54.6090384257183 34.125944745113244
80.25311003679857 51.65240158255654
77.98306859128459 51.06035638855568
15.711443520961188 24.169407817931443
69.57173541439565 69.87137831725715
30.423167281678076 84.33486961401209
61.62707864214456 99.1643276933823
21.568344814345163 57.877363926226465
21.66112752577922 16.094716000309937
87.31130354762723 38.51843434439354
29.335640933689668 0.5346562395143306
87.84402095090587 8.274201749986032
76.37168149687805 88.67461047899509
68.3771561231641 93.27410029319795
42.53221089384988 49.49163442534016
32.32439371636284 37.216305953361584
96.42818811882611 63.12586686604003
87.78253466812748 99.93717845324613
43.87680681563464 3.652544921244727
10.715512802918802 43.50602959212843
7.455760837132718 85.80433184322135
0.27006648081997486 47.3262415402592
62.24469305880339 4.233424627466875
37.47681375161953 97.69837687302018
6.389767636895272 93.00031377530813
75.82251190550943 18.07087843890193
54.16609851427396 76.74655180735967
24.7705701239886 22.481420246275576
79.13333244456541 12.67621767126882
3.6191619166843325 54.39749948409606
80.60975703127151 0.7135646169562415
28.51637182085981 79.44819300439133
66.08729286307916 97.6929036716786
91.63730242198268 74.68840660365338
59.65549443868521 98.57427930647408
63.47558413077212 48.877510401189205
68.56731036319964 69.28536871162895
16.735427882254605 11.5647671594175
27.546332284901077 98.73046667331737
