211
81.1656455014458 70.00428096183427
21.892966115905242 9.268959616525873
58.83257161772249 81.08822895376905
1.8692388806238136 40.550924048993174
31.80891977327869 97.84892100506175
39.36346413735276 46.07831868226518
52.02075325690944 42.743800340002004
43.10006474761801 70.72956922205441
69.03190907407125 57.28637000883401
24.415376127914655 34.91780925629872
31.373277315705618 59.764570977510644
61.2853364792504 58.71851084237926
58.57558369879185 47.82146824853213
99.73840156450451 7.730128002068836
95.16065860297246 85.5110343907608
69.23173045339878 87.86383405960865
47.57057044731452 22.698862950795608
36.68337066697024 56.51049436614232
68.85724363880604 66.26743195298346
57.51941202439048 7.520271219204955
82.08683959755928 20.817906188723878
33.23143435057293 56.369601459240904
26.977761593011852 86.38320763577666
86.51192960152927 71.28081171191472
54.1008339208074 40.55414401422709
45.5880415681472 62.20157961412066
60.263504246255 18.69855627489394
57.08778625969505 57.26932183640378
46.787322357232995 47.74208465541481
62.40138146382337 64.76623101402006
74.51703243924102 94.41191815547573
43.00625823897216 74.78690750307409
28.955624193531282 82.18615635382955
83.9211336499314 16.769527991443223
61.80851258316048 69.06748090373208
18.919413848634537 82.60517185451694
81.08049871668153 1.7999378418644296
65.0310344584361 64.2839966101305
68.87622081895537 14.205952514792164
10.96903546632646 75.55480808337353
26.47971890085937 68.52331481236351
0.10437314027487155 66.22662601080943
60.01720282733965 82.69839565280883
37.645819695052154 49.62568350405638
71.7606331757452 83.76460597120793
10.813046912918479 77.15904827606289
29.481302835677102 63.78504080656223
98.16189285161806 35.118482430064724
23.459704126558844 26.705145677638654
63.76495742303585 65.97171800200418
83.1493291374873 74.15210893983559
5.569741405144835 80.53981200724692
23.39665382710444 86.71214808596388
67.80143739752727 13.953485909432894
61.722525747228474 78.53457021399286
99.60064981590682 34.654265830680266
64.67661198499576 66.7285100007918
64.95828221129847 99.36392400488215
62.81917216457662 38.065620896961185
29.839430994108874 70.13853177298148
33.64548991720818 43.89521801988791
11.421753161322968 14.08575131472446
70.07752278812586 33.46271073255137
30.544471446165012 44.81942146009631
26.223966361291485 87.66208677923134
0.513182227998954 41.92288860567287
25.59432287173118 64.4286521429066
22.81924358645242 15.623197734599225
57.288657937884814 24.407708194171875
24.212468768463957 19.447532357961006
4.686804526964616 98.47656288663237
16.81977063508837 76.42607845291163
41.49871100267376 69.46239730711305
57.53770115915755 84.70090833508658
58.5157365419809 24.621157020821926
22.052689814599667 64.74664283896242
1.859492179843858 0.8320243804876504
63.2667139995941 78.60021823464872
65.06730686585574 70.31230267791125
17.459986799711334 79.76534142515172
67.32561541702664 90.27395612332346
22.227799028191374 70.01384750521021
45.36171783270827 96.96671373998042
65.99983157796599 39.71884900207097
78.46786467223667 73.97466485084841
68.70666680782477 1.1057510593785014
89.78036708718106 99.21291902142205
21.250613082013402 58.79371313597
99.48424640397076 70.59741154248304
20.653516484013924 23.764275628958575
0.9739609595634136 6.237102505010506
6.0098624449479 26.73583642381501
22.808617134417364 35.38974149681269
4.66782523715723 48.02771663707135
23.908661867695958 16.623163526311245
41.670375451083395 19.7442082407038
17.41485118044657 30.312600197400176
76.44105475514384 3.7680527399097996
27.081642746113232 57.08604767937268
30.39901165759762 4.038156122170444
2.9463120095659434 3.669160027246654
12.318589563874372 69.43636566956161
83.04223101269626 11.59273912536638
45.88206311615048 57.26100632221991
21.96533865652962 37.82783540458339
28.046719710728418 51.67279785333988
82.4315558866439 98.58104614333652
70.45925815363043 64.41447201508805
10.648286411573672 65.90959192050691
4.633380045733693 45.35288079636487
47.9739476205692 52.606894435350895
90.5085893962844 70.69600949166663
93.8609253876666 57.946304064990706
16.793177835535 77.30727191835646
64.66921478286945 22.942252047893607
8.362707074986043 3.264180118953419
96.19634682741696 84.769712321592
10.829753482801241 26.347578211008972
12.015484405604349 64.70981058081325
78.88227918068849 11.233708203383285
33.55400332494064 97.83383332328287
92.43335815543101 2.897785091654781
17.264025811556007 1.308843949449845
15.376574150619394 53.207110043087155
20.25971239374229 18.736920992443995
82.8018393592834 87.52510101912965
18.74847282302935 28.012977584584487
80.21684103600832 52.224402976243745
86.95964066064977 47.641997387498236
36.71851288337419 99.54686599021021
44.779429286154816 31.612581895571125
80.8664002294018 86.97833950110952
43.205132268997005 35.866094720245144
45.952425880360515 31.801910525211706
88.30365636116912 10.36360246975676
83.04271828638119 68.90460300656198
47.058771279702825 53.89696573280423
96.39183012786205 48.17035038174977
65.99130839147399 6.811603845185454
55.176130715921246 71.59543304638983
55.70555893073772 89.61718451755209
50.95181996056664 34.48553712910755
42.45300889804729 43.36993534925959
18.187152033603105 75.19896918387721
48.242478085449356 43.408587849515634
63.18871141212582 96.04504722330104
10.05163021186901 94.6726874532578
88.58729906440855 8.358717597066667
13.455406727636287 76.73929617002516
39.590590322937615 49.5671691509944
69.74215049955988 88.096759048955
29.297913911975836 56.12048625727758
33.99333382059999 33.157979168559436
98.28807077646988 67.06120565719537
59.385513298062484 25.96516959193137
25.249371468071967 99.73360452214436
79.49150582700211 81.37179206356724
10.122082891746299 60.13759233732411
45.20411614943116 22.800151887732014
6.0421300300999015 37.34587185641688
38.85504951317321 16.40683833906288
16.830216262552877 91.78345487017626
50.844981163969294 53.55212531720598
89.47788832225362 68.78201235909557
16.001671905782178 88.33226088934684
82.29526438132662 66.94302220403159
66.80426007004147 24.730111097743958
89.08663716221726 37.82848037890335
87.13760001626449 73.58129299897482
15.43922319545582 60.17888859655738
1.5662035036545174 94.45117791270407
93.18429367432111 81.26818987192466
23.532380387774175 98.41080624707858
6.2799642964767255 57.11084771931494
25.51199259759902 59.9994045762269
10.823638553778824 49.787688878310256
64.33081502318204 90.80138700868147
47.953127352798845 67.06625743143822
7.398975903706284 47.03378490317803
12.509745900903068 49.15379894984405
28.65466911414769 90.98783409568108
18.511646534972204 94.444831685951
56.7925774792722 90.53033096023589
2.0953395003201036 46.75798386784623
95.95293080101061 41.56815904948419
5.5335453881266154 9.977607322007376
9.527225251047488 79.5585478396608
89.962336524985 98.25834994880843
85.9207703649081 42.22963389712858
18.659474549073572 35.87981022581034
73.11119314775559 36.593269157618714
55.8748491305912 16.811492920009098
28.118338239706432 35.848557821235005
94.69701730439415 80.77709055599139
8.22593341865564 30.923908831404777
62.01655936285228 6.74724661375421
81.96790047493062 69.14898949929413
15.2715020877917 27.911032098142407
82.64018789963177 5.380641476598392
18.881017044147296 19.07568988237771
84.03497952032312 75.99645719135462
24.702950896920118 12.155437766481347
91.70619199643369 88.15737466883468
36.68253717487967 29.138347297507593
87.42038448102211 98.83367962381038
78.43078315402222 0.14741556876493034
82.5099673693175 53.83988520006997
57.60979128931527 85.56348697618854
40.94381494640275 31.19665401667435
30.783845230983797 69.8386656170424
97.84485355102076 27.322237465973032
