225
51.22410128269497 65.34728878169653
33.91275436473773 27.450140393176138
9.371721248278487 38.914557470257336
77.1832274580468 68.27859954224364
42.581126172902096 39.46543389512106
48.63382278676573 85.20268761313056
68.83267640345022 93.79144779160143
4.989055293386624 63.3998818218686
30.934854922314102 23.177828963190738
77.87386438751362 58.41588791089713
20.36416472586585 90.48408376210791
93.15991325987228 15.27600652249218
15.647096221055467 7.802640010452533
24.482690043569377 62.05212100731842
82.41770461111224 49.202557017390134
91.03032918549566 83.77520452733229
78.9953733735077 27.21212960077465
8.37585671697333 77.34999085567868
85.95060088901745 87.39039883882714
50.43083295481482 11.04206016558813
48.39739363263587 85.06831968190436
19.15091798969143 81.59447918155689
43.81050019603392 86.94514391272315
22.8802879620962 93.14475718220153
24.13021613863997 54.00018471800811
55.699019319541875 2.0667507129850327
73.42863625334721 92.69458613205104
95.28848473440429 12.790365573005102
21.027779138785018 85.14222469980464
86.75749809876787 7.203265282922045
36.71513557176197 95.96765984267994
62.97704041601698 44.60769926761871
47.59406914048153 68.87393131557045
20.163697957445727 13.166979619130071
10.443642476683934 78.6419971756544
29.363159567420293 14.069176090195212
81.17411303166713 68.66718052073718
51.36270110991045 1.7644085884355731
91.16187289711223 51.38646396390205
55.32905201069206 66.81830936093182
82.43592390648007 11.270631120674235
81.94533017682059 6.179290260341819
22.848955012664472 36.96200398919864
82.212953094003 25.035547206561937
70.03028816096688 3.773604315024992
46.21993715509485 17.974961374021923
22.079710293229116 18.372103476129674
19.70005877525878 49.55760661055116
19.452417785080634 0.9877829898662482
78.24159728713023 48.39109756470643
36.740482937627064 84.52093027207472
56.84462459814901 75.19390661672396
9.044604976598048 56.49299334379767
54.05361825517188 19.624231125589674
28.757123618226068 57.49436639844827
91.68122489815875 48.58445453468803
67.23379899021329 70.13986197609262
84.70784186454323 31.69291852600875
4.567037425248833 14.684162847961291
51.80241443723913 22.78134107860106
33.65389085182873 44.44163167048308
14.42438400760654 33.1949468188151
54.228077339170774 20.439647086593205
7.114488127222785 26.57863224361562
69.23338072260772 24.113881741712362
90.67500506336373 95.44770438780465
7.886831747076794 15.774000585730885
16.936364204394362 54.66344856419486
78.78587504536657 12.823289662648618
11.29081560863574 86.09188001571304
59.97197709573856 84.01066132199743
13.41355460848057 68.31892783119648
9.465433754292674 60.87003784060641
80.55377663048881 27.44034783509409
82.59470996634448 83.20887168484535
42.74667929985105 86.02137959451558
25.032967155864092 62.061192672454425
60.864071575072956 99.22721384352103
18.861287344212872 22.565110424351186
41.57075701833527 56.349768452956454
67.80072390435953 51.730142662721704
8.428081861159765 69.51861632367837
81.09580977641697 25.951752662659466
79.74247687438637 11.39199697345713
6.576431424281526 93.9309893316581
61.55334829377628 22.546249003567198
2.950125015793248 68.42149930382556
35.73478354076971 80.91407150125643
11.509483292603173 89.56668363656067
74.20466617325972 17.99114209894509
17.60458908951108 43.3510852924478
63.064667125013415 43.11594228584432
99.21667285198406 60.93999789746803
15.859120795301862 89.445326140662
25.282147834141544 63.43711654752209
11.645317683262357 47.00378509911999
91.62365981202925 80.77387677971005
30.86718159135531 35.06006449772381
76.689297581935 69.86993097639602
2.708242714149578 34.47802507173504
69.05777618899445 26.50101772962846
41.3780970597449 46.63787689189435
57.074877598677844 38.76205614390247
69.57875236170322 58.07414442440994
61.6088044468838 21.758061627073477
22.431191637714164 77.8656271872291
65.51440595298051 22.67696572055071
27.353981992534315 31.475557326645863
92.21425502362014 10.373705833857494
87.1017340318524 6.385653931265178
21.558214180346948 35.77024761428622
58.8212681074569 85.63617298095575
26.59697403928312 80.30550455955104
86.48563890437467 32.013159705121794
98.65033389969182 77.91725711153123
72.60610103960846 41.714226968934064
37.14440661816497 77.66801133268399
7.175648077387353 15.376003502511104
95.50760004741318 81.42951688163252
76.16486267803755 91.53206190923096
27.476944088494715 58.349283863459114
92.78692987082489 85.71326426357834
71.49465984607163 77.95726786047591
31.786229114529608 73.0826022014094
18.14730329511397 15.460391025892195
18.90208772697851 38.366391928637725
35.25424260344864 43.181439795841946
88.27796119168852 84.4311812034689
69.11381865862558 27.47954745776495
17.044316668226568 60.48622568030888
96.08540294113624 94.4773652859529
99.44715103083419 0.1381170572898438
97.22274002607931 46.33400430611084
35.99947190880103 17.163564785524667
89.11001057844325 42.399239454190116
64.30556236607401 2.045697464321916
55.133077322253975 54.5598678500683
79.37997593272362 34.900482009628774
57.36395455447998 29.003742481073978
79.28161483057077 9.76366489329794
19.574038765497548 89.90522746850843
30.071697981289336 4.221255998108386
99.76406693716888 28.52737264473194
92.33854327368834 86.63409677785413
52.64638747362863 62.408578087514265
49.181082202260725 81.88445008088677
46.352885732365024 91.5338851771756
89.5733444190013 3.557506025230761
42.38103473996492 48.18713962651919
24.038224655861782 12.452535645191155
90.7334867573877 11.216418670966178
83.34372994382245 76.16551409399783
5.811859538420771 15.573389413857841
26.178457115206943 40.73786334206654
13.440145695387107 67.95656584434494
68.22416997578308 53.62807502907365
72.92729612673347 70.83061205881307
73.26425138370823 12.121489746294145
7.843247396560226 92.4575091394031
62.88663923112616 61.95066830354256
54.87616653110011 57.58701738774873
7.0892727126131145 65.27665780181941
61.52530331950166 85.39819844668042
36.74656299036744 73.67148832456527
55.865693911381996 95.07458769585932
75.73844204347225 89.42805289915502
31.026233083146536 32.09607396371258
9.264464901313918 27.46916694015402
4.940171240411173 92.20722669187171
67.8829558019912 7.312512308870844
98.19474377399551 1.7423588079314323
6.708604635283388 86.5151126589835
59.661535870804926 34.455037440393845
89.61439803163795 6.205023203334415
45.84246858312048 47.226754872307666
81.87367645341811 80.83167920135416
49.227690472639566 89.2484635291685
16.57010729410242 5.219800120311002
20.49805599432818 97.44708871380027
17.126182964507443 36.63632002155741
54.06226187328539 21.57906859607933
47.373572850314204 12.23366614167979
41.98688553338358 50.56122901553217
32.316527870124375 99.01025587760981
91.35651265474607 42.45692558460551
4.6184084681479165 65.18284101627862
9.73509054948838 3.252724134174878
57.815936686964534 51.13205662495686
64.74272846428288 37.21334283942078
46.30379269043691 59.4441165160983
26.636841346984287 91.0630800327876
3.7529919129199563 85.62548160431385
32.58991045886142 42.867251556060836
56.79739019713258 60.975885795667864
8.368450605840316 75.86685287880431
6.243097992704638 99.59255912796287
45.69838515186707 92.72086519429855
95.06440134045761 87.0458275662923
49.00899648170294 25.60383959652005
26.56564190525269 8.182037165812083
84.25246710027504 0.5698347362746992
39.90244175285459 81.15114385377105
0.14348049072517854 30.07998079734704
69.55138527114497 33.376519542068415
34.6414191515714 84.32193272138095
96.53791965186957 56.05171942941246
98.69927448306122 14.35157022537238
41.64658476896298 67.42862173067795
88.87511995419305 44.79998589170335
5.471731180171413 55.813872014531064
55.195475965785036 62.179796471977475
62.35521635003741 65.33961336390965
44.968514398668965 22.593971488571405
64.39862283694845 12.0288244908625
89.60539999022025 64.20154055138234
61.4403602040834 48.30869558107995
38.9528183239151 25.997018163075737
3.0672220608686684 89.71849982471927
49.966942018407636 5.7355805417502514
9.749657311823512 63.03018325948122
71.47101211605181 34.12080094930386
23.626607644423302 32.93529058491777
37.94687880207038 60.2757046214805
87.79533152879242 21.628947719548385
10.330439586974194 75.83450906858995
