27
65.45579924935481 58.14910768866554
87.23711636156169 27.89737270286302
4.987430665488124 45.34058067979475
65.63999282864971 45.251036942823475
82.42063697311976 19.741779880472865
27.72801341915061 96.32200576189574
40.317999677493845 21.614903114252538
63.27639295276608 81.87457793695513
61.45728565832302 57.852771624888575
88.67899500300622 99.28648148279903
18.056787389380567 50.23059260255028
12.233798496559512 22.76336391875481
65.65226726342061 53.76400615667888
91.40519972349584 71.80449292976108
51.325489746042955 21.954231837980032
99.48371187720547 69.492722851446
24.00693350468034 17.635374934900494
23.88464830817083 70.5597206513258
83.83845938192918 24.257590765172132
86.21062617418654 70.427844717928
31.263471304225064 51.39491214569727
3.9917382576964755 91.96808086657751
67.2416470305748 43.76311299154159
7.885862125808751 48.071266739786466
84.94635048669659 60.11903451130492
23.760086573079718 51.1213810598474
87.88383385620267 91.9866839161657
