229
12.309354604062328 19.64726948567761
29.365183226491176 81.33353242654374
67.41759140836659 73.19846935492004
91.50081633830918 92.97497521815319
62.822645839397225 37.75861523151674
32.68093282800068 95.98981327822102
46.51664866354689 5.379022679407797
37.918484842273934 52.8415627126182
10.65347118974711 42.85717344821215
27.067844197165726 89.55120864333284
65.31229763885811 71.27272749331325
51.300940522832036 52.26124387439468
41.07758772568897 64.70752498065396
52.2710879399533 25.346566676579418
54.64330563718717 98.82029341783924
56.38356339376948 26.245788404094107
65.98753235789162 94.67779295802426
76.61159655450057 28.32922610704598
38.504118747497806 75.85611948070205
93.49338163274254 83.0880540161945
64.21701377441626 14.9293898065324
32.828403038641774 23.419486694880444
87.08606640079243 29.49353579619981
53.669575196079286 29.27185560058404
40.947815353227256 16.17323649790571
78.79390082586396 6.327242992805726
74.66698181704955 70.8050390617779
60.21560583130032 24.89707764815483
2.2013334960311326 70.86714966932462
90.46346032527104 70.58545823108375
74.63451240095803 45.61678801294945
15.791929128337845 73.25412394073747
5.553508258200179 74.94412167969321
9.213891731863944 73.29259886724601
8.0450183560976 75.35820606804916
17.276713692139012 11.666071845637639
74.39278961798867 23.256051065844396
11.475747399463899 86.45859943347556
4.488013145233705 12.011396723254586
66.71729038738545 12.147342329782862
63.13136228469421 0.9848610379781242
55.76510729637164 34.78028951118316
4.857808604189284 15.925326887733249
77.86874068482213 43.6262812176137
91.18490485864179 36.11064465426519
1.0324711255599972 34.417835467499515
16.639653348621664 52.88778521450762
41.014412617830565 28.26038278853926
8.801987989289895 64.38158373336738
61.45426450566923 95.74184039030511
88.5494629171589 46.810622776211176
55.367778170265105 97.5475769872562
33.81684751399045 64.93168859330542
83.17359924856714 28.23681331925334
72.68909486067828 21.744528824339092
26.108955127023982 20.16764435094579
75.6210810085196 76.43243477088947
31.3762764495253 82.4114401754048
65.43199399606704 76.59840651454209
69.28401711587618 32.975781754494726
62.896355627995874 6.874826902516407
70.88868140680384 82.93251815264469
75.81945663938775 27.295660612266058
67.65474275608447 16.53294870230233
30.483057833136883 98.01754141113933
43.748023355233954 38.927325717139446
28.37225448135092 74.93236569307763
12.369068660855753 13.997050788150068
74.07301690341414 9.716636964303216
89.8448941403689 88.20095253212585
91.11408503953147 32.112192917137826
98.03829136353349 45.57268896951345
10.502965515997165 18.405172636030454
70.92763953827803 9.986660541097436
72.50568569354267 20.48469554209037
52.76920544543713 26.13979503030144
46.27789201668324 94.99754056451224
4.934106802375227 39.31370626131818
93.54518262603871 33.83596625934522
85.98343193846843 67.05947294502265
84.45965148942544 51.79138152337458
92.4942310972397 87.0620244099832
93.51508934309732 39.12375270748799
17.38826903822277 72.16572746536437
19.098144837586307 29.563010182016434
98.7684976075837 1.4017160031790876
18.74334496291641 82.33614857667357
55.88353877456428 96.23903018343289
26.961670930646818 24.248024783522716
22.244093195285863 25.48693927050253
92.3957000211775 4.909676821951781
36.825234435648525 6.4371211304465215
75.47411260379168 97.40977072520197
83.99664543581135 90.15498692407037
84.36057322262337 43.4041520690672
0.4123730791804614 28.21109753044816
54.405284892658976 60.03440757047539
64.97937147797927 38.342967107601154
16.220530068186388 98.84825577628872
70.42664912063627 84.34534999725604
69.39570475242006 96.87437656264053
43.03514415237593 44.565474561641224
37.752344379713875 35.77560840293952
25.6923264861035 15.169471906762178
9.671446639849746 67.75437007359851
8.135928682941607 33.022820666209896
32.849996257223545 88.8542720947466
33.38540069077888 32.15627241002669
84.62234923915275 40.71910824845369
20.13354799823517 86.58895827918158
46.44341439257995 34.252500079566225
82.48870065326808 32.97182858591832
12.732165678384554 42.76362712160019
75.7073222094087 38.34160025984408
56.91419616012809 80.7355180121337
11.824177292833104 48.230150609883104
94.816868135512 17.80529892727405
4.6386628335720275 88.96502110335543
85.33682257883137 55.34343952811467
46.50098948534166 38.29328207750952
85.15543615988159 1.0907397292715615
82.80409415282374 32.41513750706415
86.31856279566162 93.99259644952448
19.403507579924106 43.2925534354794
96.27945569150292 75.12254776550544
77.31917373113366 97.04737984754043
90.65068540178262 52.76736419152088
63.40696060170108 63.149930604072765
53.61286293889832 24.12126438786292
39.85696773006987 94.37949720020858
87.30671059451413 9.631752803078086
13.956400048224216 21.779158872921457
98.92636260188877 15.055512052216336
37.70837611869805 86.77957913122624
79.36939381282063 12.153092518619623
11.524581143799285 86.38776616540875
68.5175750831616 82.50428554085397
43.38615829879879 84.97120554232349
64.85167016654842 11.751531709727182
94.59596947630044 40.20401491623266
80.50876385400852 66.88011149798719
61.176528557206375 24.33426457240998
24.337222220444833 68.99654909006716
44.67152789347735 34.21845825466085
7.883397579873607 3.3911304063762526
85.0846374275438 34.261622936092564
52.618039074482056 80.41499884059743
45.12208907457661 87.73811466229938
38.6185291450473 59.366561322524326
2.9275052267613066 30.136536436204754
74.66978095062288 79.73376920563179
66.57667091289807 34.58019785335219
35.52461059278673 17.68439339384793
32.071949707972735 26.51637424426555
86.58725134426909 85.89148271775466
21.133875954920345 74.142085466878
39.39984229543154 1.0960406519789023
36.69458931275178 80.0076111073911
84.38384619308086 0.02031353724588625
49.185438362136736 55.255126808585295
93.72879693727356 57.53274118662019
94.8421566950863 45.85805091571841
30.70615896783757 7.5017604863035325
5.171660276341338 87.01708708591904
98.89273308152814 18.228272276282365
83.8419176949011 82.10872688410088
98.8738588479295 18.769397226312634
22.716124358979684 18.1464145883523
83.27661104588297 50.96131198723505
16.530450866640244 22.73746202354614
70.63180669778717 35.56440526936543
95.22703180524664 66.55868362503406
88.78851537545668 64.62509626434152
20.37099019488927 29.104263125014228
62.62287271881411 0.9641131653548629
18.816327476272278 33.27581000974386
8.031435491601545 15.867141111039473
66.04097624941984 67.71993510569685
25.352984517407595 25.393911447600694
1.5274465873753362 69.6104847039697
12.301587996712204 31.489413533693856
28.93621673786623 78.99578966494923
68.33907864842145 76.58680235127142
75.34613036920483 21.571896012740755
38.594051972083854 51.83815898432269
13.389916756785414 44.696678948703585
62.32205610060614 81.28788283846961
24.72154621877224 44.030882466118626
24.440117954753482 9.697490181211577
72.86326093763962 55.61260650672642
66.94329536315989 10.610702330774801
14.347292260577206 29.7247503368529
49.44230980973946 27.597469624962436
67.66062747849432 30.49408626288228
19.917763542531773 20.63829110211787
82.05147612499164 53.1360703761517
39.395631954081026 39.63038755013662
36.344768860149934 62.68205887259172
59.44771478570821 71.79275685672368
48.176635644301335 55.20625040625895
89.13173430807161 54.02520768943282
67.95641075080688 33.698243596037734
12.084403477431183 92.39138701128326
31.85368432124356 21.377752536503614
61.540740621232004 13.174550622297332
94.37389481286071 1.9502695032580175
51.43471017292469 0.42337977976667496
62.02321082823262 24.157126029970932
41.16997119965959 11.069189711958416
14.280275375271966 64.32107194716237
84.01761935505715 67.8434583101977
52.306744235183736 44.1037327518517
34.63521732747616 21.085911624639408
16.21952428280715 53.85385909400474
87.0394015653658 75.24699694415926
95.36532732931188 11.761912579977418
95.5100566041844 34.89682609636936
35.9692387499889 86.513943446304
76.11523516729581 51.91371647041688
1.5810000266575974 15.671814581017717
32.20659443765237 25.09930180045363
18.278825702670698 60.443766779391225
18.71360631246619 15.372441964225459
68.76531971682181 74.0902899892324
77.91525700364643 10.720962962119351
65.31057596236624 79.05327708718765
67.04914064959881 98.51884723872448
18.468178768337353 80.45464004048675
91.15017915892375 0.09220018205114977
