250
44.76605364062674 82.7646438756083
77.30178255620174 68.94237886075526
55.95357835380123 6.970839815718133
78.77953769312843 93.1337935578307
38.36081796516167 13.85698059436825
19.401128092612087 34.767569471573644
55.27850513487107 69.07705982092955
27.91372387826071 62.95558545086274
86.25536742754218 47.49410974158855
72.78890177757302 11.461279246554557
5.912300515880098 16.675999051713188
65.41728214653314 98.16903031327917
23.518983840391417 56.326396622648076
38.795013125322285 91.07983527578814
60.643389768383095 70.69663593951877
34.2212918415688 78.88995614186408
88.36449085435558 64.73250204563927
34.89207359269497 56.381472242403255
44.598740141047934 73.63516268923759
85.87298044107354 34.57465154193521
59.66272672483949 70.33401739677785
17.897281202723757 37.83893113272012
38.616838682628 18.03720169883275
56.8658900148868 20.28647916168311
0.3889060820614687 81.52776255208383
16.26929889201546 90.7619486567928
66.51728009899591 82.78817717113253
31.22117886851744 53.508971120511404
62.401396064224215 94.27117873055008
19.892613037610964 81.77987852461742
16.536092461413542 50.692632496993696
14.946673100106755 72.54137154182854
93.51002517734922 18.638841617580336
94.21214800994888 11.216076389178998
75.74256111041319 65.59509702981751
61.44673414345713 48.63625095370387
8.165601738625128 28.999742455213507
49.57772048840439 74.78303741665027
5.946730844997539 42.987453234078664
25.95388816125015 18.639676148087826
85.43503681822948 53.99961940223478
19.308120082063475 96.68826962629691
85.24551887753564 43.02665989910247
82.77825075705806 17.259467670702968
97.02524668189596 96.00400214907431
42.994039987856915 9.255606073534627
27.578658865165373 78.60441161205146
0.11483912824832299 88.49224222446345
37.968945984822845 41.541885014861144
7.92220068425038 17.883058034041376
79.4623411345055 44.81275181189223
18.84357678315478 76.41864768798982
97.66504225858708 66.72361431885146
35.820775591730666 96.17025361966634
86.24897775296519 62.11989373034639
1.9345963310638647 12.947087388284395
16.420100628670887 68.23347155165769
36.46984674820715 67.12684269797155
77.74527431646074 73.01434480196207
76.04708569649661 57.697412959928805
65.45365843481534 61.913565476859
97.5237808466078 95.2231480548268
54.53592600954299 95.74537975379639
90.9293574578416 58.39595027336723
90.17492683741114 56.276663655043045
95.45601844547666 84.30822829180336
28.46899920195829 77.33586023088077
56.34982524792317 76.45891036854195
17.77957441054876 14.816290102479234
31.738863467491907 4.090202224671968
79.80034079843387 10.053076948326234
27.73708555209595 85.8247716875109
76.26494087356899 35.39888273526262
1.0517935831232839 43.99571785620612
39.34046317075719 28.009537790696303
23.77959833242024 4.247651475056569
90.0321479184569 31.099507472671817
92.23139862331334 51.009567093729146
12.877358326223042 73.55860655819106
36.88368720199829 43.388273853996054
38.077290462104195 73.47279002037695
59.85788639823066 82.1499436513539
79.60168321012868 18.03555751280794
64.26936409729183 45.769489881100924
80.41297401009072 74.81051748617965
61.591208762635006 86.37428588195571
81.23668523384195 29.890441517544776
93.4916876314457 96.41769840752119
40.96384079587626 84.86260929853619
62.25501228750572 57.21127903279846
19.00342773829796 11.310001046078376
24.55547659736649 59.945657590875946
0.16739300845418636 64.27260769484792
16.979862741815477 9.385443797703473
56.75950162302803 14.89288699530691
8.897751354196304 0.6728252743623431
47.08310780972679 62.66040199980449
58.51754716486596 94.37656229996128
47.37884369456695 16.52923989314823
93.82988736452414 87.39958907767812
37.743001684199584 66.5217560065155
37.260626095224744 68.11414471734031
3.1056887270587974 81.96418955398805
19.919108692914612 24.946436100463675
4.854733491146879 20.100001799151034
29.67582528740602 30.54885337574157
88.79007471400149 94.31181265062851
98.92141932495079 51.35270957747314
98.3873831129276 70.01819633666051
96.53719217900445 79.77915999594623
35.15838267425394 20.660382376703645
28.275257932825447 41.89893556613688
16.699559473835368 84.45358628875107
97.04794149245657 62.05915687729874
22.80354405055469 37.098963922119424
7.081807844373711 11.703535525902108
51.946253886881266 26.543418035391365
36.45982629234522 94.62391407283786
89.11963338560771 13.52935838218502
68.11681377973157 96.06317566200521
65.2103919831687 53.242718151153625
45.043429315786064 84.35254638544085
6.14030980462571 22.365063431571453
70.48221344657857 0.35358518891636104
10.038553046867104 63.97827465246877
20.396327325430352 83.54528077231997
5.10895089818063 31.896764382712995
73.87657550473585 92.14974529980256
32.81730372263778 68.50102270670433
18.556456120931742 64.91270888310609
81.99129679883079 98.36061907390321
65.59175518029775 96.31273107414917
72.69071533417082 11.40188613957801
53.48566956292393 9.693827483258188
52.2314038366668 9.889886892325928
6.851372522354127 73.9465396777911
60.817523799656705 78.77526791332279
64.9687509583859 35.675852597653346
54.798787805664894 53.92023255054035
27.79191317363151 84.03431011414831
21.577989591992587 84.4070046025101
9.172784765542396 65.06554507168852
33.666333047954424 16.35273217031378
7.876703833172383 47.282503356479936
56.660411361981346 38.07887123575539
76.58136800614194 74.29490427654571
74.77445726657267 15.798791399824651
27.824925753151497 33.188685959568396
79.3086598347745 69.94249667056518
23.600052926368775 39.82318511701335
56.1663775875331 95.27976130169127
21.340214024825734 39.88526515383464
61.11554255046945 17.050393813398536
32.2988133651158 52.60366840728261
58.11532230872092 24.264987455593413
97.42936650213167 53.52914598434084
29.349101244053777 2.787921739771071
35.245417675092625 87.60844019287235
15.091521088612192 51.84401955219266
37.84934632702964 8.451405129329181
16.37530310005163 50.336685446737576
53.31799330650702 35.396984591724724
70.58726181615963 87.10576211402295
61.32915425550313 70.73968066783819
42.64417006452028 34.48277163764521
67.51001655490568 29.934245110518486
42.352061474179514 37.55967314089968
36.94843407412334 46.0039302652098
30.895530200592148 24.22114404161231
79.77618387691939 50.25173312554654
50.45596685184618 66.49008020281462
30.874849321949704 79.71654211415844
5.7413739031579425 44.793085967225835
19.604448931420993 56.762861913097176
82.8871108346874 52.97675610308883
36.29890262230583 31.009900363987654
96.29160424414613 72.52046351606886
40.819354761905245 29.741816354879802
50.06267925404483 63.93396320957301
10.11721847369933 17.94720180557863
96.4717276372954 35.59993736611734
41.466943622415485 76.37473235191581
5.62001461204985 68.54838082123248
33.3150980529155 83.04008638873152
46.653203416484814 82.32183882074116
72.60732717649786 65.67078511405025
10.777803584585953 12.49451995570764
64.60300441265157 59.62700087236451
42.423127613464686 50.18962521013134
84.85581774221895 35.11086546765815
38.967761444209756 91.1450286511514
35.49840856640976 47.20407064323678
92.26814288377578 72.26195521214795
63.84861567488285 4.347356909049371
43.90763524304033 70.15521406623033
34.91590230226392 83.12012380801902
16.566706928935993 55.08437287554465
4.9973835556014095 28.695089950053486
55.14829491552591 60.006144810073316
88.38193745410553 66.53299578329562
26.638008574409454 40.14570654817461
65.70093326725443 64.51978336434067
87.31627867987007 25.122838547207326
62.57152800012508 66.86959949271191
48.93626124437227 77.17461848046445
60.81677164208096 28.759249741650994
93.16740235768141 87.92131007428577
22.84139545157563 66.64758277015541
27.919420395038095 22.41007030831166
70.38185747305818 49.04132384569182
85.47662514265937 32.10194140778242
63.777649776525315 70.48793414140033
90.8774825622218 79.42672641011195
45.57942354502206 1.8619488371575899
74.80654458973423 93.55795520227669
95.80512219842758 42.61275884450505
16.17121635703397 40.35205801036881
54.34570442460732 82.16049211231487
49.72381354639208 48.20543103892943
64.20583323992045 14.715689447125547
1.8192317376381717 48.67693885054434
6.745214455082527 0.9284766860255589
68.37927921500825 68.24263251910386
53.61731776903237 49.07817455353577
24.534867530932047 42.76113721889296
18.65172722227786 8.769756352134872
89.17835442962387 14.600323458872722
19.978090181024733 63.42238719877038
10.448065715742006 55.24478962439002
42.17762191800839 94.4236441346957
18.027291295157934 99.586177130327
16.514336151438425 52.97978308311115
75.58152205864441 2.471285975623949
3.2855695168166776 51.48874764934311
20.533920428049125 82.12163630313538
33.56892932901121 6.754235209621562
48.77440279024179 89.21958002643613
98.48846791316787 81.93504870879725
15.814191833547497 76.66927646749497
65.63327823161968 19.027757701198
90.82523609122808 37.71727084959057
31.684771271968394 36.223790853624436
89.40611542010826 90.67078563441227
79.02563201601798 60.82555519544602
51.967462610646194 62.37309248025602
64.3571366627492 15.603989721385968
26.850243124116957 97.49850908978824
34.39621619422901 10.221085696090238
28.535592412392386 28.198491171578276
41.19428407377643 3.158463266824685
