233
52.70833999871872 6.471540913194951
88.59079746795608 26.643842514720184
91.17654118950897 69.82902149271818
72.78860520295996 29.80823096016921
72.62236755858447 34.701465485792006
41.2095585452194 7.9593320127430705
19.117662777916255 48.09396097547967
43.89089716076053 7.554946820356944
54.18865597702685 85.81346537911259
17.846612283144438 92.31954435610152
79.4942921683798 93.84114464627712
9.24301579780018 84.6632363977114
88.58836391562593 24.80600573950551
20.82546788188643 11.116089461335243
51.079717458788984 68.34101131719336
68.2746972383017 71.50803013087275
44.71338316078665 22.393321037788382
77.12487605860979 6.11445744214355
76.85326594211315 43.962597852301485
67.08991974331414 81.3569982697626
48.1615597176564 65.32439653692568
89.03946622311459 81.85979691669321
99.29846202886667 86.82638082292068
2.0810880804647436 79.12198551538886
46.84687758288888 50.35853875634988
80.06848606639475 99.19450723631181
56.318516161017676 90.99284425555172
2.188454567814291 64.56068098775879
10.543663057410434 17.093307253790158
27.143907429571346 55.7558512380954
86.1084560921544 28.824451432584652
29.294424003273978 41.82369159622827
14.25692133193227 26.645392702310367
8.97894481819902 11.109914751948768
38.502483165675905 48.79640941547995
60.70509976933116 25.89751647206191
14.069658916746718 8.102613119907854
76.11907454466252 31.640796829481268
29.694167508510816 12.420935830335466
37.498853230661524 52.24270637936815
49.60106648983276 56.99190192718903
62.609243976766706 99.63485863169382
26.80753588653354 10.43473833360008
84.22395361638448 66.33608886425233
28.028545014391547 82.35389024224361
44.693155939682605 32.81729802687911
3.727529230170268 32.46331858343451
61.466461806526716 4.164876590581645
87.44835145399693 19.745012360577196
71.08996406903637 44.30811465083077
94.53334089483313 38.68132737587076
66.69470882836838 87.67867818030417
99.02887650708337 94.52832027156978
23.17502727406513 42.36820477967866
7.814335162260743 34.41617880077394
87.87046986099311 43.11327049841085
82.88001394126573 99.14608911937776
80.46086840654336 98.1258155747678
5.0115330818544805 83.84370054396052
10.316341537007123 74.30037509601381
29.169814282160466 10.568535814741974
49.60625502259026 61.41886094858388
97.56806433132775 42.640836244020875
52.64492716332586 1.846989229265339
5.510871958673668 47.95209558518236
79.15747421848224 13.327710682418425
43.94092559991222 75.48049120035871
13.290595697592856 6.597936209597832
3.561130208672414 27.790774003830677
25.903504374230046 57.554858067713624
90.44770420354222 8.158671180225163
29.55214507943966 42.61730633102925
14.21343865738095 46.837871769867434
64.48815050389628 95.59044650445078
16.097698188012444 55.470525616910614
33.3260380897651 50.92306971384478
78.62891979473177 9.496961476114063
7.061714715961099 59.8349929743102
83.13348685758312 88.87769598421517
29.777113825083866 0.9705380973883404
49.007559007549915 56.24270924494624
27.287426244052206 62.83808878350213
53.11352111112166 38.183443057865816
21.71799988257269 40.32266065242634
93.80809601545461 36.503235195592445
19.651144909037477 57.22296989498719
73.35547724096446 18.75113681855526
41.40363041229885 32.33585896434226
49.93493687766764 11.249152181554201
9.79999419032691 19.46039907730206
77.27044052408243 51.563541763415074
57.82796077648915 32.62073602905266
51.729844338792866 67.44519772935863
94.05679713740427 40.2036882317512
33.66015728313868 48.90950909957124
91.18566539559467 11.090099612963133
45.38150594757207 53.44038702056599
42.56368452327992 57.69082410625076
14.762097792568607 81.31920655376676
8.296187947018485 21.10426841876135
64.21206587282828 59.6857873132409
95.16760682000995 65.30572905015433
29.92131451380583 91.26379056137132
20.777714469011922 51.128313987217275
83.18476075008188 74.44831581689957
60.90716661256577 64.22292411947753
21.597111706387683 92.58077731477046
68.98821322128664 24.114761308120546
19.57209295752208 30.86197261620868
91.1367974981075 83.22577456277818
53.52724032908242 23.382788419704546
70.05335988768957 82.23311540754337
44.90982912404914 65.92098187592174
30.43778568819986 61.85876049616316
75.24806782714818 16.73763331216679
83.68128535767309 21.61788559871728
51.93544922861242 61.59406965056377
84.27244310147081 23.474380908812087
82.2093626806256 46.5105888116312
90.28077194502868 91.36061671426948
19.686518246069262 48.77996690649727
23.357159485643663 97.18101878464488
30.14304174889618 92.66738937714564
85.76951171839852 95.96487037940341
82.30044028938653 71.72015654993137
35.91409504174269 88.12908221484899
41.832905707911586 29.4494482250637
74.04484394263329 15.706447727558203
67.22491598322654 67.11350404678544
94.05596121734135 64.50684077803345
95.38003754811093 90.57467851061115
26.6294084667027 14.739234208669217
86.48660407573512 67.12676450529788
60.18010786279282 67.31074974613993
71.37249206862258 1.112583369696163
13.979265932118112 90.54289652911419
65.94684817585882 93.1204474198897
26.421248487348237 2.270899245286351
79.67855673244391 91.90471325684125
97.59178208839312 28.554967000332788
99.40325068138138 40.84771348463775
76.5391533417809 28.996367973751436
33.31423574152819 89.48125950836308
70.20717228158905 12.482180685453926
80.33065196539563 81.7220515804469
55.023648800577455 33.269213758062634
95.12802137835317 73.96627388085122
6.415398739839773 76.69909500032664
64.01442507343346 66.52507296249539
93.03841159035368 0.5562617812541415
17.088693885118712 52.91092741953213
75.20934810498055 98.67940524844917
82.41430927021135 22.60656929005409
64.15539778769806 62.85204806152741
21.715747758745575 36.85334075013292
33.376699140695465 6.7344264201887665
53.67894006931975 25.122737248729365
94.7103225251107 86.17651937103341
3.3734655168362826 97.71779376404969
44.92658912141613 80.10847233427225
55.244766281283844 84.60107489217629
70.69195807748737 86.67409549392626
38.32040943183361 19.433240485079462
1.2637161248608364 48.3344462287029
95.71580367233528 50.95717758248702
87.31521428885611 45.341986326805085
58.282167930403126 25.947942824095684
46.22745569274189 13.930060352892749
2.6319822335745036 59.789478641140825
19.00557810141674 26.664490299668454
94.8001961106919 6.170743453676797
73.54321318531153 36.89236576769809
95.53344043576134 59.229557428317314
38.545770096015715 22.664149542446786
66.94310227573384 60.051252564205704
45.25745592022194 88.63798381980705
23.847443196919514 83.93679416150283
93.9370617377293 58.3779441948123
51.92060668757868 71.63040622216283
4.1224856075716465 86.11824850240463
31.3422876164412 82.49932704857365
75.7997235882618 81.03775727094805
80.0879396953846 96.13597152827464
9.8461352801945 53.53553856763958
97.72620478443979 87.29163020565497
97.45261805677944 40.5974949298834
66.75462049762257 50.26550541692145
52.19605886535884 47.03436508017413
5.499259628296905 91.29792493435444
6.315012087326332 22.331535621921795
42.27171126746745 0.29374958741312795
84.99901750839133 11.583748097414615
66.37080096175286 0.04614864283404296
1.6617936346809747 31.373433752082114
0.9424075727710979 98.41780275466311
8.037974750214993 16.928903647045633
72.08367487092073 73.12085345310089
91.7323602538853 12.028199617708225
96.02199865710888 11.616940324234559
71.07540144085522 81.3094404480297
23.306993875916838 11.976992223720274
47.366238236573075 96.59016905891812
56.537922687330585 63.02462547175105
39.16669262225811 35.73934532204351
23.87520045124435 69.97373016594085
87.93351415889954 3.364779595573286
13.911195731507242 6.532475512472091
75.57645835364022 18.215506557586025
32.808157155993264 73.27154403642669
25.206409957642627 81.62716868492056
23.84773063426153 50.80369906043932
5.745499698455103 94.28848735064165
7.962650763914192 9.860792564294352
13.591184917623755 47.56217272990176
24.37548397628275 10.719014504540903
60.882477234659696 16.058414525247468
63.04256773783957 36.332433778163
99.41733110821417 99.03693928127619
17.245422417807976 66.46433935186722
82.07021213812735 44.38836096669906
76.78924069960472 38.38854820889803
7.397297789423174 64.01516703910558
68.16013218119325 66.11450978654716
67.91889603057348 93.40458886089993
28.55004250135448 75.56237002159043
29.990074610351382 54.934640636520925
22.894819688116907 46.39505332316665
55.50780822672097 27.396139251698347
58.019259642508224 1.8071098768109195
87.69300001224177 65.26634979867089
24.391182847722515 47.02175384190219
85.958919940002 85.24774370338741
65.96833864191872 22.80786327427077
