230
20.518499607593142 82.4741913348893
52.56170651028415 54.46913394162271
67.53420045854548 25.855816265230825
91.83137608069417 97.0554899759653
44.12881817607025 19.723621207951393
61.554714205152386 46.04174998015667
11.592443051983158 76.74933113443497
62.168261965987185 30.82249292040028
82.06756745582587 37.59939486759533
85.27635696948195 29.03573230448072
78.80636150229947 81.50078031992156
60.657353072095454 28.13654673895124
74.08376806000379 20.484341883980694
68.93956469883655 94.64492817739996
66.31509098725003 72.66332156970614
13.843236493475153 89.41074134112934
12.08304254599809 88.70332071253318
24.453159193653406 80.48878959277683
85.03537101425795 99.58875055574423
72.1866490705461 53.188678664605895
39.524525132948426 96.62036715720166
82.11102270269562 42.28842071478739
54.24993107778062 10.109911234917512
71.22850906702446 54.50834766391958
89.10829970058293 90.74203391749582
77.42514768228617 7.804539836556923
51.969080275835175 34.56658368603265
13.786181610046032 4.360185586523824
34.59333477690593 61.34860121648698
25.663926731989896 26.621260346816
90.37244629248677 68.51080976099422
54.2999448616025 99.28261901301485
84.46629700097074 35.72817958067782
3.846965308496586 95.88863464298929
60.12773243254286 58.98733824507796
53.93916579638971 81.31962213384868
70.82068389741761 15.294375668578564
39.36114795316604 60.96111970918351
86.96452233177013 37.714737303219856
29.00788542682018 30.06489181073462
86.9422059968603 43.871494558614145
60.83386671707053 7.88033526381925
50.71939795900621 77.37248482650105
62.594868375150305 8.797532456727664
63.961079028804036 56.88405040581905
94.79485631998487 54.54316180583112
99.63248832503764 22.334002287200462
54.640627674549535 14.305913401338778
79.64464493069755 22.648177495931755
72.28644254761299 98.71319003334743
11.454189657051739 69.75573026850599
31.910095870320955 60.06046173509686
3.099070531625636 47.10721382745262
50.485713462945995 76.09786222186008
96.05033193738942 38.186240858341606
58.16841198000821 72.13029390536089
7.9074347597361765 20.469361298323662
66.61860417024394 31.637711450386096
49.46801465796285 2.826647496762358
64.8911829785956 23.75130703475763
82.5002904411612 24.155574532852974
26.475999056355736 92.53985270636473
29.77726160181665 93.12911820792267
4.974396884942378 89.29736576950984
25.031803353290417 45.67177848961252
31.422023497171402 87.85728636037851
94.10983317821372 56.903669807926875
82.11325821123519 89.40838166068414
25.610696524778408 34.4241943102338
56.594244860335806 18.965236106132334
81.3914495769201 7.917851419586485
51.23698639974648 28.343926780671403
89.49295521437769 23.930224357662766
94.72722325910355 27.25586508435194
30.01454179551818 44.747665835601424
47.526528345589625 22.78208410647671
69.78872337279581 27.79470550492078
74.71865250010545 18.776339680199673
22.248638550192602 91.9695762329816
62.45234001185046 12.462289233428592
95.17086845720723 28.743404157244466
82.48631872662855 77.62813101740144
21.46361334532443 27.385002140468963
94.62214994171309 29.130015457765424
78.9474879888834 19.140350507632377
45.574654973052596 80.86326259096818
6.277058512266443 10.247615259104126
14.69982888382566 24.309930769876775
73.484098577735 34.00826854006572
19.383698561113416 31.547597712526564
51.651032943256766 5.412748099361487
25.541701282858497 47.80790943599664
1.7014373054955012 4.3261724242869555
4.792588581368462 58.07292829476446
10.83105622198427 61.99176328888972
1.8656598529090962 62.39005369675058
88.93725997346215 1.9954845630577256
79.27293220327068 45.243863838459575
10.925376838891921 20.878859200568122
85.79460425513048 47.9934029751119
22.242644483380715 2.9142053582744465
44.73797860387293 3.711150616064085
12.13381711991256 51.136648563336074
6.22144989531076 49.585391759471605
54.94738288541557 74.08139721152635
39.08184540340294 1.353468131885005
79.77654334604141 66.67591193990677
42.94848637741229 65.15784382386542
10.552606846004252 58.88810723476771
87.68976761044624 98.83088017852097
39.26944693530577 48.343026980827275
12.230959155100729 73.71400531665856
49.267760970389006 91.31580457001756
97.9801242740318 79.71025331182655
59.77780997914276 79.34364975175234
82.26924172676937 91.62353315395175
21.26049034342552 4.783091657097572
41.50088762202603 31.3153697102878
27.19043157202522 79.12592861363854
23.230353592989584 62.45486845467399
97.77110487157373 2.7250505562341765
91.90954663357601 14.17135644152937
8.415647270804282 77.16303330995066
32.0499450940067 36.074681592704096
67.62458938468596 63.06464764646369
5.956583952090567 34.168478194589994
52.44454007966834 65.91774435580598
44.68059612048213 39.919034784820525
64.92308171167836 92.18612539613686
52.99357589613788 71.30474109618278
2.292658852392704 39.16397547327838
51.523118060549045 9.906909883439596
51.89018128470426 74.5538079879075
42.263230144391514 58.93611506520598
41.38686002497416 93.31406971724986
80.39839548919072 48.83295033778131
94.80140219446001 77.56156357036366
77.89728113146197 56.68790936832434
3.6053607781056707 38.066850232582674
72.56743802186935 65.65326132967373
94.00128450395671 37.21965715537531
51.31110077056056 11.957851613898384
33.10282282373542 71.35017825283624
77.07130756763928 95.76163076971233
70.54338610299807 56.12464407962213
14.185149660593376 64.2560404263996
89.09250464686667 40.30414294528322
59.9460290589252 43.96366384573869
93.07810061034083 94.88200617061521
39.2043009996789 19.24806302415686
17.877698706973565 83.58429261027209
87.2075859245646 69.99423041296397
63.13075201380389 52.11046100917177
8.56717323690125 18.79695791717939
75.86456564654289 90.09215310743296
39.87944704870142 77.25859919907305
89.53192685562918 0.31334213026219526
59.119493453253256 55.76965308087802
77.91849610173786 66.90782324615567
73.22809130587822 32.84631159700496
38.149530288678775 86.26017098109352
37.03372226825804 91.5110111877304
34.82578166151862 55.084058477371855
95.09177396408596 9.680343356672171
46.662953867214895 17.80793695248516
45.77301884522896 3.7641912068057004
21.707921509360595 75.15798819809028
94.63406336984976 80.47598109004191
89.89710759110724 73.5549686356617
35.959335863060225 24.810177405439482
71.99589409392173 1.358618313539317
92.168792944613 63.48280902365018
0.8089808796237219 52.351152005387135
47.42054708434185 53.95936195485547
1.9075966522893562 80.20255952191405
47.88862130604286 80.26259006871706
6.806340400578148 40.74843941065037
52.171530778208385 55.19365661997785
9.287620115868844 82.22550781421434
30.901873646615908 15.166549239662553
23.391765073993408 61.07618933651449
85.74619971545484 45.62194371110565
37.84041676664502 48.558242868339555
44.3731377582054 82.56924586578819
50.22926293018873 70.55582220046206
87.13140420662492 42.83077148795944
23.664682272287152 9.856215447414884
93.99333810881379 92.52099946753893
91.53481530530013 61.42837974784149
23.20874828017969 18.90034123489911
79.67300706580156 65.21763651100683
5.936760199977309 80.46929110177408
0.4020625454365545 25.165073647967983
91.80645564969669 68.34605665421103
91.05440512601457 48.167885167479305
4.724510308495667 90.51588475796004
17.569700323778946 99.08914693470511
89.08036932964475 85.68579206209411
49.94628464244727 87.54140395507972
64.95774400242179 19.186877875048257
58.183467743477 23.382405765525426
84.00706871926414 11.48800168599502
64.35430489721156 58.73105491358386
7.242165258429489 49.9255311489747
63.77734202025044 18.439368462924065
42.75862076268261 77.98764395729265
15.511238558252616 46.2508736259301
19.1453174356613 36.90224516434195
58.914222838677034 48.75422655041949
90.34316754800375 99.58485781472369
42.848527935814175 77.44399320234253
89.86616136213603 84.03097936333796
44.199537188078445 30.475496870641873
81.46066153692317 0.19524749462555002
77.68590688166626 20.249800500866545
49.83598865971977 99.52331792809477
30.26576929383028 42.60024842909148
75.53864964684519 38.60057974354789
27.232146333019415 58.67645523235729
76.15686615206579 32.272807354303644
44.456375821208184 69.33409582868146
23.57052705713515 81.46543820112791
31.82537823388777 40.47729622906731
74.36084852942969 20.963967721720035
69.00150031437876 68.345864769994
56.623177565453275 21.916881603423256
62.88281519489176 40.48420516243333
43.087930398454866 60.27752722785675
60.83304971630709 94.70462083994586
3.0242561127257317 82.30317787941655
