222
12.560160288907962 99.08814955141649
34.527562930067376 81.2932660404563
31.62106339070556 44.69211429138563
13.165200855802572 56.18103200976806
89.28079784498114 0.263859511719966
22.55403985833985 76.8877496273882
97.49918218009158 62.186912893622434
41.1708876148412 96.34928930570364
63.65085388136951 84.03897460538072
36.57184473620575 24.401954870158683
67.03299170501683 11.458370703436627
59.16750944821519 57.81247908288775
15.632021431219867 18.97003920961233
33.40869358249212 49.48398439869425
64.0575039655161 81.90449901127504
51.06512058885132 37.111348474345384
63.272028579963624 25.327278498453467
50.95693236623365 98.23682686689253
25.39029830629169 64.33671139596275
61.675167702642675 83.65041986179388
87.59325347148503 48.54851000350029
73.43225667389352 74.55981436021102
53.654471384745314 75.42334699317371
44.94892228684 49.14657864831609
24.57146975926029 2.988824275220414
59.04403603234224 38.07540086131739
14.538309927499204 63.76740731491858
22.338179906334133 97.32932835746784
54.14473538601078 59.066431497823636
23.445448841338457 51.07197063842229
86.06640372707169 92.15039056564922
54.647490834404834 77.06812322928754
48.826672011037864 17.135994996657388
17.390077373604782 85.74135544849852
67.41134381597082 91.91470200297265
46.36240145899727 28.080720601994123
69.83984649422393 77.56366043062332
38.558884609767716 23.51370486224853
86.63883277262757 76.54959183357276
23.234659841925374 59.77630964021794
63.66987216844192 64.77979904289077
52.323034166536196 47.849808876492226
69.5266380552243 53.76485642243117
8.715236764025136 90.20851240500629
93.13578226485416 66.69461787567077
59.17946555263971 23.196466222993685
94.71960000047835 28.949746863251313
7.984815201151041 77.59184893005083
58.49383723172424 26.332924653605406
22.907755800047227 48.17749003682683
0.39602240957612445 31.174149416923736
38.22715490529559 9.923224281803611
15.945492895222745 46.22050947979154
38.02117340768483 74.52426698474403
51.290364447679124 76.29409645851304
24.953026159768466 15.851563553288262
91.46577308014682 61.569816609537185
69.20891892413098 83.6307218373314
93.76608732866306 81.48273121122232
14.643909818700818 30.957569009121066
84.27088566467178 52.29057071723005
93.19393158354113 84.6204722855787
28.25496244392095 51.14124313444391
87.20907186895651 42.62338616279592
62.96143729230225 73.92944576154186
78.48354889127555 21.007627990299895
9.571690440876468 22.281348781549536
82.80648447364146 65.9386800428957
87.89717044650315 73.8653738170433
36.91131794476495 52.87682303326523
17.5163378549994 4.101463237045588
61.46244868281995 59.49743166968062
50.326164581054876 61.99821404487499
91.14340897107957 40.91075745842351
94.47562183714709 39.09874680219802
53.945089458774135 33.97840728817896
10.19416398464179 91.80874231001667
17.19056339200137 74.87363571755658
15.447382293424406 48.222038344329675
95.1152097846306 81.86872871308678
64.29049595604255 31.892108766849226
33.686150171433724 81.90472741307418
46.567069662383695 69.94897062670135
9.288882611953664 89.41268942422383
54.1938695828759 99.9621482860644
82.1279511763774 64.83108982987508
51.791962485324504 40.58206203167843
40.446798632534154 31.910085801815
95.03045493793726 83.47754803514992
89.5591436670683 27.722994556167556
72.66491405435215 32.31500900677587
87.24924908820007 57.28009312796293
51.86741246661158 72.8286093736772
69.20214276626949 16.37332001919637
7.201307565278848 54.978331417789704
46.846025449370764 21.800600846428686
5.549528499093171 60.35477887820707
34.089282145857005 56.81106123779277
60.736697490665115 80.06834949700328
78.06768923021015 37.624458672100005
38.7659805826177 55.886082367269175
4.109944128038611 37.68905338508877
78.50157545505479 9.202912670774111
83.9516631828008 29.41036612719016
28.189659201877483 93.24779162122847
75.9213683522556 48.33152745115426
22.451447066651376 3.9189856041413673
52.56247256618249 45.34206591326092
97.21771632758438 5.509367359088202
31.58342220383499 39.27996503689468
21.04829646876074 6.206299891729216
38.05583995058866 5.520866745978381
99.43325833227496 70.76267512542675
72.14602753916604 0.3128353002537443
77.86047281242641 81.80897429929091
20.42205242036387 35.008802640472744
87.05737248943447 30.47763239277337
77.6687462039599 0.0692999978820219
63.47530729885725 47.914597030969944
42.132186452894615 62.46255663513504
54.7560656331763 72.46322082442053
81.8034087326448 45.67793955036864
64.02616708052064 91.51604108775054
65.7614800764463 17.827882872452307
88.44679360683352 93.39783869896749
90.05325255814694 13.295980214879865
70.01171420265493 2.116154231127787
34.95629350671919 68.52252287201328
16.48015260044945 76.90753362600023
74.8945786157006 53.63934219210367
34.190409630630505 33.45063078449243
36.333003235052665 51.65316304882045
34.18315219170355 56.70722890107926
43.984482049269225 83.92618849174414
45.83233730603664 30.427733385365705
50.31470017269958 35.431589211685434
18.92519584021016 94.76136963058588
65.77570839511445 49.61638628216812
57.743354994510845 40.5090323261877
87.73056884381236 46.86593373965676
16.12199056135709 41.165306692704185
39.44229794894428 70.04906787810876
62.159674749314235 98.26028262432649
50.80476726918174 98.80179606638318
35.4269601556574 68.9327072973186
41.904837267601124 25.429477937145005
60.30768856410157 98.83731826027639
34.638047376532874 93.70671575248625
30.519414659883147 71.45878175640195
23.79115141904822 59.04343001314174
60.60260235612528 52.449679598521605
94.4657024489666 19.04358446137213
75.39219092570416 76.78602580625123
34.00717297363126 82.84833611464796
25.220712078016227 39.454283712591554
9.260072621208037 83.28010370198973
19.02660242395734 13.982284817221846
58.507491536765734 32.77590719947997
52.441371176310916 65.41629902941548
55.85842224667951 54.475725805852136
35.464209409738345 60.38551005989036
52.92646529022319 84.10781953645366
37.773701367717706 23.132298579959198
10.715244263477253 52.58334033722121
88.92035041507236 57.626898659104086
77.62406161175369 31.175523914040216
90.88890792148926 31.47030621053678
66.9222059988482 48.96994285822126
0.305366939496432 97.21917275191223
57.6428741525466 86.02412294189332
68.74811230190664 61.020411974041544
17.42583230009095 32.383130836162636
66.61527998113108 30.83913676003528
11.907545850374957 91.27099401329754
89.02570891009118 31.002860897694383
25.352839686743444 6.3712326658026175
39.632600320177666 3.4312277096509414
41.74392191833185 74.87718057547868
37.45308167371354 66.19153062791113
66.89728436003246 98.65128226662674
44.02035806716358 71.19219766175293
21.26906064945029 67.1619739320789
42.331345799806805 93.42234509717727
51.185777805884456 73.07702614950526
44.478337574429716 95.23571101757453
10.091967129377178 64.8262195471976
25.139928935673705 58.355880190655455
49.879735418543504 81.1640103023925
70.24153156686747 48.72866323211592
47.23080708491829 23.809895377219448
33.58050113682168 37.589476806124324
59.753519119995666 96.08131505647832
34.67091183457527 84.98994715307202
49.74621288030243 31.868360013977494
13.804938763447282 19.050816541145487
81.35095238559823 55.53901441762735
59.34388894958897 42.995330094392415
72.3894044727465 63.96131344416215
72.237032751171 76.19142585178274
25.699931775714692 9.227614052494658
84.80759362622648 91.45236389726057
61.39192748872794 89.18593490144366
73.3832992627689 69.70560628479234
0.42255139429969724 56.937123568354544
20.63464450402529 89.92295833257893
25.214390789787167 58.17433166807315
80.12123627624082 82.51929638851178
42.10105136818114 39.604323398865496
50.103881975204715 31.990995904426313
89.3613832968122 23.442356657145126
29.70253871408487 7.294672278815861
27.104215348238792 12.932517903620589
79.20680120558573 1.2442648538620316
13.13755761761911 25.030270582302126
37.38480746736634 63.26785692461675
9.657981442155117 70.50156002692233
49.3403410077512 9.919298783986019
96.30798121112375 62.69207989280101
17.94606065696911 35.37396393498662
86.72510862306602 49.72677521782014
84.32644461650747 64.5576401898586
45.1442408079125 63.28174716691501
