232
67.06170221509171 66.40748744458594
11.714397939704424 21.294678749765982
96.23437397125001 69.68221086982368
27.412004063434836 67.28745838356947
19.16991240030138 96.01529282621807
81.25677644973067 72.72316181797191
30.4502398418347 20.497608478271424
16.69127069762967 37.798871398509526
55.67756300637027 11.397844875090113
18.759707781435118 87.88665036999133
60.49350208640314 65.7581714582814
75.49742871108414 70.91906377146206
28.38834339246298 91.44857474102218
77.50479251840542 23.664889140270486
5.431359054124563 32.99976540769981
78.52131597236976 44.75298441160408
68.7951710269577 20.52689788985572
72.47326596002057 19.21329016653923
77.48840149787281 83.15815093057469
54.32122657364101 39.01896848777381
76.93782891449675 82.53786348814755
75.50413530925134 57.90260165242924
97.9388204959043 88.94085754748936
53.38034557290668 34.28032614229054
76.2642607466084 90.53524138203926
69.7476038239354 42.50531284916998
2.6845255731300366 38.267835470261026
76.1147876842202 72.24207000198018
67.94312565037932 56.40030303489208
43.35396699598544 58.95151559063685
14.889647959238827 56.82254460995837
73.96324167235983 5.116671877275802
8.011731354377638 24.06681214032217
5.055715467414668 18.492888896325212
5.190889011273548 67.20628195087845
60.958006399889875 80.45018014322363
35.37428583994585 73.08056773970942
98.18721639304003 76.94637273580017
22.250958347238903 20.633969078531443
15.097994607395393 21.02785195435912
78.64557620299263 10.675504906758682
61.68600810133571 35.7175665742168
49.7471458826759 85.10284494139847
21.960595801354454 5.7075936576089115
20.313697758116422 5.801937681253266
41.1331170714249 31.714833242922815
19.380841956397376 42.63373753723041
59.59668988951531 64.51526091769057
78.1937826681835 10.24720715000077
2.858464194215593 59.352160187016935
18.916741774614998 34.75189233514253
86.32841178875596 96.25843162532475
55.64668456837973 72.68341625552269
19.430168978530304 37.57592724760034
92.84415773328536 9.835831138816031
10.401638279011527 3.0424813417192165
80.02977234750365 73.90281071044586
35.37616554012811 47.24980336800344
87.85149202820848 36.76302242554321
14.341931520118845 77.80330570564584
34.15548860716976 56.55956411045339
91.55612407539951 43.010113039594536
55.28492703742699 45.01851109142449
4.4740574738906025 19.03699344414488
2.0044312888499505 26.32748172426761
42.16161472262472 1.744037241644547
43.31940489977178 14.884873258886023
68.72254886126206 52.38206742195525
29.461974806274227 15.35591325477611
31.202188251604134 38.85301133743179
36.87735196003313 67.3035439029694
31.230861325634805 60.89964828592927
94.67241820742662 5.239003294632482
28.803251084841474 84.02210487770189
29.021124777110106 74.46725045942402
3.6654069558216484 24.556456372250302
42.34581898733899 97.75954267321592
1.6160107975069948 24.013513898528082
81.71397996053219 30.397664148085234
72.48782028385655 62.02799711744831
74.62486421227197 9.55751927320807
80.0629963636037 85.92525167935086
72.89134594626358 24.518746419917125
33.6344370307333 49.23963576165551
59.8163092668622 35.8294376591899
66.30155734665757 81.15047648707285
7.213939507159495 59.92444263265983
55.351578534591184 45.480980507494394
32.98396922821516 24.102859826442746
86.56449132431288 75.3742890686183
80.18375712236978 91.73417451525634
47.01771633396087 68.59236161398402
80.08496412014588 88.32004948295047
74.58117389029286 53.264518911730484
77.63104094068576 13.270699104995188
62.336005036726725 22.605497071648262
48.070655675003295 3.438783811669921
8.99505520541516 28.153182592490023
93.1424735621881 90.07248589668957
51.381564673829935 86.50268555298226
93.60503743678674 32.30992093873436
14.760673329000051 86.53866918798819
7.925882430152853 15.818526030499447
50.534154622002134 39.81835929034201
66.53210914373821 42.31528324003294
72.58329565673938 5.104818667200228
28.54350123852939 45.34973372299849
97.58877441534258 54.028459291470156
41.9631253741937 95.960859271967
74.143905382501 15.758328211041317
29.064265452593062 90.81171850474392
23.25388842562536 17.02156766157269
57.346407742154405 18.849075385834123
41.520789633207315 43.738319474300546
38.39214096456305 32.217908502598505
43.5403571792653 26.745301796357435
68.48371853440014 7.50195142025043
95.4746056413681 65.78438919421448
39.23475666965482 92.51478892711604
1.4376100529756797 82.47889370361376
72.82104565838682 65.37225957693543
96.16039844134656 70.9998548475095
31.06064549269535 57.795172992135804
23.63409865064108 12.825023414426418
76.63084876515057 6.319295844821204
75.30251293546304 63.66382568616075
10.016675470271396 87.23200227659615
23.50301405004315 24.533086662726078
44.383238840169206 63.27786752458263
13.117090935182995 89.50420245221761
17.858884317005074 84.89102681168649
50.30060133545727 18.101316955524382
28.287675803425927 27.15194842313734
43.44878161818707 58.3417921578466
38.62891235513024 54.47348857036839
75.30932011155924 51.97429625684084
36.0118096218097 23.58665112120718
55.424064316014544 46.93457800300986
79.95235377312143 91.08862753110711
83.1961460660414 95.44817309828794
36.518717920206576 0.9839440643817365
18.305727077723898 2.1953443346878543
15.791684312151755 47.93229809587505
56.42495348090808 61.42801045527314
41.25174454882996 84.24484836771414
56.168627858657885 68.481238600613
2.627786724678405 24.93460279333061
70.74201351752612 51.96262873817381
62.0863372919747 60.57203399084994
47.4940483702158 79.3378021017691
55.52387230595883 70.00244435245602
82.25555507838791 91.07573282572162
63.655499672750146 3.4076540245002285
78.44086071842146 51.68693814576412
71.15321163062744 34.436017728597875
37.63436622261259 4.2676984703265415
71.50191548584523 16.07102243332821
69.3059122326414 70.30018839489931
99.86726358244785 16.612305250715742
1.7777301217795194 27.922749653644484
20.023906579830175 1.649380448175597
45.65226787886839 19.652021199638913
71.94899863307518 63.87397053403259
86.85444440150619 70.33654950383291
94.13434548455132 70.31099593832735
32.28031816771691 94.30595398217852
12.009031304887674 90.35330876320621
37.318602012738786 35.50373340360987
98.50779543553875 89.55485535028423
28.057892411668217 68.03280232206663
64.52471131058446 0.7026704700623276
74.4452677266725 41.44292346499743
92.46515707676126 66.79947322191458
99.39982585574198 7.180433988443758
7.471108308694541 79.44063367774106
6.407630919114682 62.95670825573857
76.30254901043637 4.163935657364326
90.54149737406043 3.3710523001507453
24.691513017282706 9.11963129293717
8.829576320201515 33.492597525514434
82.72461623070424 9.418532019399473
50.66747813415209 75.06868009712065
7.291332501353198 20.946737170308626
41.43047656400698 86.88991270593036
59.12353731159135 90.09847356349636
58.00704469841086 56.98699798062815
42.29162751608704 8.43140438597808
32.76716396439567 53.06866150968182
41.00548021895064 34.0957821436216
83.40583264850832 4.375179397378803
75.7880318175251 91.2766008199584
68.3896852530419 61.80581259355886
88.13929922641901 71.4343312649675
74.44526327352104 99.8736944443996
74.73378417738994 91.33042790411974
79.10028930188177 62.29778757429175
70.01907530700554 13.289700453663977
87.5842119469029 70.89722932892754
82.03256612870291 84.02144230514085
50.34203500392189 67.12767865727452
98.51773932879956 33.10800354663242
30.129272663438677 21.05242502860527
43.727134215627004 38.267924632792294
99.44566438799917 2.4226144847989683
34.277341958770805 34.24547384885476
88.46425677839163 25.90597462657156
2.406103564130535 21.83297858547746
51.52246217376695 70.50006672836774
38.95812087521616 24.383581210102122
60.2364455124216 38.21896394265739
28.093684334936885 79.95186962907788
90.26691438326881 38.11640093066608
85.20205418627802 6.903067990330792
92.91309563942502 26.02965729300032
77.98538422925425 80.970960745002
28.841402269656648 39.82418630417215
73.00031032780132 74.99232856469975
33.78996473902913 44.14580308312285
74.83731238344575 90.9073112624653
72.47606557407491 95.1210921225755
41.18342646087293 59.3735242822251
22.287556138654697 82.89067124445066
30.986359058907365 77.75303525306225
74.27531894972013 58.02004533695394
55.85693566142841 24.90639656170964
60.89063259444979 6.505358751079027
45.30919799859999 52.878202060647205
11.747725724599645 36.09057444473375
61.04096354998803 20.142294893712144
30.29001953359931 21.480726760032198
71.44311352354418 68.84825497929637
89.62554366923163 42.70077965053666
