246
89.58392310524167 95.62364874191121
70.78401041343511 73.88902726130982
5.291170450254834 73.1926517208802
25.971947626008905 7.967600657161111
82.59332322356127 5.3977081319177
58.07371809122118 9.896413850509667
76.00979712595348 12.026290827162311
52.02609966584115 86.67251103054858
11.709892516549314 92.61384325061533
57.684323732204646 17.11631777639485
85.09586957073584 61.6758240134606
56.54515345709314 19.816302937041552
0.47251399097427704 80.4392305872983
41.98590420762325 14.192330072400306
41.481772248855265 28.750571697705286
26.379087621226894 92.11221649579674
95.95862020170532 31.711959293338776
36.94718920663247 78.02807361223915
25.23197426012509 15.191436148941262
15.521112772807289 39.81673378757114
37.619858591783114 96.64250365920041
89.91561305917676 35.20202794452263
7.456155384400864 65.12215436791752
30.767547748128386 16.205633570964483
25.743530661845238 99.14866735396005
38.85460049069608 48.080128368947996
5.737979221085254 75.14504405842993
54.348351401402915 78.35806129876931
15.4734833990549 7.921537211417973
55.179949958053285 23.292590878438258
76.35919166076087 88.38357671075147
41.351164506950646 99.538344701877
89.29051881435072 44.86570658232267
29.933462102561613 79.12813288760408
92.52615941811214 30.981803516884966
63.70226904670404 17.560375728782795
0.2055246804584243 77.61801469882039
26.47148102390805 90.2254502473267
24.61049482554405 95.14210030443425
87.5550044459843 38.80501936773949
12.043488103988164 4.938555077698958
27.128873022355037 51.50938443212326
25.41058065783065 26.299285900551272
16.808968942687454 98.52900333376469
47.18474541546055 79.73672869218011
1.404720459543407 77.28596732886068
70.51439278604083 85.95381116407478
53.84575779642089 29.886005270363636
41.68882472499179 25.5843191916211
75.7888952378309 44.15003983576392
10.434356289613723 76.70638244164121
32.07846455057898 1.5004810154118475
21.05046887020581 3.649390889212323
53.68659280391871 22.59775796375839
61.22164965003769 56.0712562409469
81.0914244606009 45.655742080684234
95.8264064045497 23.95474404475356
33.84061005914126 10.506347493770152
67.5430902005063 16.274182835660646
77.53269708547629 71.29312762793974
59.57366830875657 16.439892782561117
64.70477151302435 78.65807632588451
77.08402432216002 2.165986348430504
48.83709868475423 76.74865450425855
19.567607095058715 71.67612311024767
44.962696682725344 11.063831075588626
87.79230476965692 93.45862012679595
66.97827466643119 71.35542806323191
33.43003469814077 78.81379039094558
80.27339984471736 8.069510436472205
13.659727235788676 58.97028909706782
36.26805875248461 37.803406160315845
44.692264402315615 14.36339340954923
65.41665675585666 28.628230694948307
35.53507424475079 14.773982351792336
59.4818427682134 87.80343876449764
17.983632561003972 40.29188754916948
79.46810118179428 65.68580818814905
46.372363164416385 64.95102691104962
3.1800087291107837 92.59263366062281
67.19633222339198 21.371487121637045
55.30447030023201 46.37405573068312
73.26335957812411 79.00873796918737
86.4809046933461 66.42908067210908
33.27576105107247 78.15981631201959
34.06241444216054 94.07434206031928
13.107707743842612 15.394244156378733
83.11068914945618 3.2216170704490343
95.67927812505019 47.19377217900167
36.91741797766201 28.135281681153245
68.29849725304808 84.2168824937502
51.15763250505502 59.15449890816981
28.54351455661647 85.07425764914481
83.81075801210008 31.75350026463638
55.0284330787712 10.17174899999187
36.6431766742332 93.07930550528836
84.06214057866012 62.295607156934906
7.999654357049457 28.60426599794563
89.93202697877611 31.35943899493402
73.9135455185111 3.7954397403797135
23.61241686774892 96.78231666498219
9.408073039449327 36.87540868477156
17.767034407783132 94.90751083384986
33.397949634002345 40.767815435030464
85.167396961562 46.61404097217008
21.4419491987732 84.55749672854569
55.53859853882691 54.76937688218486
75.03366727748278 11.988283706763436
26.555110603760124 26.916116540559422
32.122504895614526 51.202215535559645
91.96121860996452 61.69881486750175
21.528097951835278 24.547085643057052
59.98357460365437 88.32294752791567
93.58088753866738 80.1408176368713
8.690612099677242 56.34366589231734
76.4959065878704 96.39079159484851
90.41059930618695 92.83205559111961
76.33706050344193 0.7715051624108016
46.05008800063166 44.141071568186504
67.83343141711607 67.99057857653052
70.36894397198824 89.75351282867013
27.398498454800546 67.95118591936932
53.90979357552946 40.03978081164572
98.04472344300578 41.53163164049008
98.21487293225437 2.9419453024484232
36.216930575435015 77.43971049827331
92.78037478691279 92.0819273079314
79.44005412593312 79.24413693289235
67.44854037944395 64.33598601246725
14.684512811239603 38.380900856028596
62.837961637276216 80.82184533136882
1.9715507369234664 60.60812070520769
18.380278208240554 4.286343911754987
89.88457873831001 90.21086596787038
85.73622209635438 12.549724791085204
47.363602473945456 21.602079558044096
54.394847419330105 55.17728082911712
0.3175812688254287 64.96764105166542
67.1914544760483 94.66417671939624
34.73708360660376 23.01188992430776
78.51708917856885 16.156533524431914
40.249350530090396 18.491111982465334
90.78809228890393 57.972112157187915
72.4428377140353 11.218980058683991
9.679372609004378 46.415198331998575
43.98489496141664 56.84219410676007
37.331817479261844 74.63926703892793
2.076169429889152 19.615411592634715
8.431648353870791 99.90246704092323
30.19807693162302 79.01658463580291
86.8771136686771 5.490545738431218
8.33597528521498 49.98434993744796
96.543038238158 84.55196985361616
15.183430758762684 99.98877813595503
10.483713793874527 39.288026914094246
94.36055542964839 70.22404260620097
41.24064004134739 20.681958499954224
77.47162945020958 41.75552161155673
28.668651965141635 11.27949697248819
91.26075576310087 7.914855209666271
36.322028994527436 56.24770107198245
4.130430320755729 37.141901554042754
64.70657953018477 93.28231876433216
32.4738443383599 97.45647907291321
64.11723883725962 48.59815572718509
10.826543154808633 41.649208550135654
18.715956488764853 64.90612330957008
7.624760247060336 1.576303794994316
18.568967985942386 49.74734185174729
59.034760682926965 97.79922181512038
56.77167236844534 90.15071610363714
11.9646972871836 84.92709223177643
23.957022184327215 85.90154012449015
21.83922064641547 3.6233015402395985
91.51378078969428 24.057203088980483
60.10000501176238 96.3078976181923
75.6076518063917 56.06401047390314
43.66804889405099 57.68311836024746
29.3117801139148 97.20676253435471
9.584891921499617 14.655856898440089
71.8914411065755 67.13203575204943
38.57180582480115 62.235273546240755
34.10550302392865 56.53771218067741
11.46193543466092 79.27506968607534
0.4111561996512969 57.519031336807444
89.11801806403233 96.44688050626934
59.34332335959067 97.94061506922482
54.84245519685484 98.86710226732754
62.99844701731539 41.47394697489756
56.82908395450406 7.53395053
35.471016255009104 9.602646589728925
3.3188493393161322 92.3475659274472
71.89306102791163 97.77637327560672
99.13750313862143 92.75676501053253
23.57542396887613 77.407693803518
37.67500267677049 50.55762873385604
82.54160758671281 62.194025567676924
14.121002375443814 91.53978809339863
15.643106034650744 15.682437570644503
59.392306702583966 45.56166519123978
19.5711749771854 89.42678633676616
42.26094193443867 19.618084028194126
22.479791042872556 60.43342445597466
66.19121578169671 63.00136682460895
85.12791721340838 54.2002322147069
75.2359591813794 78.74530091846233
4.331984679280099 6.04105882870376
97.71946205363331 31.694267812833875
70.35046263261756 65.25134718461757
45.37930267332724 1.6840925399058904
12.367514224264308 75.88323831500455
11.815477525998542 65.86250901330722
59.48692603639911 4.914884155847865
74.92989695249844 31.73307613744566
97.63976909547712 85.45134136828692
88.3392218192079 82.40773549601714
12.504582402242637 39.27640829169017
18.24315933263736 19.804181252471807
91.46789607244654 81.38334535591406
66.63983922673705 18.199082069697027
57.820713358399004 34.24178734504314
92.01383612997309 10.660794598349177
84.47332768526799 0.054616587003541994
62.7357239500288 30.610596781132227
50.47571411067898 81.37596318390933
29.676148791046376 46.81671836956976
97.30099993473038 46.58707013120369
73.7355781371672 40.69940200194498
95.07605286599359 10.090662674256667
32.72547166267776 14.778892366264973
32.99934728736385 68.81415443630074
33.26996148889093 41.21826350008584
30.611005750079467 66.08553208764117
32.14008416190046 43.2274812161013
10.667503440839853 40.66336664002234
16.930011416660186 94.22749574319624
45.93859642281261 5.454019439995939
78.64889374203011 36.27477284530378
49.66295802652335 66.84027442874897
60.966737420594356 67.65834564923829
93.73979935700682 42.2408316439663
40.819181510650196 49.570734684398566
34.67409902488169 70.4452323609905
53.18138887551744 86.28643749795519
15.823242942425109 89.16169008237976
78.71286299183843 70.86744447847234
