25
50.0542889024262 17.01841183157634
63.61251247710755 6.313591411974972
10.656396758197817 11.24377353477236
78.88905889790753 43.11075055181263
85.29099816134264 58.19899024421819
9.15262781917484 69.2522933507113
44.86568149971211 47.03138646073636
20.869651544443503 41.2856739196866
47.86700419915185 62.21559379527388
23.077316548360148 83.70989101269053
75.1508545532116 33.31545911045743
60.82768609499089 85.70702639462175
57.30184741701583 15.575763764934802
73.76379644434441 99.79193327188742
20.81056037709511 37.272949935468105
31.747624767572436 69.40453237106287
37.346415206676845 20.500056478081962
34.84473738461708 34.847421239578644
45.047774382562565 8.333036675955185
84.64107173195393 73.95824681987064
4.256060401745909 40.234196301375036
93.87032553051172 58.02727964335978
92.72245315265512 65.92441732131854
79.93302661194532 70.09657468491268
55.35277185021658 63.99536905665831
