24
80.1513509151601 17.504356807229225
84.12833998799185 4.305291532908406
61.73686355577313 99.88514657964477
29.746660829785288 58.04670624106731
11.33320996960463 64.75063793156302
87.36649164429876 27.313861889781666
79.46394502205469 16.914152386893466
41.54967194194834 37.82553275896973
42.377721806622894 38.31898363077029
64.18734832404027 60.53575436289735
11.819914552954458 88.72333044469619
9.387998716950596 5.223261388449696
12.564845769749699 4.638657356691544
45.48164252547856 57.262929499633465
7.613361305480781 44.299831387473866
44.18889170493545 83.29000833742742
2.6514263606295607 13.595524117955415
33.424467655799084 19.589196566666946
24.717394195805788 26.467708067042118
12.198846479763304 81.70036817810991
62.19627573117281 4.752780249588229
28.923063099285674 33.86885133554699
96.41733166952167 21.225536912347398
95.81651695469347 52.62979439109723
