239
15.214777554865922 87.86186624467847
3.2401816987537746 56.28685439611875
0.37006591590532656 25.474642271089177
22.3036979984531 69.0552995754966
22.361904452394366 22.349764033723773
25.070828300766333 1.3313352380819432
6.580450414107142 87.4344896649641
5.0268387192925035 14.512593180260303
68.73403470220416 66.79164177897572
34.889223292258876 26.695093045059714
25.211985885305054 64.7154758723334
17.283256464701925 4.954569946682518
64.71718034215993 98.04764228690456
66.22959326818717 64.28113274634346
73.79677966491738 41.15137366386119
70.15300918926974 14.162518427412063
61.630182246700535 56.61137611967336
72.16495472145947 25.626731535665282
99.4940954014455 16.800611663506928
73.49411940380257 24.482595065600364
64.5931081398349 97.97332505692273
20.40319289667152 8.545843526503694
74.09204733915192 10.75920343037321
35.34371540117599 62.27010865262926
14.462371522792283 48.898525258607805
88.02348083617343 27.390775987673532
14.505437957308276 68.19520137486755
45.16590646318197 62.56163953870858
95.2726033137013 22.138961628377917
0.004831747988787161 8.653684573796783
85.38884022975817 49.1198976400308
74.17797452660729 24.373791207954355
99.55107850436139 47.03458189419983
53.04243852119771 5.919946144801846
44.72201799791252 57.63138129998563
30.761891429997668 58.09231492511303
64.13861149890866 99.68507010627077
2.2172777904182484 2.165011385893234
33.32551734554664 76.30406101973084
23.775762144408496 4.902938920484489
4.786216728952375 46.778485244985454
80.31542357292794 28.198264157021857
36.42532186574804 22.222329558364372
35.6993566301078 93.74229517435894
72.69419679471335 11.082681580962673
64.25878595907926 40.67735077637183
32.43897536690397 0.9359820009914421
75.89094480407117 29.60027834386272
67.16763605012707 49.09299909039009
53.61084944454825 14.587902219285542
45.22363191224643 41.016651242380085
73.55057434785304 58.031408912614936
99.47290319970999 34.453721381232484
8.459696653545057 30.561319263601096
76.76769455928678 89.33166342845895
82.16944775523034 49.31079018067109
2.7585121182860717 6.951796778229324
21.003802828824767 17.54605468907905
63.90434273948823 41.96508642663355
44.25191191405114 81.74631260737742
25.879413317821875 46.58263764206423
29.642687293941705 33.04609791485799
43.187702587085205 7.455651163972588
13.788952818406008 89.57361425420022
74.50603743938528 69.17520745083716
51.77772333191014 59.19206686580698
15.916636254532923 20.80053885027705
43.49850212709136 58.233519683371384
85.4524443021387 5.040922314676733
15.25991709037563 29.11331698030455
45.21549691181267 9.213716194462208
15.53291519889134 50.162180497409295
40.67491274839162 52.43223334042416
38.80538294397559 38.650121898040545
47.19039527631879 19.57198268137582
81.19774046641678 1.1474563398308657
26.120895491658125 53.282412333884835
59.055655764513126 99.88237914741693
13.332139690478895 11.607298411763267
77.30860146715452 94.36879207192733
73.20375327302092 75.72774483034395
65.05661733306279 5.158252057601476
57.02937364236824 91.91875487437417
47.36791210020823 83.32507790114683
26.510963700096866 43.52328572931453
52.37943924435007 67.49496000955769
46.59890340104058 94.8426038603789
91.62936207279164 97.27395228347173
68.2848564482413 11.901583969180862
14.83687341298402 90.0864739236202
68.81495439348728 49.09091243735458
52.50965599468793 49.475963852570935
83.77938078027563 44.87500446882492
33.89361090901991 40.07435764889941
13.235044489812275 79.9500441144802
71.4778604064195 52.21187584194127
71.18279289091409 79.68870225525968
8.040615093317827 91.12882729234684
42.24088388332626 77.30599835644678
14.114526906458236 38.357034770211165
35.51154647079138 84.93072115186739
17.7128496844275 35.19069584100946
27.904675145516745 20.609584979417118
46.441440996434224 82.31713758152456
40.037040462295856 92.69179963277836
74.65180776569623 99.25658768662011
22.33158542822271 42.790415886637234
55.30778004518901 22.27978691285739
12.370021356604767 19.717456356928253
85.1210179927883 5.120809774367618
67.99986849997075 23.023333325594365
48.290664086218335 20.80311055483328
67.05362616515801 91.84833293988154
26.090234751771703 94.80161789640074
1.7121931514026967 38.69194784796128
25.338200915554875 7.14533181572402
39.897227432568 10.078781263053816
46.78661234417461 31.754277318108358
66.29261852699739 79.85705502226669
51.23318752641525 41.868220616224086
99.54212558340286 17.13597310443652
33.973768694964605 44.56822418069051
34.18640405512874 55.31869469476711
5.070212529138384 17.340381217316157
67.60388343085906 81.74919386319011
30.991366939552712 47.04294830168334
37.561827258628156 3.6823881933564007
87.43886669460792 92.57505214793336
1.2859346176764763 94.08341753652084
58.788722533582416 39.588414540878816
50.91429654353148 16.598550968208357
7.40358357912565 58.667750379131355
3.8765167060729966 13.032430899547109
88.4982759517008 30.501776811403115
48.75676288872788 17.441865998097718
25.571737375248794 75.93534120244128
26.876692588257146 81.75265899852634
25.110720809190646 27.055456888253293
56.326302608093606 33.76700276321023
33.84674872748492 60.15115969485236
4.025960844340437 58.587621986637764
43.12064045955967 67.14162651235594
81.71167568341605 19.842808584959947
26.21802349836151 35.068735713164564
2.9006749561144574 10.37717489112444
27.62201683679829 36.71637515096161
7.4732625459071444 80.64177492452957
50.752678206003544 47.20582147604889
68.50097796529953 52.616389566454124
65.34910171480993 96.52109378671754
54.816776375114614 65.62524041529983
88.11460961693915 45.8091925682222
82.06736230978808 2.996166141294998
21.665832738790346 47.733478833423646
46.15027660837187 88.20933775610918
79.78991499555896 34.7501683198175
5.575399957166072 70.7235558689072
26.631668921259443 3.3505382758431845
81.82328012538049 80.63490203322324
62.32528288612205 87.23490294866191
98.994412241803 73.41354304277546
48.37778247972425 41.088676146458795
91.97657698246779 51.98033552851252
48.982299166933096 72.81857846016308
51.43502792408445 61.99615810652116
44.6703876644696 38.60922041567605
96.64113687391554 77.21936300339152
27.48021575837023 56.40472409795984
28.666905641068784 21.714791700095848
40.89696317954955 84.06493895273293
40.82732398101881 76.47996233426046
27.241768664262832 91.57794547710344
78.50798717981154 16.689148730520365
61.7309833162462 42.244308633803676
56.58235948068779 13.308337144928583
20.055802160090387 72.9428626501336
58.880443866005585 77.79741635080504
54.94474206620653 3.6270235255278394
88.34672248941145 8.514625580281532
18.5729597634533 13.011635554686885
43.13230173615884 77.80426812851366
61.993564408389 72.56737858098376
88.14012049865131 64.1047542219681
91.34328353968402 52.92495859722742
56.22209106394372 43.959379124131495
55.79176232781489 68.62032303349942
30.320112283075538 30.632078551474695
71.1945545763593 14.27831740830655
31.62406297672602 17.10457746161056
49.86002991512875 32.645207505232285
92.53265342914146 71.92878136619923
71.82419899599958 52.11531151158503
22.049514953232563 83.62515195771714
30.13865573464578 65.89814767932978
75.7301987839899 92.58200761989362
78.25146639535944 82.99263077227957
61.04845910130218 47.78032137963647
51.48284416804565 71.3887302188724
20.526278998999604 69.11408615706377
11.173027429713544 22.46318504710899
16.505649148803514 4.038427843198733
10.828451891184788 64.21453534562488
98.51709116929491 88.79694392128332
52.83298669517193 80.69151909547514
0.9366597018309997 64.41650833367939
66.60548022311683 42.957694673439995
10.513037627180976 36.168052062678
31.948119556876176 57.14860626007388
67.25097201119907 33.39387981872781
5.911091672230406 48.091504250884256
64.38253151694924 34.782077665990855
16.74839129134258 73.49702095955352
42.107609898830546 65.29740916738893
24.08973471346859 87.44491272517325
14.493565891786664 9.876517603163892
84.71403193550272 7.091106141993353
42.372449230304966 46.94230477086694
2.7940633974486317 25.692146171535857
10.551819652506678 56.59541657670876
80.71044966978855 95.9944534369096
92.93652170349048 72.2338157595722
93.11813523931428 67.45652027851374
52.48090182468346 52.59960454593352
28.22843763073419 13.944413862518035
15.448970037664767 2.161856003379048
31.559450149758295 58.045006689183154
76.16753031788049 31.267997224641817
49.08956579219554 76.29384099411564
89.40128968648318 20.235759353287175
44.533853683522686 20.93350956457991
60.81338183164322 8.887378081870533
80.02947151980632 26.91864424174121
24.379184112355613 13.05466255227955
57.38461661071109 9.884387892583845
95.90789193537448 67.9401483137597
38.05266530512371 49.04441992432682
74.31457537053673 30.37261191259317
47.06715231095904 71.1355380303985
89.38289718567074 89.22537033716003
