224
9.541508546338873 49.58022609859483
86.80653888207857 90.90989707650718
80.90556787975306 68.99318427750927
2.6747707169758494 39.672725039604096
79.88223609595693 37.052432159836776
38.55661881114661 39.47316739139154
43.00266490693063 87.42467020529098
20.02175476115867 70.30265893996041
99.91364816857438 9.54183566074196
48.2530374510988 29.053018821086074
49.10983423999096 96.81654929053796
19.938913903455134 15.690235849239997
31.100272339885905 84.84032910852505
41.21658826353764 39.96481617671969
25.647645529249452 23.524798094016198
0.15430212377807173 91.07456641997601
11.63498809811565 9.732646848550996
54.49341059913109 64.4720878086044
17.230974261591292 48.77394571488571
74.66970221763923 38.405722128881315
31.899181786934484 13.676580220908708
32.064676361123404 59.63631082432358
74.67133344689533 17.855605744911184
86.694868681803 31.496574379367605
65.61530902170199 92.72477999613331
0.8697829628851572 67.50518149020813
63.44713766053274 74.04814095921148
54.06746575150362 87.00496289152585
2.490666808262798 68.87777636605101
57.45554404612081 78.3799905178558
5.384428856462664 66.36305261972971
62.436974030207715 92.39556708654479
17.724876089366447 50.776820827145954
76.90951902957462 23.812581187213986
46.84001643155352 29.216116884935005
87.38228385909522 74.27176054082885
61.581473127521356 58.24766174548306
21.58775534656724 16.704582123975776
50.26322265294632 1.935940872037989
51.024335905670114 88.12374145708667
81.39255661143171 6.077079574960753
54.22768127233325 0.6268265090235814
76.16418466134431 98.17965355804984
6.900909414017454 4.384972409675402
32.20650158707159 41.1487161713989
8.358856219772415 61.46300913350608
63.78918230331249 79.95404057515125
98.34238180059846 95.19862492915252
69.74491096152119 64.52369183660406
38.873124478672835 80.78613216452763
14.01581728243977 68.05005379229895
80.29267700780856 4.5515444008641825
2.504824333975597 10.895859870814672
47.53610881663823 41.31972327744372
57.328666846678765 67.62961591643763
19.844997279167508 3.4691173494999172
40.86310060109162 0.12056837386197339
62.240555534411776 7.134218435848694
72.78016936025979 70.9535188197175
64.8343983534728 98.11646872857844
2.3847453583838885 55.54897155612849
45.88528251392986 20.223034397043527
51.7521685917108 6.1044907067492
49.64718226936139 14.975484037102804
91.33926266512961 63.368841731931916
12.001887793736154 43.00218664425381
16.391792612653187 35.4607502523521
51.73898273131786 70.98774973426562
46.358403598119736 32.217273239573586
9.788560974045446 29.21371453855386
94.58010034859392 54.76151453435762
16.024103485225506 35.425446445682866
46.25982270897098 14.604681383918617
4.062763522214796 33.416971625117796
74.79924622823577 23.967237271217524
99.56763738253574 98.9883239647255
44.607562247098855 94.30585882435895
54.69625193723093 43.49349586998319
3.6887068171476023 25.844430463648095
62.857299972154124 11.573725081121422
87.65524037966475 40.22019701888042
46.21014157588692 8.996531798146435
72.48967007717752 19.23915030424882
40.49257499019191 57.20896690068326
81.44224609726899 41.05575223467686
89.58665870567673 79.69000758986785
48.06178850338528 70.66717386429006
74.20605840572412 76.17774469448011
67.88722606355968 31.395715786348312
82.82122445991453 14.560850904064825
48.53778691482159 74.17454390284531
39.56723473751733 70.53352868969206
35.67658581003782 83.58306006491321
72.40543780959065 88.40266752096659
33.58371716227248 14.98283959031247
22.33067585264026 55.399445931412274
18.038508440507062 47.60790824058012
15.806449007356838 17.535251136336814
23.16327926871634 92.16356970943998
6.2999885528173705 63.684009193225954
99.75359785122188 39.77666870065968
11.86585475891363 61.30004604057772
27.521844421637297 53.226734951775676
87.53306666067519 68.8763029143409
58.70251705206822 92.49468813857872
42.07602025858116 30.26490736009082
76.47291108717376 1.6476780911949929
58.82153416178387 98.8487266331996
62.28839173501227 88.42628536228516
41.310620256260556 1.1115888933178053
91.11672355654412 93.47184164307912
75.29970023890218 31.08969407583909
17.726636584135093 39.40810407636604
88.77779067676902 96.16870388903976
59.34062568555012 65.32453683923806
13.591519548709963 44.14032198082627
68.29364455916021 18.298733387043896
3.645320194562074 24.32292612615837
6.96661420136917 86.27309134268872
64.79401209756544 44.82752999609841
68.59756085100393 86.88671435815013
79.16078191508667 71.78085146266578
37.34763572807991 50.59837652352114
9.12383498999285 28.63814988015758
91.11587028402839 57.39791867456662
29.31445475939194 28.709024825217977
40.52407006009743 46.98525092958889
1.6965373204647638 74.32248629005149
34.75428260338111 54.81291794524211
44.315532636739384 46.909858709879956
33.52385492207518 53.54050877829749
77.3638267677412 47.27115241291072
10.271675662850976 60.765329728975914
97.99380206438083 45.81132857260697
63.951700977611736 48.54295217832514
71.68386725651294 98.25488884280838
52.88004269027876 77.80207950805767
72.40128697823202 3.103433572722203
49.598922336797635 64.41992056555577
93.27239711653958 51.273842331534055
4.538249650865501 19.101036017356076
76.56971938022987 49.30594179415616
79.37284150766723 18.125352090312763
91.15114158568501 31.15458647753554
53.562286276329274 34.289202483843226
48.328653833424454 63.02784837229372
79.77501455463099 59.95335231444794
28.29713114429222 92.5304618000099
92.21018674576968 82.95713091810248
10.518094327126427 80.44883125532958
82.11730628879266 48.01402178763682
60.62674658103299 80.36554775855006
10.689942975438749 86.86005072656093
35.20983176580428 96.1182335653416
70.06022383895014 19.845714298189986
36.35322204954543 37.7460719074281
22.11438281739634 70.02957722926455
62.879470606605224 54.15108418232395
7.840098749447089 73.50240143152547
88.65122931110882 39.95920190071281
34.697075486757086 83.19123465755906
49.316181497833746 92.35563491302874
12.729794858433053 29.594379422891816
55.98022696139071 23.954059905980696
81.98121413437391 95.99929392670604
14.586031600270088 51.21483047144627
76.37388677573492 56.159778650348926
13.167520943156607 82.64716847523137
31.203226796000806 8.073719865508933
17.272637722829298 20.17538438277896
44.998947335910245 89.07725732115847
98.70351214472792 0.3542614784450948
40.87908020170933 52.06555895660857
25.662840294574252 6.673644401236278
34.42286210026872 88.72636472884372
59.7488585615008 60.356699143448864
24.154426401136874 69.64556130576432
24.089304090026697 83.3526201324143
78.93135839627442 36.50474175072107
87.96900781639827 27.936948527737794
73.72056981425914 4.713104175480243
12.749856009371019 15.576426355214078
73.84231905103753 2.470184997942171
98.33485411798176 29.744765078766477
70.0836627645386 49.044213502094394
62.47403262780969 1.212890129525368
26.31945319557083 79.37808189176715
53.41271104163422 89.02448429882357
41.816000797178546 49.12193633840073
5.026335915458702 97.82004319391763
67.79988559812787 26.817482702716678
69.58647249476086 5.269736046842888
61.81468673838357 54.321881246678515
79.4826253626957 32.558690682754545
43.268122425923636 65.5864515082372
80.89630215837913 91.47589887710558
43.600011000578185 20.30245190293415
16.27882258633936 70.56346549965636
81.6860233829564 81.43479527876362
5.702845610762674 73.75143345474929
97.87487036689083 93.71334636652652
99.10474136865058 98.26766415332963
9.629910910698314 95.87372485373396
94.24584453367338 16.26277937259867
25.935488789277283 63.03272853487981
24.581333603544852 97.69852077520315
54.30960345693111 86.98724614997899
94.55325749264803 0.38873627382144393
3.0800731742870235 80.25086426107194
0.24760644297056045 54.156269468781105
94.62024931505758 88.1589101019973
38.77526647707429 40.49464573761784
87.89739940651663 33.060301461621734
57.79554249267327 44.19810884921613
45.480065290647254 40.85861185102364
44.62604658946212 31.81042934182614
52.51322054893498 41.291003395112746
91.23892323177253 39.13669402424088
38.800144627357355 9.487461179662326
29.063393557907556 51.57037916718091
86.8072226612136 71.84822317199814
55.068741288394264 61.04955663842691
0.6607711347695888 58.17449880041885
59.34842324779862 26.17542835481712
