207
31.794023624099886 93.29279497251997
55.67049697762526 76.26197436198333
54.597545462976605 77.94135127665635
85.11791229839186 77.96659103265453
91.04100325800177 17.90521097936646
39.987004323186405 61.54622356064334
57.65788517748598 94.9789407727353
18.133212880617744 80.70234824828505
97.36067746663491 21.405465513063405
4.981013545177571 62.42401678223217
33.95489343400955 14.712789510644198
70.63659089836442 69.80893326074157
6.080440330861602 64.26907025844851
18.953699325223916 53.718188745460395
90.41316626480973 21.392322179746092
77.51746002355677 83.06851303007765
45.25029697183057 69.5501683606751
57.954918333722375 42.78805580569344
56.391197552389094 68.25621907064156
28.404000631680717 94.44993774137207
55.60416585996819 28.009426058249677
17.74958553993392 56.69826538746556
55.46554323506261 96.92633563402367
24.60103832368391 30.31068645463457
11.917921934986019 86.46327727332195
51.272391085004976 89.11301254034089
45.9543154893033 95.08503693725898
60.78204005650802 1.9823558724102242
8.90780303302552 42.6212655174242
11.996913439615165 95.70291403023793
11.784542874655434 65.65720841393669
96.27101167899845 29.88674166157752
76.4293337952665 51.89927568016416
53.3017056829758 87.2218937837551
97.91270984870731 65.64125773385743
48.04237423485361 37.1910681933048
86.3722423785474 21.693037763751544
65.0419609855779 12.250661567249333
47.737323178248644 36.099864894082565
77.94367332385612 6.564967866387628
26.513273996978693 36.71240155522534
35.608795852920615 35.03971921159512
38.06153528217804 37.42723609084446
48.39213535870438 32.34998590935809
93.774878624604 69.50582467102313
49.72907233017197 29.883095008109283
90.0043110676775 96.72293565280945
2.0354348945754386 1.217585777022978
7.271177825984532 3.4863786787730833
79.24633252117034 13.944729476261985
4.488845375311579 62.580497677510124
52.09439797829474 25.301261098404147
64.87914376625923 81.08853616774408
23.671132391696315 92.96292399307023
35.01987006324464 83.99908813004248
43.043477896012405 88.7309967864796
1.047644063787423 46.970403015207
93.93251678562045 45.47027272197318
21.390909710660832 16.817031637550638
72.36270323479127 83.26184132224597
77.3189785409683 77.00209586903343
66.6973731330272 24.576538953084935
75.1730133180739 81.4947097865091
54.370549060421844 25.584889269368272
67.53197230586922 10.823234961437322
19.806604310625055 47.774236207950324
42.20574198444827 20.36014848957185
79.72135737385257 74.57772949673893
71.59749828967864 0.23956946530180323
63.76505226961452 79.90871499797547
1.7060802144345688 1.126342257958246
98.7727185255645 59.789682700856204
15.191089630910549 65.07962068535707
88.0968187423817 69.41509079057626
38.35728992185794 34.07144760452208
53.90225223744209 16.873916295526335
39.62153962045787 54.12150696219089
12.23873733627775 2.221877365791769
0.10489584732372714 57.94115645443165
72.62432864329188 54.99021306571953
62.32204077536516 91.2444274066871
93.06704075013553 32.75052766280492
64.2842925514775 24.567179156045626
94.28705635822425 95.25939126827839
39.89858397059041 50.17442602522638
16.343908443740073 96.91873953452692
11.90015873266611 39.239986771133474
48.343014811152905 35.393077582126594
98.33796575699762 41.75861036833237
91.98588819747897 75.09612805513498
48.554639400550556 19.05795774070058
99.38882676781832 28.41323510589584
26.2450550358577 68.3726972624316
92.88902243610141 69.19304110051834
24.05283582555192 96.20396103525259
45.79059547612175 55.470158402703774
86.02804564825205 27.954674833790317
92.79266498496754 94.7507223845102
26.71172083818928 0.24319909740592172
94.87820202663612 57.97983235177519
59.88008804476285 4.440553022943783
20.986260258902146 7.43379271637613
90.12178865996017 6.239063947474688
6.742713937898559 32.36082526399632
23.02865000827895 77.66040120928827
91.92577459523785 27.299052800991277
50.11436146467653 99.11411805077064
28.348781269834877 62.56550899786085
47.326331225887316 17.251322081504316
62.21308545875077 27.608373538842677
53.81804596919451 75.24216315668208
9.74471496521141 55.455969515839776
57.41844090719277 72.40457492209138
10.708500430776269 7.311516362775105
63.77477007701084 5.1998303279941265
48.13669268048659 26.56445263289585
47.89348850621622 9.190917570583569
31.703921453785345 96.09814756366858
1.1674340778001113 23.294998861102467
18.058376344756855 74.04471498097455
76.32075511014233 99.5732326520763
23.10820416346735 16.57840063666881
87.90290097708592 38.82967060578035
59.80340084601895 88.62076092147313
36.1209106568679 13.737354014375047
27.55336858903439 74.17007884342135
13.688832087063307 4.596178998506961
63.51779311560591 41.43103523944382
11.375081672776489 50.22991214231206
69.54695330055054 70.7692374997065
92.28387151308489 68.80599448206426
53.863314043765456 34.444471046078974
59.76008452734439 74.29878894381467
88.13009318746126 21.860211463478475
7.4535931840347125 9.779486858195508
21.395775137065588 46.595185288006924
32.101356761741954 6.979935896289491
16.673436592806425 43.77860607950582
17.248719042054674 19.404014545869153
9.238631504506067 86.93641774494199
48.48354913270615 86.674219122525
41.20212531219143 2.0264532892302456
41.47017391476424 20.25280797223308
99.8402572779616 95.24539287963731
2.0148495977236114 17.945533362287215
54.16972816239828 49.0272553507162
16.539121277831537 37.55837664326065
31.11111812443239 16.699182297197034
12.92933518496816 97.2230195209181
98.76318619730561 9.409591292985208
80.41226049742306 0.199596585722972
93.88988668325968 88.10035924753777
11.859212292702892 3.802597217829884
37.23284784076966 52.10615156217503
5.632047562191622 45.811729922659
4.59815011541993 8.09933524635883
82.95583154190903 8.237035649018798
6.23324608593987 17.77557335281199
61.46582451373999 98.49248584195615
81.05140606648821 24.986634712264966
61.43367376674994 82.42975675030452
70.57689125007882 65.44313264937857
32.73376862294906 56.24791956428705
16.944354056100487 2.3631278283484214
71.12082472271149 8.568918484033627
14.478689399327472 51.79371098965488
29.610280863472894 1.9960516343175194
54.4460184375577 28.796317731070044
20.46011927325765 98.48196315772898
41.31006039543009 90.2196550541919
17.434911913178674 29.379093490157228
48.88734102366039 2.6423154244036184
78.00936148496324 83.75037974288753
76.54472171441334 8.144095617610159
52.35755865131648 83.60880567167057
80.34941618004694 93.04976935911888
95.61520588408973 15.685398540043039
78.60658461666686 15.603986814223603
80.16376047733009 93.75551544331296
63.25091600633134 46.43151120533561
51.679732744816235 14.24100804704852
93.60510682557904 93.8983043411172
22.91805978850977 2.861352251659688
97.71389481630985 8.723409873291088
91.72064710136222 34.62434295774505
46.35342600199597 90.77303704815803
4.670992191694645 11.445707248171622
61.31242508506695 1.8617659790453156
10.121686468708402 63.95365137854782
65.63812305521866 45.44532924798021
63.7340525839756 0.4894756100103259
13.63549695786287 7.059573323334655
69.46178666226972 94.04589470981878
50.471921856706636 83.01660925249324
89.62880559263142 92.5558598896384
74.39385862365361 63.661990068135154
42.866972105538004 66.10040617132931
21.42562168980511 42.46756229518296
85.17143125131484 13.121485286348644
39.18159034071904 61.663329888392994
75.88548559206905 39.73919094810589
43.564020495737275 47.750383106299076
86.0417869728581 39.65937536106809
24.622120501197752 34.583298471591874
53.36716568168589 95.33570454722351
54.01326749257347 79.62672000205679
45.2100737126946 64.54077601631894
