39
17.058088104069046 9.750180528877927
35.1829875423857 34.07423984408455
29.585433317059362 23.15195492723986
62.37113690877142 45.99430008952224
12.204213720796108 78.95459693607152
33.441990372119825 84.83245372470853
56.61977891649175 77.16422259068358
87.35104770340396 96.17410090225412
38.939938981874874 62.06156553868638
75.40014387715016 25.11915197439196
52.65257754963781 67.50999544662962
8.603116878227246 99.99518173903485
51.251344940583074 62.24434182135846
72.87985000834266 96.77889471050662
18.544256505084334 29.961871045879406
47.612590771325344 22.121731478691707
59.63575948679243 54.578604261613606
52.48827090648024 23.13866969421333
90.04870922500558 7.705076662712251
61.552994945305194 66.0037117553149
36.76717013435942 43.64115001641428
14.93623825971997 6.6295776595668094
91.41573669336971 68.18989156428806
62.07260631590845 57.64632122084572
46.0040220328277 19.593103157560765
64.4059245104357 71.53637708819669
71.29401587250214 0.21356824882985403
3.836660294988281 40.34346282750884
16.52661536719694 7.901394796204697
62.64080318774862 75.3941981698509
65.06682448654938 35.25875375858298
23.202267756274185 3.904027918020969
37.822290912341785 99.54495429233019
41.83685192885297 91.19846878707824
77.38261459972419 73.72860474699952
64.26962695690949 72.67579962310496
40.008556447495266 73.7659319318834
84.49487683587897 33.50440105884164
74.87583852113899 22.25823770284574
