40
20.645183229728104 27.69849800360118
72.66670214592777 96.46671303068615
95.70224104527027 2.3235352402692477
26.17540009917454 31.127222610860763
82.73333223069932 24.550363389041685
24.45805464000538 37.53294633195109
78.05009668113368 46.33332388570541
45.70502721598708 49.361181058247794
82.70951849312195 44.267646240973434
25.278730343126256 54.10407032460483
7.289662171636357 6.831135464443938
59.44297938544321 6.693121580219952
10.03596884894683 3.738668413115498
90.07933357973032 96.95181969511657
83.05138233467045 31.853050745618827
93.55519595570667 78.2636904006462
43.44503068559562 85.98830093230337
73.46296701308617 2.348925438797289
27.033266848217295 57.203230070259096
46.97001470691177 58.03485924351638
90.60561638788826 8.683236565128494
82.2224943604626 68.57858247077327
90.40313745705323 54.64603387862701
50.86619893112143 62.856713850957966
3.3384480514956127 66.2272537205765
42.516487057881314 49.33361446880408
3.2606099106212816 91.67047504810321
48.50977701590473 32.62694304327527
65.77808655990304 77.94596274767099
57.734900846737034 95.10670197405989
45.012799671723535 31.08934075928592
43.562400953286776 43.28863191514937
94.50862042002126 38.64666435932883
80.9082337309953 4.906082593291961
91.31781747262505 18.086415594453552
31.179763966171326 49.77286070581069
98.51645663750111 39.31639737479669
89.62419142765742 87.42138726362818
2.1746822192267423 61.052759773305056
62.866448949644095 63.82268788662609
