38
74.80561180638529 13.778214532991829
19.816210543895274 7.141336845927871
77.1862215059064 24.00392194944443
8.44248462802023 67.81831428651024
41.24246391032806 72.98735823057302
93.10362657010765 57.06906375820605
36.84707880538587 79.75270831704046
92.05941211323268 56.695110249488636
70.15632339039428 48.72299845758672
16.76715568045408 90.77350086694963
92.71762251416669 68.18135102598373
45.6739587816724 41.36699054927541
25.32348702750118 37.36677070667487
16.133205089460333 2.848976967873007
45.17731427886692 96.93980038765069
69.32011252564736 27.08787186222135
39.13849736109256 26.597255474453807
68.35943549341025 49.99312563502119
43.33198697663768 36.23482491043274
47.88293494245461 65.50242120709188
15.577405163640378 26.71803523175059
79.6845052725018 73.78027017786269
75.52802933859873 4.975257607660177
52.8734501957365 29.137155057360264
79.50872634699894 51.10929407809933
82.53898578972333 79.06851197026592
86.88082546444576 37.14354700409864
64.69722234476843 27.790912013653934
37.86555555117527 67.45497532082267
60.82687625127278 45.700987129858916
41.27717151372299 30.24864983908737
66.57868696299661 83.2117513222674
87.36628369865842 21.504255555751495
40.32053904884263 79.05115547405447
25.67033818916252 34.26055887540035
33.20976531370259 26.002138591222824
45.77482179298437 30.69523090912154
23.767451509846047 23.352358161950328
