41
7.330086875377639 27.337111912167323
89.76085596835897 57.169157281508575
26.587008639038988 44.08128166145837
9.021644368740844 80.26677094566497
92.47703305418906 11.588679098412513
71.70731880531224 68.13951617536779
85.8791067465959 16.181574764410122
97.91472197907514 54.46458672925354
6.613929696024268 84.7589208896861
66.91510098669724 62.237408506932276
45.92989000618676 86.26568899734882
80.01827062011087 75.39437105148913
27.32873964615763 41.11204377563615
19.911428713124412 28.222467025789133
16.54968342093479 95.89601245385751
0.8089566790173808 21.312308993667994
67.22117447495653 70.84765268706845
33.35726369523188 76.7619274360113
3.297147223357255 98.4829823235853
66.80181856973132 85.2652931920146
76.16771970962812 79.8696243241515
41.900991082051895 94.99207739316799
51.35605325096433 14.026677042978374
85.22846003740898 44.61042147042136
73.48599020493432 90.95783902371986
46.83020175013035 92.96684145265374
10.299223567421667 88.67802908418977
92.45916636809099 12.373781189845268
34.663448446957325 41.90188552196674
31.243073071401007 79.32212798862237
96.45983104374787 80.03103581476299
74.39207560156981 68.96451672794245
78.52897071005526 18.73399025162129
0.4307401223806906 70.104836556482
82.2982016070344 69.11704071257249
36.681093476175405 53.46041477053094
59.444932765504 14.695155561774708
91.98623169471524 35.20780653714928
40.29038167954517 13.910089681087623
97.73755205429909 34.82117286731492
92.28045369561123 70.04444135800748
