34
82.01211688371205 59.67980779199171
17.61851075336358 65.51724887123379
40.69047935533351 14.995070057519788
55.090009593695044 20.970670732330966
49.26638862365981 24.731377263007857
25.462664003504678 36.23877019575736
65.44440746744247 54.848130744609655
98.95119951497281 1.6435840721314432
62.98227458387259 30.452550244281607
29.359291557354762 10.020415615725875
51.98697334201938 59.463565267768395
22.911440297224782 87.37697148091443
92.40760179224276 78.70542927122825
82.46954506036313 73.5582935393797
51.81368456947041 96.6008082816806
50.25623636621132 16.048881893334055
0.48664176053775376 49.69957225607962
27.63520246515987 61.95041449161642
13.591390690141857 31.15291533910417
38.301534952171004 59.68606452701678
4.1677839767492175 88.04416099975863
62.962830965327356 6.125407707506769
40.43440441897498 99.34871476629786
93.34548207725352 38.912446623919195
73.21373902666902 82.05044756114401
4.01792353455307 53.29505463538929
67.62728318620013 48.87019269254619
18.68747359883214 79.3836234200607
12.754624852716056 55.32450204611054
13.857615781330813 1.1159667879723667
73.22984487581247 99.18615433212187
44.85074692597932 83.38603730441933
29.542434711796652 95.79856520228022
64.26009858023166 26.767298714290334
