36
34.389074182446564 11.429746058738022
13.074827272726852 95.19011510510094
79.40216132296507 7.293081863978501
13.073384669542243 81.54980388442902
90.1477903064661 38.87677287247362
65.29505489324156 30.59899210594599
62.05652243204071 30.81521098873611
79.73315683557583 71.20419577706689
96.39776841747738 4.930150956744505
51.92622071326583 3.2389845195830658
65.3687533619995 58.89963283743403
39.82726996595102 99.18189686282336
75.26171673751735 99.55694304504466
81.8883587158471 77.80776413660159
69.4570734622692 64.4533160825447
46.63230175593297 36.37068159901256
90.15273656389925 10.79779270883553
34.3710342069681 22.67961494282671
19.042723314690026 37.63370799790516
78.3909967062412 30.266334937926555
41.72128666688548 97.59037096264045
56.143385880878505 75.46037421345635
3.814440604692859 49.093588480557436
25.85595987285254 38.30482146250244
25.71264820238386 10.335423166695257
77.45870106359877 60.8095621383536
63.84367866939225 26.12941014795329
98.9344289462329 95.68881582993046
63.83251100825961 40.290387629600644
60.47136449400787 27.752285400697385
94.25441099406304 48.407696071057636
55.00418394731521 88.4914597514467
54.83188029860489 24.506669550217484
94.0678661680801 0.513405811183909
15.837283194224538 56.446134901915315
90.54368714995215 52.70025503160264
