37
65.24400645645103 5.758056434559345
67.0484326769492 57.05242653169713
4.243470689544759 26.19423186011153
61.82023876096792 82.98727667962986
81.01483371720735 46.34263394823135
5.3258133349139865 39.166895889338626
59.900137012970674 92.02168047199957
88.43067782913698 74.54405007982238
13.178616605483596 11.80795185573823
96.02617059605362 93.65667581866283
93.24038871664004 61.252870428773434
3.7297217273808636 77.2147355279691
32.886785710193756 85.37256565965934
40.15934639167735 68.17558926184228
88.9379079884203 16.58952459190641
23.57357419277263 29.082455224658855
74.10161222655518 10.31814020977777
61.323951362428495 41.40885093273775
88.53536142788506 62.61352350103557
5.292214811156848 79.85629418018628
88.69359973543048 48.47227588355732
84.65861356632942 48.81899013810749
44.90876464768026 26.997458955139574
77.56361774895566 51.15023135958492
16.515624498248382 28.38698715257182
66.07259792934302 37.87448416725028
99.84735062169496 76.7294104036534
43.006536428750806 74.08900274580577
91.56522375855317 47.693014195707626
17.80688905313107 68.88801480509902
31.96412939774461 4.7183952876409085
44.94560358095426 53.60643994267294
81.22417469647856 12.205525888241475
31.42794153067593 47.41580868017125
88.98251698403402 47.95872192318379
8.03416687748103 60.87022893322101
27.746993915661967 35.27389312997359
