33
77.76501590063151 22.127544479573903
48.36741370730493 7.860965603079362
53.66766462230312 4.6353621652779236
23.386121796660696 16.073663967749795
59.39571996908578 10.709753950287737
54.56851221573786 65.57634441876789
51.203422372577975 47.91980962784985
18.553536785729186 20.067966378779733
88.46380945474588 30.986420087576384
12.305957363414278 85.41844966490875
90.83298210619049 77.77729541330459
50.41359035242278 69.90409413733471
26.748073798916984 56.33290334867036
10.75096903541879 95.12590205994563
66.72602846930637 65.13920627041612
28.7480979526292 40.179082307081785
56.785016136679936 12.483771375876273
22.110310968573355 44.918150193742655
87.42021194711836 71.06933511232657
24.264249342985 35.78467787452237
75.82833692325357 40.85944140798928
8.043219063046546 64.82962997996124
37.42379666312924 40.17135399719186
33.26159100147571 88.31901202835499
79.84589501409236 89.9386887601184
42.47055767647464 62.492685200740226
27.789603077295443 89.43797551899613
20.159683808844854 59.458877706927005
24.061584990960217 50.429835470638906
59.853111678074235 39.14426338829017
29.887414113819755 68.12651987392884
56.022218137228386 24.31617214610663
42.268229822914435 59.7996731434192
