32
14.354978788896599 98.75733079642504
30.49153720879989 90.06370000692914
8.183506308968735 62.668855588245776
58.485074719056755 68.41360351687045
92.30106793035495 24.90414672400325
63.39218213602658 75.6245091599955
72.86223588499311 31.855932023833923
75.24772948596198 0.06495993414692425
98.87472427378735 20.351015689583907
45.622343835533826 63.99131875995047
81.36632115092326 63.1714756562708
80.72274722290817 88.01984867944512
38.354211939529684 53.54310533863386
72.34991834672577 54.7595298225942
99.86333501572723 4.4611465742893985
46.64982293583269 27.179777579358422
74.47334145599721 77.64038394898265
5.90061291077435 40.08591649815847
86.84451678002235 48.36197236769374
42.97226398133007 37.002443900926906
17.860280944845506 12.573579871564778
41.5082726539025 25.889152764349397
12.604455294429872 98.13598151719467
52.86755288969037 92.05871735862513
89.67326522682448 55.33221120897406
71.70389615251237 28.965603013546282
99.31375709658155 80.92621219479977
6.488638945332248 37.243253438886136
83.6769984896808 25.78703145785689
94.91469573780617 61.71870776069889
54.01865114508788 87.69571675700294
15.89403322321521 68.75985317899979
