35
94.1846167767151 58.9051869808369
13.149273905802195 69.28745213642257
20.063188613571402 31.764083494939253
55.540464127821906 92.25354696145061
18.432867073428937 20.046194893597225
38.813633605110454 10.477866568125126
97.90723204145094 46.71637010117207
13.528481046572294 53.538835153536
45.29394440851514 45.98031754492825
50.603824633265674 51.22367131513981
58.884133064489944 0.2591908959629907
60.210710226070184 9.062238700202464
70.99761305210059 88.74291811924896
84.57012558525317 4.199499470586876
95.2350800031634 38.87015395401174
96.99097235757114 4.4763868514185345
3.7708907331864494 74.63104852837765
29.85727702889598 53.032059674450984
92.48947847451736 55.288376316664525
23.10341667515099 65.39313513838182
43.55201477145615 97.19069873868668
51.572755996159124 17.127835514195855
92.60012811982634 46.385187237871506
96.63519800207588 91.37226587074353
80.44956949859393 37.026983826532486
5.860234958735866 33.512703123051224
93.21739883824665 24.59280654760352
76.27852203690917 60.871370827249585
2.7724992662836234 79.9552689981681
91.28874647260791 96.66777587372152
63.53699242642623 26.528779727811823
68.09116863039411 33.50924541017979
33.066714903266394 95.60772730781429
80.94102773700503 86.14558016836709
18.74021798800245 97.46508551418054
