44
55.17785814500541 28.397880562398626
1.5731564661944142 97.54370657778811
66.96187998974654 91.55677751402112
3.7623186430096767 92.20277403886799
45.59674026440074 35.96420556138475
81.32180168020794 86.82275605509355
93.35909754817276 19.935653390317608
57.76873334013053 24.855938790095134
45.349936049912934 96.92966339866558
6.759952893294685 11.217172803230312
24.31679949705413 47.78916304263417
85.26301263841354 91.809557128521
72.21144212704567 28.639920741162083
33.61984884743047 78.01931875835201
52.32238041129641 63.4442894187235
90.97135490135928 70.1907307072737
30.609332585288207 54.82989491252105
55.41711477642652 68.48873779739047
7.669341347500991 45.61694736750324
5.100607414792513 70.50386257241182
29.615023765198757 35.01934505483424
83.39728724557183 95.67993650729977
96.75562034903687 46.91726425226399
13.272142189002878 70.42201361163823
77.3099189598128 48.46314636015783
42.00815582181027 73.89791618180371
66.7479665876241 55.45486989536692
13.291264130577062 71.35484464981896
32.93428571481242 29.572030831927833
22.109357225464045 85.21398901753115
20.084533034529407 13.849747429546754
96.7353261181479 30.50245001939471
26.840357293658514 49.045185585388886
55.25612903225847 76.55032620281754
72.14713227722613 63.1873674440759
24.712108588550652 6.361351634893309
62.52572485935672 71.98579922676515
23.52826676600337 70.99961360839968
53.84298136980335 21.507019135110873
82.80870422294024 28.065600543667458
5.6013777612419435 86.76176518725075
73.039111559711 81.6646390673637
16.263089753309977 52.088603091582044
76.99407056911987 9.194905114944552
