42
1.3123901380940217 98.51521913542501
69.29828334789335 32.98262090084052
15.90804126584019 2.100353555885226
61.675578661502165 99.26876377044051
38.25215995279335 76.43055432115271
59.11756648276453 60.04752500963505
29.528333245715054 83.61823410911057
24.55347431957694 15.749332070746169
42.09502454433039 92.14073236004383
79.77802483267416 32.06359322927058
86.6432940337489 49.555484893899326
14.128330940495504 93.256117630263
48.640253406014914 11.149415766494608
16.798420965209637 57.36842750701901
73.82812717620459 75.86451062326664
8.011766717628133 79.52188335051514
95.05358046163279 29.65698383503299
50.42009552250866 77.82737143721998
90.54213002777249 8.202762177565582
9.413479794262292 59.68205141900176
27.75873991983596 61.95243952287143
28.886082105097476 29.395626967492007
1.1020661731057646 58.20966876463468
95.38429123560647 40.84904928036464
39.788009438909796 27.927963368269225
48.82927523924134 57.21885959219827
17.544131413832144 62.004459351851516
19.724302479302114 78.00949636075232
6.1153294873060755 74.10154934017913
80.72498783970907 67.82717302670102
30.219073947397302 48.662484297619216
48.77440455134231 49.41868154583781
21.138903876680104 15.582721104587161
87.86545207830017 99.602989983214
1.911187104168921 92.55676835709075
38.968588438398875 2.6761362607864325
33.28621170077933 21.73177662446588
56.04818156661199 95.97392400637318
1.569307246412166 33.686586712965685
47.42535719062098 32.84965275281794
95.27042548725657 96.84016506636752
75.96034792850443 4.929072268857782
