45
66.34451838468603 12.96287661635872
99.78572582026645 92.4294053290139
43.39259467594435 73.4480050031315
1.9899330066288967 16.224668724875567
7.508111655496297 57.29944329321596
1.0620085609147734 8.487198995820622
6.193092403615063 39.69465897832172
2.694365176727398 53.86705993873237
82.83818678285544 79.49560665977707
74.00384371468829 46.752206584827505
68.13800956869572 31.153730182367546
6.8362899641536305 44.488524172320176
67.98697302269171 13.004943794114343
74.76756865506415 33.86150737476533
3.818615642901313 99.91085250250661
24.188006268594677 30.243041367283784
91.88114315700943 58.471035472205436
82.95652254180901 37.01006667643204
97.84372925046911 8.718437104664423
78.04940880671809 75.1061710504051
30.872533008804115 72.21853790948227
7.273062598420732 48.89091971721227
48.38840448278495 89.65117471418932
18.125739390715022 13.035913321927605
59.21387718920048 32.997037063581125
14.00557579855567 24.438523642304744
44.002196141455165 44.240704638784564
40.586248748153686 46.99530236662861
76.91799439416253 1.273544907162527
32.66688302350096 99.96797546651888
74.89763394093241 88.4344082026911
29.566069028418028 55.74847648735112
94.43447426958667 33.591630663787384
41.084370239589305 32.711043076990954
48.91437999649328 50.35676196396054
4.451563267964498 77.00483672195648
56.60014428703689 94.7936451347894
74.55328495711781 39.21037762668581
0.5025251530593633 21.755089312319065
8.818095148006522 55.45313732201828
31.017355100546638 81.91045421360289
15.520359263619143 18.293464933812952
10.626208751198352 98.24616464355475
33.30423631691354 66.15379272909809
15.178639806570304 58.107110455551314
