50
91.44387625541594 86.33738858576062
61.36016686103398 59.983301356846894
34.04002499462352 61.66354142409119
80.93560558301776 79.06765092434338
13.578164700229644 72.47796844706406
95.46042157385102 96.55368728591851
70.68423422510467 7.507443042245332
71.61585400957202 27.14588390184304
68.99538979132537 88.07944629242348
37.478910019927845 74.88058568766587
48.97809363397481 52.90165490374022
53.06559021898391 18.20492215498821
2.651992567894257 47.43723533131077
97.91820223935474 91.74327291896246
3.4316430551366905 86.58812049691736
12.349240676486783 86.69360208663755
85.83910012544817 80.45589421411292
42.359240288463226 77.07736796812941
22.621445894298297 2.903570078858264
56.11576360668005 76.30884836038543
51.97878203929456 50.82706495945699
84.01718402404606 40.75266977950604
79.73084094812515 13.5336903439637
62.2805840967782 61.98127943835312
87.17847174928043 9.593434523255052
82.50037667132737 75.1846945296745
95.35224482257337 68.16236763110419
90.94460541376566 2.701922681800484
42.82318011956694 57.047534730762564
93.89862605803032 19.78387253178776
30.32046386476569 66.75375205693886
75.37248147251199 71.18186722979945
51.598536290298725 16.138707665587205
85.78146372510454 91.15019714265412
89.70764488163763 33.869781530893185
83.03459828133025 45.497949604976675
64.39552699410109 57.533908889158106
21.0956458364418 45.37369258417699
41.51925688653589 98.33521251473366
59.980905655218464 57.57539098048268
72.58170852625808 52.193287855743066
25.947317722592768 10.587822633063027
84.60946255286206 27.89163059691342
27.551657755675883 23.56316306243138
71.71121712996975 86.78174426781423
61.78040839352524 89.12157658810186
64.7570533889965 54.20243187461099
18.61085682782856 2.4802087448460686
12.456992569153137 35.92799800904074
1.782805287695255 80.15687883585835
