49
26.97299228607082 56.43524548309961
65.41268635026633 61.0929309671032
89.4277921203364 17.97129440377574
74.61843467603988 5.447052193419532
60.044157335045526 36.07162549147931
43.52230593330524 13.300426482162264
80.15845550406489 28.75141818143253
45.71343344166691 73.62388916033386
38.26307501242449 12.602099775562492
61.89391040189853 64.6692191975474
11.00664000472904 98.74586957299134
19.647665276999216 85.5878800483061
56.41782565917253 10.320657472340123
19.444311847698593 16.01477770297478
73.98960376309785 8.173978635751865
28.42807380978496 94.51508311232081
83.50768119265538 46.88623712753321
99.9960821348552 79.63105765079096
42.23228200919416 94.13994822154284
20.426821695493448 84.78407147057732
33.76497035642312 22.67035822173372
28.24541570059952 57.56145121430746
30.005023859234427 95.04431157089113
86.37723898580231 0.0988716710578541
92.11839415039553 13.275813972189876
16.382549761754827 78.71996365998932
84.27991539795958 27.260066460275524
2.3890293213953417 29.829332583049773
70.76162537119437 46.45749660507018
68.77476101681019 26.34156812493722
90.10499685925113 18.19055894955929
43.407323727617865 35.7016494764936
80.58510333147414 17.12244892057835
7.042652796002924 85.77786980637072
40.95398781765005 87.5918420713341
30.45603358582606 17.223641525814404
59.84470234805305 43.87677571158577
76.21458691737362 93.94491539592855
5.4077042443607 80.40020671832127
71.18701929231098 24.548628726415078
45.06662701928765 1.2876015343189273
15.627767128045422 51.53616565335124
38.08464934175845 63.37489614358452
57.30386373824761 22.265719061586488
30.502710218607156 37.82484347794322
26.683059415460875 42.32195039962312
67.75418118155008 34.23156729403013
90.69363555163609 16.137414482495792
15.817391446404816 35.60272556941221
