48
14.770388299736437 26.904875535110982
60.737135260002226 11.616926920996784
18.69459434100057 32.31774730017561
0.6556350846964709 45.270106265671764
30.221967548368912 72.90701562349537
70.19966725485895 99.58750298056577
15.474656165186895 59.60467454475643
29.674330109977433 37.12281154244524
74.62704356688882 19.55084704765493
0.35323482895018854 73.76378826177226
3.96541373637308 33.83860560529417
22.019009329573645 45.27735443882905
97.68351866552685 23.16035596758823
22.99767898323857 24.029049782342703
65.31274510502453 37.31867068635359
15.44372237847268 7.795137707019051
65.75242282726241 42.55971275615886
54.29322542005458 28.29435458649393
8.843568947108327 51.858399070795656
16.332978358859375 88.74338956592148
68.52209460531988 27.99739473627072
48.03330854939916 48.607013945172575
15.024536383478349 26.782040053195043
92.61672528634554 52.9313394098543
4.877416961821146 64.25103515019033
79.19034530891058 41.00539808687989
76.65060341992354 69.27096838439294
86.65125705356414 47.299378800297056
21.6819581643422 7.76219838159784
13.775810773401387 34.295534187761255
9.584543268330348 27.984529818870328
63.48606301309041 0.06224536890592214
11.014633134045548 60.418012199238525
66.57873659984446 65.63117318883425
49.61215330289088 20.194175846922903
66.03105505221762 69.88089085222032
14.893214146213241 12.264686829358084
35.18042261831913 23.567422184994136
59.241537880217656 3.789255818614823
58.821752453235895 11.012213394240566
90.02140794247634 40.8560333096326
70.87013933122452 67.81555476323447
86.26452557747498 54.188630061734344
48.76438806990674 66.57930026848629
41.2651934245696 65.94331704797942
11.803904065789105 27.258496044756185
49.142187720817034 85.79756942117235
38.06702984955894 77.81541504194847
