46
8.116926401607783 74.7925482343873
61.38878355836381 54.824279050971604
94.75446917946635 97.94366217767234
32.76587131800611 19.49345764475946
88.78376669864258 87.88756875888546
47.50211093313027 93.10469633987239
74.0360040197515 44.94634459623031
87.9247250727062 27.917473184678123
74.74450908402865 88.20802308888757
68.59302621183336 71.25087818246017
10.324735684698416 44.28866414942709
85.00057196152632 43.873884011367906
57.71192676808957 83.12106131254693
85.43961474799056 48.8488478990341
79.48875113131311 38.818823164602456
37.80357833983772 74.92398350978074
40.421783566780014 25.837606998984587
5.516131242153444 60.456358926575184
71.8417561190986 68.47612957969473
98.6202228014506 85.28605853726317
27.857958959153084 73.47268706528762
36.640689848473684 96.52002093490178
74.58119274279362 97.97915658895175
1.5586285923858911 82.72094072253981
51.37758733268245 7.461362360029122
57.25825432688608 71.33440794386233
76.52101834591902 45.74358228732082
3.1460937450287774 47.77476988114708
54.616275789364366 83.09996773818695
7.168813851062616 44.59521084456086
17.58092630777127 21.180811751841787
93.83151783683445 33.733612031250814
2.3833698031273776 36.71004046426779
74.88965466661966 3.7949564653919743
43.85291604703559 21.028513604342937
53.23407229939031 45.428573821703566
8.083850960370953 56.51462035956099
42.385828376864275 9.165768507197125
59.851932722848154 94.50573977574237
86.76244964801822 1.2269909490849162
34.05476740352523 17.958550204304803
68.64485640255714 90.21022482912616
19.316225930288756 2.3898977422680434
95.31249500119434 98.66754467204979
51.499317549255764 86.99454295891613
67.65742827698296 5.459204217867275
