51
4.572044584680013 13.278211810253481
68.89862508687445 92.43650131124774
83.29460633447246 52.06595373723067
34.07647070922818 77.1327148047025
47.63010303249312 89.14706481723739
21.611609587981572 13.543791660978755
29.79447101863747 58.4892692077741
13.315967220128899 21.883410016466964
21.571893265141618 61.3875179326846
96.91689831356436 33.73796029145083
6.5698484782042765 54.10467748197551
91.77675813348107 62.228511348217296
48.577649711238 29.14765372536482
99.69511280887367 61.711431089673916
21.42138774089759 74.5863044898451
11.1585455232459 20.585733886269864
36.58938256406431 48.786971057983386
56.89182251387944 36.51392118139778
9.145276524377778 12.169720414506413
10.326552022120527 7.148534653156857
56.62715197496527 56.69913878440248
46.93320114677449 57.326594838096
91.6784792538432 43.282914060836816
62.44971075622227 33.34240123628634
96.20994787511854 26.66605417295056
65.26829098547152 14.89673056128542
15.70253964660714 25.419439638036188
56.65593085472251 48.34466383142806
57.072813552281666 51.34070575299048
0.1756597429943607 16.89758922984711
9.449337909569977 19.29290734949536
52.17323391647582 87.14149730993311
16.55195845698454 35.96608490916532
23.86649463036671 93.86124831274857
66.96028079346533 36.629224963807204
71.52867931948367 83.06249617317937
87.0416001315738 15.940715878992739
13.900195783380099 23.888540760554754
32.400053417623745 98.64863311492718
19.694694840637894 47.47704092395673
79.55078136418591 83.85317537291665
53.189074095259116 58.41392146926333
61.322886398772624 75.968723783797
61.84186906719372 66.35778504755962
89.01882538399043 17.351449820906883
22.06071788850584 13.77480374092862
10.85981642318118 90.97586618927285
63.522963107874084 9.839620554806894
64.82878846031528 88.22336895044349
38.542532775527874 47.22643530818276
37.73940880549647 41.384004839557484
