43
26.28401124386829 55.57889616296469
67.87963288037734 0.8667736896353029
55.913874408223975 91.369293463994
1.617667493489261 12.142129555382986
11.030852090704812 72.65005111693844
80.42157475872735 54.335761276383074
55.88651089376031 86.20983062641584
75.25142631407307 81.53758560442022
90.32945569970863 22.87621311999779
8.970246500633028 47.615454353951634
9.713794245304562 32.6227448069489
83.29627123019837 50.601821365226144
58.36115823867165 56.66074519126136
44.12469244961191 54.84384544107807
79.3391970503005 63.26099708863852
85.11234959896268 54.06585363517687
70.90277482259293 53.36009752865495
46.125081094630424 13.243183174227402
10.274263912252056 92.75338153270837
73.80687723601747 87.65059140569045
99.29300482811558 0.5615583266664115
14.600260607282156 81.40992071646107
65.03966232371667 4.858562970430436
26.314755005887235 87.18344595669546
70.66815673124471 62.06763104283644
35.30232178821229 88.4087706807128
42.94473962483718 77.66116281333659
55.274111656180544 84.71773128888856
97.4250133197014 93.16857993367607
59.86550904211172 26.383519380594667
68.41929697706234 21.791447155482444
93.7240261952441 80.98756485373015
12.631641262120318 9.89104707992997
97.2525856845823 82.57852530781614
44.1511869088176 79.26786527991293
31.932750242866128 19.627771296873718
44.54506131084265 94.89610423755853
12.869337886696675 57.91444044882348
30.071221333145203 17.282967762433486
84.52140108036517 24.04854037387697
1.834709103441845 88.99372349506126
55.858872903994275 36.39430850402683
99.89317079846009 8.892344720802182
