47
99.03685021922793 34.794494892639484
98.58066942160339 10.686191658408228
57.48763397390486 28.390596996527716
62.853640366748095 76.2822772835473
3.889728821815608 93.67553856943778
65.69490125117939 28.25334061456537
39.64251354506426 3.4301308121081675
12.358014021803243 40.97308073041231
51.3852887068684 35.63023028687531
77.57670041066726 56.17616402248709
71.8658026284616 8.409903273898035
37.454402211506924 85.06062419541166
68.39793520955337 21.530859005292204
30.172329148427778 3.808618233660732
56.198840621534394 34.970366061435485
75.5379468908686 10.74456382142025
69.41243372369809 90.04426015249196
40.27912275036025 93.2972250464836
57.63387514769852 13.985838474824652
14.109606676067067 72.55557599007906
65.95395398453287 68.42012364901989
85.50293296983503 11.245391427238394
11.123969748743988 2.465422136103035
29.044526205522526 78.73279950241158
6.882740521391451 82.81801040738735
7.45362628297247 77.49398495508945
14.579822030655365 64.17915151358984
34.69270128333739 36.077263536024574
3.773825868493863 89.41222708653203
25.861198587115364 80.44007613840243
15.408512918775685 57.24541309214035
43.98418899946602 98.17386632424119
71.50993349797476 20.41462188177795
22.035710551398534 56.65086336416909
61.590953186285844 39.08994070855777
64.40274309187787 44.691315886022686
17.784809966740678 69.67472038481776
64.08096805489562 66.35189515922335
67.69820120896519 70.69193502850274
95.37418718206878 68.38180344727341
79.89850221152334 42.981429266610824
23.54103635429341 79.07280680958544
98.93486960840936 9.651640764082902
45.774160669380436 90.78417788380243
51.93942231465867 82.61104806839684
6.163685268301721 18.33383637685747
54.52318927491328 97.63200448627236
