55
18.581599523470583 91.11236072730168
19.50618330848688 81.20922686783565
25.386932869629387 33.06159114455952
15.317483528662812 40.46535746324669
9.706568814615313 68.9946774577008
29.69792797224561 25.30746082080999
47.457672682143446 16.63396887240143
9.322099041473786 36.751461116155824
52.83986716521941 70.82334172874087
12.53843582683174 77.35001602030073
37.530936818455196 79.43533882025213
18.634545123443836 65.26374287191884
77.37655351102843 89.08084031630786
0.3787292113389018 3.238266086014807
10.314592218160957 26.600267073592608
83.33169343554758 77.69612686632519
19.23521517739537 28.803051520182045
9.983716581597402 18.77543074025205
25.44554684899788 49.15011240350988
50.53804598396887 71.97582189984126
74.31502734105393 14.0742208881805
87.77720311202182 10.87613091489452
51.62085097002088 66.6831526784004
88.38149573926185 11.875223250833377
62.665633076810934 90.93431621346373
76.66119969373455 80.35581400733363
71.21880399806344 69.53240734032093
38.9970117087466 70.27269954255034
95.52241888612576 78.83411660539575
0.547349920286766 9.19714688677754
14.023291029642381 77.0841511772204
93.36763761172978 78.11860683224073
25.44720515321287 22.73985840107775
8.731056641782963 34.73320127682762
84.33132969731577 54.96050284201532
35.9381580457621 61.29111769906721
21.52738866397432 57.75247302267129
62.32437235701313 87.67317355861161
63.072193527689066 10.304769906440448
28.014212078971433 54.43580232490736
42.320194952002666 57.100430721775005
12.229887777391536 70.57273934514409
80.95355490338449 51.90013655934346
51.46536404987374 44.24572408947836
14.3229724860511 67.03001933276398
73.77441462339014 69.40686190635023
87.2815454546896 6.571370662374054
2.0516870701384193 59.061780578262216
46.25430722535441 39.00801884227151
39.477304676182534 54.882733958570654
91.21510813577753 49.13407484556072
20.803215845832167 75.21946163742595
2.255224824986979 32.788975490916606
13.18053474189882 99.11459289679001
29.922541622126474 23.734024066744542
