60
10.579111438847855 88.4285823836092
33.5444150532743 87.97983764994696
73.87063347938803 15.74723544845641
32.442477488693996 85.7200821195615
62.2778979276167 24.090801009909015
74.16034956717426 2.7084610239534013
11.753368854709445 90.40162446192123
61.51880407114938 5.636098579420423
55.10587355106229 7.130791626909594
21.591962779976225 92.18572179835115
23.749857345391213 0.34739068799234385
81.1110838219247 81.7332940267751
99.20339040192698 98.77948679662465
64.89011824112151 97.97151001633763
84.5675030774746 61.64059775231785
36.450095375245574 40.634619733710664
68.49889161994578 22.25159248159062
84.7822808216754 40.10972082957759
52.85511761988146 0.7337831713908338
7.8234760734000375 88.2680898499548
93.51465042134018 24.700891031440285
97.58283890157759 19.352884404516992
99.45521176992872 85.4254246702587
40.261723069184065 45.985193463978035
80.33095765043518 3.7168188149185544
99.80599354912954 45.136925108554024
28.30954050426664 0.30423813516513576
91.433819974202 39.850378457962506
69.9154944634785 48.93209410251398
76.85171264732877 36.01625291776348
73.07818156272735 98.81624343223672
64.08724327918551 62.82917956437157
63.34274394795488 67.48024037029425
81.0273639614641 71.7288880006198
36.58239145087937 29.54969954429607
88.09773880392189 60.20357215558714
32.832170684644666 48.886977928983995
86.43133034953995 58.846279167969115
42.15534165645658 70.61837519351909
80.23497252698219 26.899682235858812
42.19692204972135 56.97490854787542
90.87779649820284 81.98291877746745
54.76688703178605 58.73963319055034
16.111441515524483 84.13316790085311
90.01050527576271 25.547297296887006
66.8692473623119 91.46896665776585
39.162925615142306 38.94353748224507
17.715163743183727 38.416682888746436
70.4032215167795 49.20535233650448
30.809839830554797 35.30659353291226
33.042762090647024 71.34735550158194
76.22596649178043 5.289690620584386
11.144911138215951 68.13311411181131
91.29951467589058 6.9891220910617395
31.723891516246518 97.88399001450492
63.84370491948697 5.746678562065699
35.75328894668775 10.96675387937852
94.63737144889275 9.289765177142439
59.349394659707855 99.7790256140299
0.960692292642773 83.55371343579534
