61
8.323596306892622 99.65281584766352
75.98035910179665 81.93838421047802
44.59058596092618 41.5702648974275
16.73764336392588 92.2806977848934
41.01157927655683 81.9558313947359
19.481449954760865 49.21318101240863
7.976259386116236 73.65549589766044
28.26227021339752 47.1434598497798
98.78278756660865 76.8938947998929
72.45717760570986 85.49105675900957
20.61615071792684 56.77092576821543
52.44184671618305 70.02678979114934
20.297872922252736 49.33974128172463
24.018387758754034 24.82887225062572
77.76827997575211 76.09914985577684
78.04619854713762 19.485898721806414
78.5808074744381 59.96931770357735
54.79033605533622 54.269073370332954
84.37627454721077 20.23906080024932
16.989658148473897 77.97352069017182
53.77546209495277 30.741608130850285
85.91613329650494 92.26510369199731
24.735353822516203 61.719927245394935
10.115917376634641 28.32766462326496
71.32418255134861 20.90334086204382
84.16073202303068 47.74372657724615
45.39170165253734 6.538493288221215
80.32042542047903 53.64905153807417
98.77997390933389 47.92485967061594
42.09846444320827 80.35064097658918
11.008449610245407 17.661305665616712
76.5997276361019 0.5250512488222059
44.22841719588717 42.07092123797174
73.87735493546748 17.751183813489078
99.87963938887722 28.416646725455962
3.5197104578504557 86.31127154157254
53.72018261311972 85.03714503449643
94.01797891585568 61.93212325230009
36.28658920316361 85.70881213707024
44.376214109579614 98.86581582886201
48.07353447720152 46.015232532818764
64.90732082267677 83.83967281657905
93.02760250574377 60.8167564563175
39.59185327086326 58.476721450429004
0.2595713401582933 75.83146401037239
90.77378250957516 71.24301750237441
23.919771899203614 14.168131772636395
1.5511468788085847 87.89636009107905
57.17239954759032 16.40222965875211
36.0272488085133 91.94646143404553
73.17225910081112 36.5358226727017
81.2820547531239 84.61643795300522
99.77235843968546 78.55704829845455
57.07008093013115 31.671887599963544
53.718257088115436 71.63053456061196
19.275687685987407 17.630150212795904
46.99067453876028 58.349338685356386
23.64949542312177 98.49519422537992
92.68470609348876 50.46815076022811
51.19850758023365 71.833394563471
36.58585378556381 20.753701906409706
