57
55.5879945229777 38.689474721438174
33.12158507409069 89.98281872806508
48.92346565326212 94.14053671894813
66.05146588543793 93.84570632474761
60.06317340897579 48.38819430068455
88.31590939760594 71.89628132960621
65.44571586423771 66.10243911036845
39.241399890490435 94.371551591752
79.71870653692594 37.28160503161541
47.848163437044086 99.13678408364942
97.92699486535591 38.15094128677528
61.21486733983006 71.83915314513018
18.485692446355717 89.40842078075524
13.466588021662185 23.63104728985196
74.224054338218 65.1109900110112
76.8283651875772 67.51716534877598
98.36563975208372 94.39677269377039
38.6713840785547 92.19684254010778
39.09428000296914 45.446230389862485
78.4425502326868 64.77628148909169
18.2025323959532 55.15399437311167
85.3539643243654 85.03611123361442
50.22015723190613 42.15194105599648
40.85973138539891 53.35154731738938
35.85798031115293 86.48783251099974
44.3008802219387 11.972153629872228
89.48493924320022 16.969416560843577
58.255804584733475 89.78044121291798
34.723524222928816 67.54380617667326
94.86330203800327 24.50655171719105
4.054209054333347 60.681961383445625
17.028579489793326 80.8360165866468
94.001940804424 79.53467604490137
94.51621302906328 17.239311181698014
64.96051499707484 0.6787458693013226
44.61832785945193 65.58798163460472
11.273283606685869 7.7321583122557875
78.11633081880144 35.09436020716667
22.41408472526789 33.6646705540494
27.3182824173392 52.65685823603948
21.354072102083286 25.537419358163294
38.47975019259603 51.00787806828271
60.34133405347124 53.38973111625863
89.1694416846965 28.956813434716423
56.81902631238721 12.412590546503743
30.751761900282503 10.390243315492697
50.053024131709776 34.34582365880809
98.6929214747499 23.79703772926528
35.258518755650684 34.471235430554714
34.27046687495046 62.14159181046905
46.800388052016636 3.6342337782654055
16.58814805199671 1.5350005653541277
98.85710274011379 31.722819575098306
31.380433541059148 64.64926296853311
62.692787163494 18.796432329925537
76.74162529662455 11.674766277666759
76.48060641437559 21.202608923508105
