54
9.758810254197293 84.37917368132486
38.63211023450679 7.821436561905893
85.28137486402287 33.681265620470526
28.606723140109903 37.09636187347781
4.410298670452761 73.82739015163237
17.829353355937393 87.9642397889745
23.26368020978916 90.65513671633991
51.38533749355538 40.6364012842212
34.16805504786211 50.98448304942568
72.34698633995606 27.689705993000345
34.78688095808261 1.2813442408275644
82.08049416754827 63.463228405132
54.243631322639416 53.09877879808842
8.514733471345949 61.37344639180352
75.28548528036951 35.416340707523794
39.89011759271622 58.38495209118895
88.51733545641996 92.56985706923862
20.563851309848403 50.830103821777584
80.9489026374653 90.84587326773256
20.397343185872096 92.4725505428604
46.09363826682734 79.39980353638674
89.86004255907864 53.10404442916487
58.055242704837454 44.62776881826651
82.17972165062586 98.34619912086394
86.25906247548413 68.96330952630304
53.399279616263605 98.5656724424266
5.3055142073793355 27.084374898161478
62.01933945042883 51.05388642886868
71.12709975528433 79.0906720650302
61.84600575925968 2.863463624186835
83.3257766410958 14.985136182402925
54.576968548502755 96.30261526181195
31.21827163019161 23.40819297932677
79.56975963462955 34.93579327660187
49.62231568895664 12.324184491310518
59.49480657692979 39.814978329637455
25.39428404456028 20.459124997077204
70.65302147579541 57.478424487107105
18.379156809095132 12.003672523398578
78.33516327691939 17.70934899591845
27.673615932038707 49.01100376855153
26.352426334772638 19.39840042641722
66.45084286716445 33.59661206377032
51.05023814422987 61.9915669057305
21.003603235639524 51.93983771765204
30.595298700278896 76.98946865780421
37.716055807290196 81.82117478484442
64.86590214207904 4.640486252768894
5.080526336287228 23.73496842936279
63.64410070288753 83.03022084913606
99.82892278567374 67.1511061645551
31.1545104225865 47.094193002577036
16.69490218294001 52.44393714888628
55.40549842669679 57.18085995421137
