59
85.55485721163816 2.1329540911420697
53.25110080261678 97.38715516721727
39.00253264472781 0.59896750073829
41.47322982922277 12.897025314102262
34.53069910250996 63.67952471144168
21.348985742452122 81.24381110787296
73.0831090835583 15.802733468542296
69.59211973529658 84.50082384597597
1.3277327400113004 97.34556052682906
99.87930878406264 84.6888172100447
28.0689416639895 82.89985020548994
33.35724656803505 6.1920728188700425
10.19135627011356 55.06722740610047
21.470296683524303 42.76888692258605
20.43753914015737 30.300490259851433
1.904759916182508 2.436441203234385
53.20217692142266 16.233134951536687
8.239024238673565 0.168464321912154
62.52566910804552 99.16139969049718
66.61277697244981 49.67064215905229
12.700519010249057 45.99378065437018
76.60228453119373 9.213605615206355
99.5590596370777 65.71787455399942
91.82263897713644 95.53984947890766
28.214181103761515 15.9621057578193
14.222563922829368 81.41974558643128
29.434342506243016 23.442510822824524
55.92163885180411 81.50551814248428
76.28253388748205 12.124020499207777
76.40886507863183 79.20104395900094
33.83275179755687 55.04024093567544
92.25424874751951 54.0657939066895
93.94067293476553 7.207549725499918
8.248729331076577 47.08187397146902
0.11424124975050187 27.21316170286947
95.42192980195232 66.81601442136989
52.28189528479895 42.904869665566515
60.84522053318228 4.612365565893384
68.02296218101085 30.902814843859673
84.10840701392027 26.572572324468425
28.24692158830092 21.23107799298677
95.441876215548 98.47851095670498
72.616426929666 57.84485803069798
85.04808645310375 56.79521380031937
76.34016480573392 59.94213103945174
6.403883868610838 87.97263264580077
44.50720080213569 57.37556722564413
49.73618638217743 3.2002591712678607
9.110777822848515 46.420947835796426
99.23186788752851 15.894494423184124
49.28742228097911 33.77253665156541
0.39324142813425 99.01753592451827
86.79508663285657 35.58244114514248
46.563330005368144 7.759124778893134
10.301790186192605 98.51576478630751
25.923179674684715 69.23982740550223
88.12727772793892 0.1648018154269404
9.839709745084813 29.573656429635076
35.51195652111585 67.87294138582412
