58
4.810091594752885 36.260765195508505
77.16037046211653 31.884266667633852
71.79566317867977 93.32615352391458
8.833196177432667 77.99778067717932
45.40107622612395 86.20210815383341
4.854609425246603 30.945372488982926
62.804006994542526 79.02184812820533
21.050822793690827 97.14824071724635
76.20021054787725 90.46877003166699
99.50883139989811 39.21749373425326
43.36880660525946 40.800043488288004
43.218288679622106 16.70802436838813
51.77426426314712 24.62008395666687
53.42338407369572 2.0277714236061284
41.47618098704233 71.28184223485587
25.27534829946434 75.66341701909239
82.89077521456261 41.4915319772155
86.04905206082817 79.85013355904022
32.776570237719525 0.5196000875026696
27.233189252590652 24.020242265081116
57.99564082625075 51.904173882191685
39.99626445708078 60.77509464391684
77.9058493145099 88.19825348576519
32.47895422259117 76.19672904170696
18.335418217615242 22.347845148375878
27.484760899688222 31.697366933890535
23.838272861828138 98.81713257027126
85.6627780211643 96.14649763564772
14.32129552321223 17.358018193810455
33.502360687640774 92.86700285012193
24.232205522131657 20.44776300849992
6.723676888964391 57.02098306647779
95.4924579682008 99.08230703982834
48.16409445896363 29.886233858825996
89.65412080856541 88.69164544303717
31.03013951768785 63.002405927812596
78.76345865051708 7.490422483966396
36.32206944138387 95.53647951440057
3.335454061061982 58.34329694040618
68.22446059551797 30.014673876127752
47.047145837222345 71.8991978203374
41.89924951024588 30.25853219640222
88.8190448338357 58.89133479636575
10.752063693765002 69.27683247231985
69.96562004386408 74.62241963270098
50.31594432099451 13.448074197030834
45.46855812257418 66.0028625187683
5.453956392071979 80.62133288062988
24.40113339951886 79.95832940927755
88.76140635096984 70.11208575707599
63.0453246456387 2.223530216958125
43.43820557029295 71.58056943279583
54.04786163146156 80.19167972151543
41.15675924882366 54.60730997723425
43.417642613566365 88.96420434829966
87.21448567506054 77.7597686572312
78.75405428030172 74.02989111918046
8.935142151364806 18.639633543098043
