52
56.27953768677409 81.44582209422373
21.342095159169606 58.23415633011562
52.243261277116495 20.182600584514198
17.19035093856226 64.63483317747126
9.952808003170565 57.320512892246946
34.06878549089269 41.01380027485641
98.76712055120393 44.479375247399275
5.669521783450371 76.06593184086053
81.63892287240361 24.193332440442617
21.312225898233528 99.62899911592955
58.839358345243994 55.67509052402948
75.71146789911425 56.19796224695685
11.651162777667313 24.920805756842235
16.528365543809254 8.761641901624174
26.866209643501225 55.93796274616909
28.252064022911473 43.75021817654926
74.80838983912204 89.78446891912533
47.98162990883916 68.6856664553267
79.31560515070389 12.777209490235276
33.20678656804061 21.732098415628464
9.921712887159384 83.76297522221685
4.779896484205737 58.36280455895043
58.26469398016303 14.898300542888009
23.254485565990947 94.8125334085016
55.961563278545334 97.8174605646947
14.251508454311068 63.14671946235553
26.451715496339933 75.83901014002437
14.179286083839028 4.400462986548181
34.589117619445084 56.47118881388307
13.411172238969016 5.376194256051104
16.872290773227196 16.757521365326923
22.86172073805285 46.93035090197992
20.617535221255924 94.90625803879834
88.74529972143428 9.72879255978938
10.226146940203208 61.36448058166203
84.43158972705618 7.157077531084832
36.313622192737505 40.54047568462801
86.83646283954674 87.59566309668095
2.1806165004815137 91.73867190610324
0.43279349409163226 50.36972021872295
3.4129936426633645 72.4774950836111
48.15830894564442 26.334968137514323
33.53856982262351 29.407454244188703
76.71715578154804 80.27427434835793
66.71841097473215 77.13920318112379
14.356399884207004 62.66479527479001
9.497063419650365 76.32361262311831
83.46119530344772 54.560733981284706
12.621150365430333 63.706655141868275
66.62785319572764 14.653646141900145
36.18233248954057 88.67430147698279
35.457724350980826 23.676900894922102
