56
70.34225336101487 53.427571740807835
74.64610687397628 35.11554558102654
56.78655794948495 3.081981479098528
72.2597998380098 62.04026575292782
15.42414799108488 7.760969377354332
57.0531299356541 41.45048976550345
15.275420294934861 6.206069468072917
86.87608123942555 38.67830224954931
35.36649939506595 1.3565861905648458
22.629000997717107 38.23513841342212
7.235267788232457 54.46330095427578
72.83265319525417 88.89032910568983
45.40713714880091 12.263154378295294
62.763023230589035 60.02538639822769
24.551004490157744 15.600054657970619
73.90669474464842 66.99146935580357
23.153774591656617 24.63459119077388
44.54295440509532 43.16080402878413
28.439960751848215 18.620126989526696
45.71634341058605 32.40686013766414
6.493127392054577 73.06617105896869
93.69448634029351 82.92849177102846
4.294422227139227 1.6999408543371786
71.9885130975115 9.561555191034143
53.44883809005423 56.895799998537335
28.763553599059023 97.52837881073444
91.04525501333875 79.75454791358626
53.838873995811184 77.8374999489829
36.89415425497209 26.281626336581365
51.409726494212784 73.26961180827735
34.74019284960779 91.80459772644379
94.37448813621545 50.676051617274055
74.68458437957001 73.62685349644185
33.25829315755253 33.24937047599644
20.919194883456328 38.14104547047329
47.069941998528584 13.393253271797034
25.44663985225888 84.65738920109717
41.55389475993272 70.0887737716303
52.46973742693385 68.37067997495086
6.1612984670183835 29.499681528490928
85.99056750140491 43.07265264740698
83.65623908631767 63.843513162480406
88.26622515104886 74.1456811977359
65.20509173020909 47.25562207055975
51.52366782520203 97.26589675565756
92.07041940219754 44.23654199325806
94.67831722140713 55.5139818845211
24.473463089330394 67.26763553727899
70.5545386407544 72.35025192015108
43.983471163375576 79.52009297945749
75.68014958804213 97.46184819754971
23.583845442926332 48.84057397484608
96.01709092674193 45.88904936270052
98.24626253216756 72.58130380310482
2.37064464675113 75.95088895084758
3.828420446281866 98.66030160341724
