53
55.31792948261095 61.23141225024875
31.67384780685226 63.3709824415688
56.80121344291429 4.941980979620697
17.000711564227956 23.777067556141283
85.75662051013236 58.52675062499152
4.890028977042427 92.46110716901794
16.977912765451308 70.52806257229052
66.68906178349796 43.89601262891472
48.60606352142175 67.98844424372544
3.4375399574628984 48.56787972094164
32.74711197340269 60.17513812699726
75.38715246038275 10.653675117529293
44.309902055138885 20.891122382178338
5.118101487253579 58.643910295254564
84.63365317674857 20.23683347463574
14.938985855889486 39.66714955767669
46.55691738431674 69.6182201205259
54.65245178282421 82.67138727334245
59.12039843976352 20.538514014633048
32.337214060666106 84.2550113254111
53.877833552874264 41.38616477391829
35.54930189169485 10.146048155836851
98.52261622577485 88.28290018171401
91.58845379375191 0.7948241954543356
18.296373404153442 14.75115466510417
40.76077825030443 53.297690813552045
82.16920402198318 27.359382295954106
15.137940109355597 69.55251922382429
77.80149888254817 12.395311233643913
12.420738429145672 22.969269966056928
79.33405758918312 80.45412232033601
37.82759206433567 44.44713595121977
73.80074049597597 75.63518934938557
97.02129671711035 75.12384494585834
16.826674959061847 48.84054866091966
51.80108075903506 64.98025368815728
76.57573128966798 56.46963799484207
31.440783273716622 48.856156423166794
0.4324872255204282 81.33778314873346
53.25775254259071 82.07397590527809
62.164163018335586 20.783476352280218
33.920805388691925 34.82880138987371
52.55351988202632 54.66665123819459
66.26513896822941 53.35785726354627
64.1196457538562 74.3896685061651
21.529178083036538 65.43694688215106
18.26804586200259 26.295118179353494
86.1205552474032 17.42963100617787
5.718602016417074 37.11606817697248
38.08715412727308 80.6344584916463
1.3330466116568518 38.48590572258148
39.009744267209236 67.17828172903376
21.469937529564742 45.634091510194494
