65
21.2448162311636 46.36122037443206
17.329092254662626 55.94007077843959
97.53290585994337 32.09495252294475
69.30807440008954 66.45014858539501
9.409699629258284 82.86238118650299
15.197467838791868 43.328511395860346
45.42135603555961 59.0852488305823
91.6959750450861 80.24056678105063
59.766776430134996 43.06460341505692
17.772014551465155 3.925928617771879
46.7541347035371 25.155064876936972
60.10946084661 32.30307404699463
13.391711419424269 38.608768402965374
24.65827922303786 65.78660466427317
1.151991789395701 76.85503729353374
38.10298021954179 39.094118372767696
83.97821460956467 59.278445778700764
29.69981506346524 51.80859171459744
1.4517642371629225 73.0830014042787
80.38311735193989 62.3037863092234
1.4561027413281802 81.03281122722514
36.92209381172681 92.55188420710464
16.721392193326324 13.24877975330323
18.083678427771698 16.80570599824386
80.44778121672329 6.956791402582885
24.847717194181673 27.370166466025193
97.51991184279007 37.215707769945695
21.422469896300058 2.930445834730655
42.95241879601951 43.91807378917196
35.48278078497413 43.373860726544436
83.10135552763694 28.759760179928573
50.544836287570206 20.605520759271567
34.97730880058027 95.39842541067442
35.52944503708709 74.87196290511214
50.948628492346096 62.88716863241204
53.93078789865431 61.21255952421708
19.871958510873245 41.74861682320788
26.418332844471482 45.334370110229216
79.80254371746754 12.873737142864805
87.75727472467267 11.583422121774644
23.69757652442851 88.28834515726626
70.83117990439409 86.90736564615278
12.785214318722781 59.60397875582554
16.161604573194953 23.800009539605625
22.17211308988786 15.564142457432439
83.24909139289348 30.717382591949782
5.870661618670536 43.54845269772145
53.48335856176498 33.843671509232195
62.299670936028306 61.10415039800261
32.2239834782176 45.84816951688752
1.543275474293182 16.35588456824205
11.268480783407464 26.717116837764408
46.082557945935974 64.98441828501994
38.49986140420923 36.490026537173314
39.48005704769003 13.117224740095478
79.04263117600672 96.95424391624844
5.755873832349156 32.17869969133557
62.63865308477248 3.0888963470449338
23.471074818069106 49.939224100935945
91.36745639527 73.31197605467769
9.660240858376412 19.974467410721395
65.188508865566 6.6551910536082115
36.75637839731242 15.975181903710778
44.89859187104567 53.28760159592703
61.230360457172075 19.795207866077824
