69
54.393709321490846 51.1915463738468
78.50080813995733 76.52870555683813
36.60955578250535 64.25857028827198
98.04934381076733 65.77580738328977
3.3303232617892253 41.38050586021138
89.83163243188226 41.02111999217808
53.01611608170105 92.62696981003363
46.54901724118965 6.8859598121017935
56.69527200035107 24.423802644994296
62.20228262299481 63.85461739470576
68.0760871625539 68.50361308477872
69.99909579140345 48.52100685284844
19.193604404005484 33.56224112690788
14.045342966721474 44.54197415314607
76.25416039013045 69.10267879856974
60.68990969285872 81.7607814453503
65.30798399183108 73.3817938720867
18.590740098556203 32.625872098688504
89.33094612397915 49.95714078848958
99.43646421182744 65.10724704638002
66.27146283486826 4.834924633594328
28.180483737005346 8.112351449972055
70.74670173184906 7.526528683097
21.837313145222947 99.07915806304474
95.66816717270177 69.72375555258402
24.30179988897797 75.15502019918213
32.98302174870776 28.873993902846085
42.07275357863893 0.0092433995514285
12.104715475400528 34.06697724269636
64.98619241278008 89.53674692586885
28.118244187752307 1.2859927129489024
60.345587261767186 52.48375040813469
38.02836427016353 66.74472020276575
3.263585172095984 12.703501035434783
61.38569423158717 60.17624160820005
34.05619810352163 23.876950118725983
35.17934007306539 46.63806931364676
8.234983248723237 35.08666943925485
43.864369917335964 12.729636283254331
3.7315839808632734 13.635261911437746
66.07231737988958 60.194761333825944
46.76876069117032 69.54344466621248
75.37662940354932 20.406336070003327
28.46723880578166 28.851561129543924
11.137610834516442 33.06640434653778
71.27768920135479 8.524677918009328
28.85517239428166 80.68637502027164
53.03004878793573 34.62403490517888
22.69864546551198 38.010188170177294
20.48055171413865 71.94800795481288
18.91731547897382 36.98707508486838
3.0541631445835438 83.92374341685685
37.0043780882682 56.46719138136762
89.98897252657952 70.2431602278351
45.88096894824483 61.60226778783314
47.540842325859025 97.04450978870082
9.752103944752488 45.137708978961435
41.88170186147535 3.049935494376277
68.37819215125867 40.254679570521645
85.37280469198812 83.53433149702389
69.18830493147883 99.9415885370212
37.46251464982403 94.15104743692318
1.3846480846105957 53.918986232069265
26.235116904030864 43.52573561857223
53.04835946741443 15.379257626251553
12.738489104527162 34.05834711709459
81.1361004878907 16.271122636978596
89.93518622515549 8.31079838471952
21.10078766357768 34.71352430016831
