62
12.592840255602955 4.469163515383078
98.30518190555172 53.83612114220503
35.175153069554156 93.48948583947468
30.478109317577918 86.51394362623898
70.09271090590681 53.31627863720519
22.977701183934908 45.17180816592842
68.8211542697519 86.08459326021696
88.47577339538702 67.86650344023994
46.14710693055628 72.9237775421473
93.12688536628417 17.069343798841018
55.41212705185159 94.20971061424225
17.684289942959673 51.4976036180031
84.85515951550632 76.2927301445834
98.11964033615881 17.755117191709367
19.60551643167251 70.7593252253805
2.5985767832574447 82.75214748543993
55.991732387281445 59.76587122017373
14.661296883004448 83.58135971780713
74.62323500841346 76.21006141099225
73.54575616497038 65.69076624387962
64.28532973280949 45.29684860018942
0.8312697969865002 94.25645193002192
51.541558089116634 47.9637611898
46.570876668872216 59.98671619646968
12.95790070469639 72.74680681124853
83.69824005033782 36.76700332667993
75.1911126205646 41.29888590414985
44.44477354204511 88.72845338776737
62.36711225670526 81.52194021224425
99.2512221947033 75.29634003621786
30.478511305002144 64.13280429397219
89.72737436366725 68.36985836478019
5.44888774198049 32.73279209394892
55.26726302236514 4.380622122948774
19.469725199924937 30.815934665520462
61.85208071837065 0.7325302918067544
42.69308836337381 47.17554113364586
54.90856421659595 84.68246593124915
45.97810588631174 78.31453031033195
98.62575129185909 73.06607153004336
3.3746274833193257 30.685322091907775
63.78772156723272 10.839851991546423
20.552458067659927 67.31294969836746
61.09263493506945 51.24483137689878
26.37992836454749 73.15369518138445
13.788097893085027 47.46335672304494
70.50085147249288 19.7520635004497
17.94516157709902 37.350223869859455
99.94769879127844 98.33144732486426
24.635784879596688 25.70823199235084
9.915574965788787 52.42285299268674
68.72102357694074 14.36850076830215
59.382137217681866 46.4102136032539
11.515588721413671 19.651171290141743
20.378266110726816 85.56035914186717
77.38122217128371 61.50832426962267
99.25501814396853 8.2336083508332
3.5639573689108084 48.76570024118715
18.72619024644182 7.275563212091695
1.3113402975554855 20.790454892521005
82.75153838076292 20.600679351260588
76.54954294770249 40.443298968366726
