67
44.17983902860399 94.50180727103779
54.757030105314456 66.65537659531935
33.1486927444167 65.10357460555242
77.6110408627654 71.0915151543648
65.61060485330226 81.50755196304569
10.895716188933113 50.07144572563206
81.03912398544118 42.37854425853295
52.20423986467703 72.4992900691778
20.453318197436776 85.81690967721556
39.23958299707241 81.66199096312741
91.64585756956237 29.05642081648665
98.60628558923341 60.07923043291032
31.31678046626718 3.909109546185019
60.26983444018354 75.41015569729204
78.13890200055027 24.00111399010978
39.04659770153033 74.2735632871334
82.24689472084499 69.40863001537097
0.07504113211601604 36.76599470215872
42.04616187045151 31.31231850837891
76.56695424546966 19.696656593889983
79.18569177078079 81.49718120891833
66.76078501850633 30.35044740844309
54.37424145821418 74.15884053627998
59.0710822153084 95.7318891307569
35.19712459435489 15.773962828641618
35.53898553227357 42.19988574837139
97.60791199864657 39.04136065808306
27.089007415013334 6.411611601665768
48.90383202695428 60.27822536723857
54.245684603155674 17.315625303554484
45.02145272966537 68.45798759523262
84.66432431781217 59.62959684571
71.41890614607355 0.9861754452133664
58.406482372044046 91.07638940769789
51.35297411664068 91.56145124850512
61.878604463806184 9.082472099484795
3.046846020381344 37.609747361629296
1.0489046660608126 13.610236785258156
35.16184008924201 53.51776136422327
34.550119650646124 40.38163936825027
67.9248408288128 99.52196051461324
20.267442357310372 3.3877649220098727
35.35182527716933 24.372812282535772
48.82895596210909 74.4901274397721
45.390059246931145 27.751312861659315
85.47469295002232 32.23334965360084
35.114348836592036 54.14050054490607
70.3698886797081 19.870506882690254
9.2722101330739 83.72989824448392
96.87791019975232 55.26696085039343
90.19184573989627 99.73514716341091
95.92949491702673 40.47259450938843
96.24923888642216 29.409019066289233
88.68379609383894 36.223930224005215
24.3441072318761 23.473957667952604
78.0649582999842 4.966286071791137
89.09347614170537 32.112848596579994
86.56451288920005 88.67152804198788
25.872686761874963 5.253941175759868
57.68969030295187 27.973967799085575
54.33395368077658 35.296211746703186
18.82502044048142 76.88425817054335
78.51795362275745 70.43451922819939
79.3559734579692 28.670298909726355
4.115259827592288 0.40039074712813205
57.22479096270173 13.431992071055522
73.14836577199483 33.50790589670157
