63
77.2490858022529 65.33745361566665
14.43894277482951 93.52236440165017
98.10742329569422 75.95943885532289
32.79625519785332 97.48695715734944
90.74620805299601 97.82786336685139
32.78858189196027 99.868025024413
83.17186548134832 42.91375096779213
51.397377939394254 73.74977916230344
9.2430605876756 99.85124536123845
2.5831070929973055 99.58631324296483
37.58866643444008 49.806550348298394
11.377132335452412 66.10852223652248
41.045819137110605 48.3741559078488
19.80216563367838 22.894715355336416
16.39369601054509 70.24866540782214
65.58185166385978 55.798463439030634
29.079209586425037 97.75771194839997
49.963078136607905 35.2735805001087
42.12825302718818 33.948329007756826
32.271300464411226 22.13874960438399
15.230678596043445 82.95992911817166
75.0805109029373 63.688144369149256
41.734170098199506 7.000565509162016
6.425760302202399 78.27742308061593
71.43492492557543 47.53773731728691
83.88693790686781 56.18614334893653
4.0586087145343175 94.76210486658377
52.36220931959049 44.72805459915264
11.110719210882502 65.26252945709531
83.57091856836124 70.01076663340588
35.047480333299355 56.31697547965329
17.880994838582296 99.99181303684847
22.308699270061304 81.50241064532423
27.295028323832106 19.415651052937164
81.64780775218307 64.0348770563056
47.933324408483294 78.65067080195331
93.67444888678588 85.14136494236891
70.08265682938769 0.6572632771986164
23.633674999982812 73.16883273725446
51.606017108411905 42.44024433298996
33.85811194745487 34.32855824176559
48.486031228421076 77.58813015818478
68.21798593525732 38.02860914065295
27.797879576176555 15.496433696289191
3.2074801311096746 88.59237892638825
50.58415333278627 76.81850426339685
1.710713370103345 42.45511941175229
53.217817948843596 34.72468901285082
61.91654468536662 58.521292992211706
69.7813481511714 62.644227425165056
81.46327439662126 0.5017323070655055
88.0455742017619 83.16048491455798
3.6679559501472503 98.51460462930673
28.994728128640745 42.80006784305299
55.89379561056842 40.23268198083774
86.52544198996269 29.16587421846366
38.81650064777363 54.38742442776358
74.8610916037291 16.710702195217575
68.90620706359707 58.03334676881475
19.0444753152495 32.27009405491026
30.32327600143373 87.85250188959137
29.46089492114392 44.76055441001117
3.892492434984962 24.95071977810156
