71
78.26096858912167 49.85874221100034
52.73396064468546 56.21129053499083
81.34396171900376 86.91156653428081
43.24451164907166 23.031477903483555
82.07647629458148 84.47966028158547
96.83502586305781 88.53867576064131
25.309734071128343 56.2040448135327
96.05766294387873 73.35886963798916
48.09551978335678 38.095174626044084
84.3197456481924 70.82178361020512
29.079914924417317 34.106867482764905
29.405661655787473 8.239640236169944
42.41647660604046 73.64357162245724
58.73006120888685 64.09847836245245
37.867819340279674 1.9263524162838608
72.15890352001686 41.88615118250163
94.46199886825427 85.5705071664607
21.24323723392004 28.01967787831584
6.860289206886305 6.113837810831657
92.04949940076662 31.500084384617278
79.36966731714378 83.56830476035623
36.73778014530925 98.73628480881978
83.89812866093467 80.44084643706017
1.3394812260786537 7.159933992751066
71.84967597514745 9.024922554374859
23.393380094899317 21.576822553450437
80.7470391493288 33.44618377024962
41.16045358714501 88.91567320108629
23.05205705446747 9.372161071257157
4.873980136035627 75.27611246250247
54.12380496381927 27.438452387509958
60.568583754391945 8.484249337058959
18.961264888375972 12.37721153806579
73.23635958179337 16.375595867806545
93.57776242890093 25.360983776233592
47.58635899395621 69.7606979358188
4.578594852512197 18.31368512693199
94.1659200699177 11.68107638239645
10.484283077838707 83.36486188079425
1.2854858403658964 88.70307364042984
72.59109131353986 45.89956104087175
55.88676281375843 66.89226740846567
62.5112158233155 67.80718876615676
60.9136176788436 17.489372055077567
72.92071411249742 36.99303338786656
85.66772138429707 65.37366987779527
2.5129810213047388 84.16297987374155
37.177627917632236 14.67316306358607
9.353631307282296 67.03711628450988
18.104920938214597 11.585762504726194
83.93156847708066 44.20966728019129
19.295805820462597 65.86088072924625
1.4856693578568891 61.920869007375664
21.41774592598702 18.87721110047148
41.989397410585795 84.4277356874136
78.53930769125841 92.81012376661754
34.65946141840107 7.366408224584231
77.44861019418005 86.72611947493041
25.081706734920928 48.79314339196179
20.421377847353085 70.46496193030707
75.79069893021229 40.73986851539934
75.37066838785944 90.23196623932584
86.26866801208492 24.784995863450366
26.719181406141157 91.9614395044001
95.76488898916868 32.11310655867663
85.62963098716364 82.75479693740337
23.327490410317687 88.49612796408456
41.826285205862376 16.893931357794813
6.919412899744826 79.70721513091654
64.3464053100045 43.12174111255952
37.04533365976004 84.26494397635243
