64
71.96106200858152 42.42687703422009
15.30583314392483 79.17705606045955
99.9287072577078 69.98722460424419
30.62402157973798 22.397197927555656
78.53399930489337 94.68902160328105
47.85049570327623 66.20248764315372
34.461844920875116 32.983721672016486
80.28708088973859 10.16072150060483
64.60215115214521 83.49710396039411
33.926533320872245 93.46436120444068
72.71901621334639 50.42038508168984
8.361585696328566 75.78405877779461
76.71334125576443 25.761667389390563
65.97493366308237 53.10115123024289
26.878006862067615 45.24548788920525
13.846513698912666 2.3341868906662344
37.86092773989269 64.78834304448155
62.22952711118578 9.796849579401123
31.45490776224338 36.83911198657572
76.82561821157864 0.5396296148818092
24.205703636593444 66.42525989128846
62.10685982645361 0.8308962608638337
17.13072302284795 26.850931758619012
60.4310926561349 56.89293653150417
4.1429478353044775 99.25355787319629
42.66051448621274 91.89643012052515
84.10351506105532 30.989394130995784
43.8408725984591 71.83550440752734
40.370911458643874 31.791838602807086
44.16057169237455 73.79544677404704
61.453742306894235 39.539080144605954
89.64137468153189 1.128350132876188
15.9926828962621 21.905955831348745
5.007149795260357 3.6537275104595257
55.57202862247904 77.03568846076648
46.77518582830952 47.058973962557246
9.404781034331789 54.97938101878314
56.35056174322527 4.759565648487452
59.87809558661894 1.1729337770958748
56.29530149307147 36.050074735939
72.22649022151079 96.17775016515766
41.48124950029993 61.137919485676164
66.90802520975066 29.76397182357876
52.60481644527314 60.27434279166772
53.68672478395244 21.716785515635493
12.357607211561616 24.439096148715265
95.80435519336115 83.51630781385903
87.63255475070939 96.40762507048447
82.77508780638266 9.46821226595146
33.239822709327726 70.10657931391665
94.93878699303892 43.16033186993007
3.743410426642557 29.845817043842725
91.40382933968229 40.955877653151504
5.685886124706363 45.376394927854435
25.83714115882697 61.68109536174008
17.549685569599117 17.380504851612997
56.689700058321804 22.141943235381166
89.81637027452051 48.20992771781232
24.59496996118299 82.93414900479087
15.896500539661396 16.828408940368078
98.82237220461369 75.85868833082505
51.90939060093219 17.249690894885017
13.801987472213561 14.35169219799275
99.0616852543628 40.93349083732695
