70
31.832008329538475 90.19102713000238
21.0638245788235 52.65449225775506
14.463391644458234 35.284888207932916
42.767556223563766 15.079422874162674
56.6899663627485 0.14495167655879104
1.902310519565753 74.68413265854876
0.02737086372521791 83.15288100591862
82.52045300233033 27.895390791136187
26.916043897579744 39.64332774276945
25.347099623591806 95.6071269230774
7.371154796384705 12.456977115221402
98.44551346188585 18.234352716251877
23.402686160087526 34.047800588996004
42.499311683635455 61.1827443249802
87.18039329602065 79.21724658365522
21.795701358645402 64.3610446328076
92.03996159309466 35.375502958798556
16.17492972803425 88.72620540532105
32.412968887798264 8.819003113394386
81.30243863210897 32.70747497867116
3.444252876117715 33.43096175304582
71.21589836899955 87.291755746032
17.917630135856545 69.63905672305579
81.89089685830983 57.31395655086688
21.6702641853747 27.101592299969457
44.32748283745591 51.31489470713618
76.86332754045473 81.45634874345207
56.10401409731839 30.218683544020852
64.37370740243925 3.952986215752796
0.910279539367842 24.736330708959265
48.62133158085474 90.40274424260836
35.12179345183145 22.31721194756988
12.69964339606392 74.00678276243401
75.8970224593397 47.15150039956645
19.289927193215128 93.45581240977275
96.48269931822296 86.53894421862007
44.8634451192731 19.09860365319972
3.1601348275547503 81.02513699236142
14.151097924671042 30.231722000583893
29.58405947657784 77.8196246510235
60.947448453599726 3.637042384425171
70.53500243392297 91.26170815965627
30.945462436103142 58.146938362961684
65.01850827630568 39.619259826327415
33.51103527578721 77.59942501155474
16.24378414876093 49.63270052417913
22.511825288647515 13.497814910232053
78.24809757603742 25.475556929020215
51.407332189836396 97.97375086981194
78.40453016688055 43.89411052876642
47.11167778096284 53.67349842714665
79.0773353220681 10.428986064903734
78.15720289642775 88.21439979945148
38.92310523765848 82.77133141259769
15.346350792704488 96.0658588432351
90.0711448467742 9.404045999639877
23.151835114107687 17.742165019896294
47.93698896464842 62.14358519002325
8.987482963080783 41.32098754482227
47.15198703239973 59.980432071757775
73.55966321926911 36.910506453698545
85.19583695242956 68.04305823092166
99.65783216811383 76.4860096608895
38.44544637580205 21.322350123617717
44.36063281599928 76.70281339354814
90.80726532428181 42.72504461442627
22.328571421230393 92.67179999213678
72.10565017104534 92.37126799118865
81.5103619094375 97.16443591163468
44.725779224322984 62.706668282671664
