68
1.6130764238409756 84.4439936241406
64.36102135867556 60.97182575519864
53.31393111180193 41.92994465335711
99.67892879630381 58.87511495272197
94.13831624818249 21.65076676921104
65.1859993393376 8.568920569457738
23.967977144671025 42.75955732355505
65.07672635526822 9.782422588081463
95.74240463159067 38.696223355754334
39.91793076305164 89.32274453749403
72.89911292445447 44.92542890623269
28.884086537151255 46.79837779925494
33.19138941697689 81.9560859494199
23.54774680154772 74.69189951719802
78.87823241801095 19.039834673307087
49.13574404700199 96.68652426879515
40.765087064003936 2.1008971464196113
15.84040522100113 30.12680786141034
21.755256646674614 59.972332643088066
72.0233554704954 75.95624439628267
16.718649069971427 86.10985958063809
86.48690599040354 34.41007346194924
60.81440173412878 41.065889886210385
24.911197934917382 62.32942632594539
85.59358516292069 41.88645806359184
90.69122796175903 8.598291013208703
48.01515720557893 97.0628890257007
83.69956017100168 44.684970038821746
8.318279490154767 83.01739813513998
61.17250398769626 88.84092142884658
62.828868725279165 92.4211541484675
70.94951834117269 83.87375702426661
12.735054862043803 66.02527989238091
51.36908163238656 72.49741064867779
0.08654699097203622 35.534025311568215
29.662367112188683 16.508790071182688
98.98558949167028 89.22257170784556
66.02522476227655 10.144031869401582
41.94712676161652 21.982046435146064
13.032423500902446 29.324927471749305
53.639239788564794 32.61767918327908
52.22846238718043 77.83149724754507
46.35802782701713 87.69891903783673
92.31816909930373 93.57247049018108
71.90830008443244 88.15630577652165
85.28709427795008 47.88786198685395
41.434144334875846 55.9114469389598
93.8468464429214 25.862458272062373
49.60048033974633 47.728983388605236
0.29191120209360877 49.1216212551789
80.66289588821257 8.258466289220824
51.62594391006907 32.32465580381275
84.31271779214093 78.02766100762591
71.46814560727583 74.89368123432358
2.383121851728942 61.614489632187826
14.645800760444372 51.65983832022697
77.05079858709819 47.837621391542974
30.91434431331155 90.29912931882737
37.966325209450325 2.10663427471256
28.71080902933568 27.404887445518998
39.212200917495224 66.75856509441486
27.115585765044614 54.73915150215654
52.8239884052103 92.14375548062857
39.51854354464596 84.52294586664262
14.239039259895758 50.94750110078316
44.55172193822794 17.695948119073755
37.636699028271856 96.44893027085817
73.77110088820454 83.68807040344275
