66
17.183624166967626 95.78880663475091
56.373681685753056 22.69185230728531
56.72268394340806 46.1055923817717
36.517126378296624 55.159559285112934
99.75873814530408 46.37740604402505
9.982339492231729 27.2873558828313
84.27949842657783 31.580129239599408
63.52033299045958 46.83684551080819
29.31406150334578 65.73247022528511
9.672743758801838 73.3527392158683
52.1023410817291 34.8967512018658
97.7978703829189 16.71614351353291
82.6123673382777 98.44574485596446
47.85098156470331 89.23255694555678
47.52285017099356 23.82786810133293
12.953092734032378 4.331818495878014
91.59115645944486 31.317373671618633
59.29278974796435 53.165381468257586
70.14427302063972 25.55341822667847
21.851527540469206 80.290785980081
35.49299874043721 50.47681979430511
53.712119102471945 87.64728018651171
2.6431969491495177 23.02838679549184
85.5946508120359 74.51521952177585
1.7002350520424203 71.40965653774593
24.063040787313916 6.433620139607643
83.13352009389328 71.55876934886928
54.45953890648889 26.04354573756774
11.038989967895741 8.830604766089511
20.134979554726918 56.030691521927665
93.11724557719305 67.54880945115445
31.082162828574834 38.472113059688695
23.07921588402153 4.3744284730190985
33.45440640355455 11.068615410115312
7.554335776073273 21.643102939095115
5.7484140681924645 7.548628895136589
97.74490476066433 29.350026199898615
22.872156718747526 76.68199745534974
34.79850246043633 53.51848779468171
52.42141387703262 95.08485469879429
58.79222486913132 57.618306030689425
13.952768292319506 85.69363397354964
50.259106477278 74.52271546921885
37.693425940676484 10.685508462694216
98.6953175289836 22.070255990343103
76.47806062532624 89.75395302233578
7.7188100061152625 80.02844012005409
31.916165725484525 67.35996789134639
98.2574719366269 32.66443208546406
27.10697941093131 83.56660943132901
42.16473567696172 89.78196768980116
39.53106240977385 10.647893182491908
91.66531124163602 65.77559570068452
46.390909814307925 33.47390041018402
87.2941558352459 40.69022531247036
46.50848017439091 85.28339088266775
58.846353842303344 2.8108159876703342
1.3639046694332913 7.665552090229744
16.470851689375753 84.98747912925249
22.11271918927975 21.777296622997365
21.143915753950047 53.59003427950132
55.52959679947875 87.47560222437451
8.576363049812663 86.06330703310708
71.19909962172972 75.72628224111496
54.06850169546515 54.42542095720356
44.81194146039361 26.615049959638327
