78
34.648959477407296 29.592726310789274
19.43555830529541 52.32367373439332
64.96771022121052 85.55756256362676
45.57298945226825 52.5350650877368
32.98993258585675 59.38162787544944
8.279956153033263 25.134149358053392
31.041483709268036 10.805517121079511
85.30882558238676 42.39785540267291
33.78261953593365 69.86560560778453
0.14230269053377986 62.613984641723
49.15538228802268 31.820022311600262
10.704426687545643 93.87588645738649
96.15056928307834 13.089834599674388
24.141420751846344 32.12205842834139
42.27789527704346 23.37350155061346
70.28798267559624 58.098758662763785
28.407996107477295 20.966216318256702
82.05231656969788 54.505399004799635
25.395581498298103 60.468470951030305
2.4390450792042717 55.438878739583956
14.138620716660387 17.419878878449456
14.92667071601117 59.48195340707368
5.1228884551625775 35.08942957077748
70.5762072269641 92.81670349616896
99.2030205478881 5.631960901211586
14.605826460924721 14.82928413597574
94.45633765511771 46.14663923889849
86.87134277282051 47.520790610300864
39.609379728660386 39.498574111289045
78.68355146505601 13.051872734145597
61.92848812381169 95.89833655383534
39.02463286665241 48.13412116606318
54.20833041025023 59.4294801259285
37.51983576872215 23.44595581459995
38.252603767494676 37.37413028138843
6.701614243419551 71.94048393978376
60.162604120071585 90.68855187156136
66.87732249220674 51.34132340800809
29.827746249882924 95.14520903166819
13.272614205233136 32.054121257316936
95.32123966779304 24.582294940405035
70.70142787119781 3.0190055180357223
1.9902003549831737 42.08996214800047
98.23711266680222 74.74445042902555
91.29426870338504 63.10223447842701
96.44050213600342 34.47045697045375
91.12771579744785 22.69388889881072
17.164921427334544 63.00526145774895
27.195782216565732 21.0946720546899
88.1915219941015 3.643279670083044
54.75224497720828 49.960322625034124
57.59153202746624 5.7173878895005465
66.12743581232837 2.0935977697560393
10.980227982017887 18.601842720419814
60.10052326211641 17.93535940556974
4.21575782530248 59.01525398036566
78.58591451419895 94.13864266941482
3.6997117006754454 37.57599972149856
39.944499781974955 50.543834215988106
48.04165210622112 19.364021915622274
72.48546510871246 55.38641632219915
60.23236962721419 22.077981673560533
26.13833193147661 15.639036340153856
63.704417010298464 46.30882642938976
63.87512379055127 78.56623206616568
32.76318595752444 68.72056736667929
53.22920141607129 96.84732037559725
1.0587980993077561 78.51116021828342
60.76722867976858 89.11202823776934
71.76323862438608 6.336015617867863
90.43490764692709 57.447922184600856
93.85318973564502 4.161616110144006
83.17992504213318 76.95292482468975
35.444689487113735 1.4481142297571803
4.291911885102506 10.070569032616438
44.17668000148186 25.693105598065614
93.97176287176717 82.09888297535653
28.557518467895793 22.813709590531783
