77
64.82294274633604 77.61787873215272
39.23630675111175 99.05150130631428
72.59514012326933 43.47294533933342
82.97902815615326 96.6430921268681
5.9010744210255535 89.69835614253996
66.86072627635359 32.85777069992734
21.482299906421666 29.459181806622226
17.30951733887305 58.541394147994986
0.015171726497453797 63.828489523251754
5.784756739619345 34.367830979690616
92.80932965941265 79.65862912026229
46.60240187271789 63.107540245426605
17.77372942546399 40.955923388418555
29.99674841723704 72.97777891009058
98.43256856545355 16.39681538003096
19.436205879029366 76.914649407851
51.194537531025816 32.10505752570464
75.5992692717471 99.93937435804804
38.88075631813278 84.15947389884346
60.42922117567046 58.14252285857796
94.05816460336538 70.75364838540402
2.852102390624256 78.56887096169814
93.44635539272048 5.261023435408618
33.698514995567784 55.93340198688722
65.92907154370913 27.62075990455194
32.921732019920526 93.44959630650719
61.07341774373511 12.354666033986671
1.344706899614545 29.227741214946377
22.14111854691483 83.67532961023063
42.26358014818761 70.91485166824609
68.05646707135313 1.5169837398379515
49.943957901295455 82.06738275848508
60.48580404287131 64.67421025360385
53.342069896715984 88.28119926123509
78.25210971360987 46.2575087798084
86.84236965323107 10.65162713930311
37.39549632125485 80.83772266668852
7.769268615162062 55.2826213388537
29.381067306822917 42.62762943424478
16.495033384223056 53.22000827189317
33.37401665805888 15.773892624054541
41.8005508290524 59.96999784603214
20.501596373711063 0.6772770125430094
21.482704542824827 96.35410865635883
75.41347720982296 25.752493385551013
21.265733731023808 26.01743926329736
16.504051747749326 93.82794579940004
63.58893238661908 13.17129982285784
73.43857053752633 73.93437106535129
53.87414234604629 60.31798946408406
34.77728272282384 21.430792386358167
26.866429293784034 87.59492965662994
55.68722939477401 28.061971359797468
67.92322289750727 56.457138940971554
58.021319809326656 70.64890847248373
63.07604050226744 96.12866641598376
89.0581278752604 60.688613121903614
2.6391777544049533 57.49624871505576
74.03125304382307 47.12296677271106
36.0253083836199 98.5195222966032
7.626055805172227 42.206951082995595
14.693302335583569 71.85118367801677
12.887698627685273 78.04085066905007
66.6857730633087 31.2411819411068
99.69656769406166 90.6132624383012
91.55808393492487 95.12418683860054
41.601619998839354 83.32297737420853
68.62504336466087 37.8815497510803
78.85750807422372 33.00730713793928
96.9968501137747 68.43810043426943
35.26043350733037 16.165043381863185
65.9379344494224 46.19787350429581
43.06166505690236 20.442873834772136
12.24722988682413 89.26976804766336
75.83048017063402 73.59990245339681
20.400315923600264 49.78342413553886
67.36617759114736 12.651182174720466
