73
42.36735169757995 62.70328480760714
12.064137020492161 59.44555537741747
76.40274516748745 95.66273164048022
10.406436480670767 58.28762536638086
18.09119672272701 21.595073643749487
66.17370873309612 42.792998820549975
77.41481283525026 33.22352764412736
60.719424152470324 34.40354019063769
63.64894306691484 89.73554385160499
55.806923751183135 1.3507516980468925
67.45804928096659 28.035164256198453
91.55818609710144 42.06821795981212
46.49563686216425 26.72361237801072
13.541629970881486 14.259631399316653
67.58678688038678 24.34446306955429
71.17980883888116 28.679502674841473
15.644106183081641 65.93176206005754
73.54310221295736 23.308503195863373
77.8074760145284 89.96708167535361
7.7881849134650345 51.64102405112641
9.44694929311728 10.3067914894302
19.693343351968117 8.68176298298452
45.73076537415136 58.41725879931159
25.771692479445573 55.67447571266351
57.52858067690118 84.394426099534
74.1785562587507 17.040730958458827
50.97801288520609 12.882947680138956
7.884094247992824 72.95537416334827
59.999788290856024 85.14905402501851
73.50814424960372 90.53681352511056
20.022133367513582 18.963428835586548
65.18303627200218 33.17921788287739
97.8805266863472 11.834393235437869
75.85501258124118 10.29741707505396
13.147952617193647 44.908611481268466
50.053697932271504 97.78076187456874
30.51535195767321 20.679295019395084
38.88756147352449 77.16081156632278
20.15272137819325 32.8006867166355
2.699244544284918 75.10851022003561
53.65504004490702 34.4828729869868
95.3177172133356 54.82934222149469
1.4826905663905876 96.78586664531217
41.98975266724957 71.54575783971431
15.462591411506088 43.94249332876438
4.466312969902542 68.03073237346037
31.569511080575708 13.80359797650501
25.892986390705865 0.9924711568101707
59.74393925713407 27.36551801899686
75.91293787287162 92.80825727577185
91.56451287637529 44.03044771724657
41.22818358943433 85.69754889751714
58.74849436315805 50.015699948427674
40.89347899297546 97.60067753802414
35.97117909729401 83.80356927154115
5.787222849635354 89.61517598123106
26.320890019800903 59.149955432588385
10.884533044136635 78.21781976703292
66.65799972269893 36.11103162756215
58.07775620445089 5.843681575926052
72.88843164469714 25.15980046180948
29.113509926678205 56.644711729506525
27.327133659810443 83.2351904778222
1.4037255003750082 38.51966091793412
93.4095498040189 87.21768401638525
25.81929952397225 60.85079475309703
83.15203855552656 76.24792948209662
48.137799958270755 51.30826058452962
31.47794296558375 82.57924472188024
62.93072401994914 32.60640442512829
41.165870554938444 29.01221808186446
4.947175579289043 22.78354123186992
94.86819945923166 59.97105393954777
