80
9.387986223002464 65.82595643537512
13.96158116492382 37.31812018786596
80.81059885437243 14.793380524190969
61.19973834317547 26.85378829679378
26.866837156503777 9.11437551912816
10.408012575397619 1.2431969295594536
38.41295680394803 16.36829969489536
68.43240663317793 15.209272463755175
10.58557779220668 72.19713076811965
48.50694076089314 31.487140739193762
93.93835658397086 42.46829324744179
95.88981425823809 90.53026345494533
1.0685905002438822 42.27196862453505
84.46718944804525 85.41081104370785
33.11438248537032 76.52707590071493
51.79747499099203 43.10758576801806
25.934801236545336 34.985253451965036
7.870329512730001 85.96271668005228
40.286105510161605 22.907895254246903
50.284144175920616 67.22278742887902
41.88058768733083 3.2726268107630907
62.28282462706972 66.42662807957743
14.357632120075902 22.77835994730737
6.941478329122219 49.896087378263175
49.77985287602209 13.597722025233017
78.86148666748174 55.61047667040646
70.01473988393502 99.0581224281697
43.931310739809035 96.1361571982853
48.58134717210748 90.30989861715365
60.530570663249904 89.20246968878845
40.58288976837048 74.60793896850069
43.90605522341825 58.964599247361114
89.90592359971018 63.326734905251925
51.38393913815597 36.2926022993915
1.1870953137515294 67.49063681396233
14.05576116599926 50.77282695587362
60.53240270114467 90.60529095407388
58.04929891732531 6.317611857487226
38.339755916250695 37.51411407158067
88.9216782779248 22.972619120165405
55.14853320192569 66.09411353027237
94.12719641663877 91.55917374621308
40.07341280398449 59.84739653895592
30.32444673662714 69.93822719056422
12.589669262792114 22.174041691062474
61.17455800913937 46.90379280721053
37.38965733721882 52.024527854067294
93.7956264583881 76.05662135694932
75.32783198045286 2.666051971929295
28.55711938162335 14.196776700260727
2.992156486697539 61.62499012920479
56.88304569823526 83.71635090291953
23.327776166810356 73.11423309892976
67.94266642701803 72.57439016341101
51.65343900528397 62.2373781126152
19.930147905824192 79.17943948562089
0.16214418170619194 33.723227366242185
0.9236638256591156 59.100976149531824
65.90664342996445 44.48829754399336
31.035883332815185 93.08167523715647
44.04782152430763 23.819431903458764
89.0684995331581 94.15797328521364
77.51339697715693 82.17918721834872
89.41664176861136 81.82725362863667
55.387349908645646 34.58343674844212
29.952721343343814 16.831563101102944
46.2780417549974 85.55675770571774
17.128056652767697 6.511275639231007
74.38591711130961 83.48656640776238
46.71221875237628 50.793451264194
40.53024179614931 47.20933912149543
12.146248473203691 91.34795236660067
86.1677569546923 72.49821545576218
29.563890946421655 98.34436957788314
92.38954384880117 37.45159539484123
92.01888033098766 91.25007827330415
21.542717207238315 98.3859831819096
42.61657025295571 44.22342909314163
21.563337086404466 1.4219009088489054
49.66393596202248 49.38328916046646
