79
94.9547385984284 33.41506878758407
30.539227228312495 8.965739850987664
89.29349157426752 97.7393502199433
39.0352213464998 28.756196352014463
33.31319256801465 4.468148295448615
94.2411110254329 3.2683622074521024
21.80916844245332 21.17231270591168
95.83646771264706 21.224137261742072
19.087581574991198 96.13860776655669
50.609119893261536 31.438363251567235
52.59998182727571 62.54847985713804
79.32340523810569 5.524955384036434
6.520940119783636 17.30572056508851
76.38513400250392 10.527241718643666
5.262021101751158 26.406045514960553
77.39758578282895 16.186503039268107
72.44434481269563 59.21097309073448
81.1039749365887 48.06810941492164
55.35249072194588 24.024860147758176
54.41902673761299 99.40805593378516
10.913648042718505 26.011158387015985
14.618394997148897 92.00838061626486
17.814551741313313 71.29652596775836
0.29280829056997915 33.354358115766736
72.42113735420818 89.89960579018665
19.34270581696064 80.90847082459595
26.746130012350267 41.31047322861742
22.007896417372052 20.027444294392595
93.32107085104447 37.16134254266511
54.49997459335499 99.76784320535116
50.708830059517496 34.051923515433
7.871344536903679 2.7983489180925414
89.84304065103055 4.183850799097078
69.81360484467945 45.599375762981296
23.06852320870565 27.051837785447365
49.45071004178199 10.187830442917189
11.634883919048288 4.410680135528122
68.85867998867555 60.028877600819385
87.64795732416798 29.443205840571817
75.48955892742659 30.479450321645686
9.286108545810844 60.481630890894635
47.128602254394856 92.99817049541727
5.149145334714045 43.57205178928268
88.34021096517701 20.30914632509844
54.90536224324825 24.205117149557143
41.49436119051722 1.1501688213102046
87.10046517250956 27.132203596721826
73.18438332409185 99.35523107841271
55.97135349601069 56.878622497140285
38.95159593337121 30.929934498585443
87.64052929328594 23.58023186739684
28.01150367600943 98.56711058517013
30.368208248730213 39.032145317258184
81.35454268798938 93.77419641558248
99.68875280885466 6.737459818368718
92.366105750176 8.691006911011378
41.10063697425205 11.063698854010962
74.54112399661996 72.31820077184165
60.4981167135726 4.222975483048463
82.80697783118943 26.757893467335336
84.74445803345169 79.31645127371759
49.11067764144641 78.75593374929298
36.70164913438935 82.81096598404454
99.27027627277613 28.329930038261363
59.41224778049161 4.9167674896707485
47.2729742000093 18.09521247439031
52.21934899507074 27.227368523443086
27.223476380337598 76.11121875609548
59.87241268887459 24.633456697571354
13.512829967165874 70.93898213426402
76.22745151053284 18.229417266321413
35.49210460276145 99.62977280715378
16.530193688119876 46.484674484977084
88.3436309010778 84.47382429642553
36.85535234332175 55.65583888480196
41.55218185867733 32.45733180494872
85.48819346185927 64.79258234345654
65.87969047650468 68.79118134134411
75.24654555529517 30.79988710111332
