72
91.45820239115913 52.73973372995516
12.02170034308352 5.877117573521884
32.72548654146063 81.98811331899893
82.85131526577054 6.976904153403474
88.20620683897072 30.304655429212023
49.392603572910154 19.436648155983647
19.559235850023292 71.8798856062583
73.1445929014334 1.4310620761222914
9.740085055577142 53.07202607300123
70.73997920062642 13.956746847944213
65.28820182690056 2.3012570922521514
51.054507644025584 63.6813616916667
89.92589470595091 1.5556748544710564
90.97876732743299 11.367169220835427
31.131334321298844 61.60576603650257
54.613026939639695 78.39537534720577
59.93993719725683 37.269984095976305
0.6330893106371249 76.88627289818136
64.46836606135645 20.03346969780656
11.127812434557127 96.577924289156
82.99467825761981 45.96666200348844
99.82400195781975 2.5045705681778885
92.53560016486637 87.68801593612557
58.488838779424135 73.13717567905289
52.623231827657044 67.0749634215093
69.77219420907012 57.681896688491875
77.6383032986595 77.93885454105931
57.583800066430534 44.699474701798096
15.747312200181362 16.90510462750985
59.56041386321059 62.303403905541984
10.042960516090204 27.39403450017558
78.62386701294145 23.680350889868652
60.193065802441694 78.72003407774264
95.56348656846929 48.23198827878726
70.11792333607198 82.20854850173868
10.285805431649663 31.180899225731405
52.207906142650195 44.641666074761766
64.43659575553676 73.82831705313524
71.11002946661748 66.35130760247922
29.375349600233847 65.92768123009122
57.75949509600665 81.00590290486768
23.172937101275735 67.9575605077451
95.2980609918572 45.39544065182155
17.180723794478816 54.04200873080611
64.80548572144866 37.927822310629445
77.33366042026717 47.936089116856415
97.89716772867644 50.40090965687413
15.448677691572133 52.83756512413319
84.11527115308861 39.725265682858016
31.415999180572708 59.91696871695377
32.212383936089914 90.9715120137399
33.71382858274911 97.89646207082595
75.29528241111902 83.53677323490433
10.906448337905328 11.167435593698993
65.18349133313409 42.70146351511237
3.0267175512270317 41.802941110984015
60.343749982846475 29.093872414081424
41.157452133970565 90.59432291131844
92.93674116603873 13.146897446691607
44.16807988273583 93.16486386752054
13.247173335278372 30.513652926058132
22.78311710582367 79.59266844768914
49.78430807730809 37.017977116115354
59.26162355801231 7.177855032464297
28.36380004800304 88.56731418940883
29.803791386123336 60.70121057930895
99.59891754442044 92.70040269578621
91.84269003177529 8.767556922860265
51.006318495083505 44.98770669126926
33.125800698510425 33.09847455304589
56.36859353196121 13.481404145054166
35.421830148354786 7.2608051801217215
