74
13.380254383353785 46.35599561262171
74.08244703638574 23.93557302835957
14.857079551622455 14.856922131742268
21.335539259641244 71.4900297408077
26.244976750467796 48.503000084847706
67.83855507745695 94.09704078652227
80.66026865241255 94.02049334700911
96.68937375419459 35.74005512806858
46.89099469988949 93.52583692081706
82.70952821180643 94.2202597914281
91.41627523132331 69.1997410666653
22.329591528352598 39.39897838678779
96.26522252606435 49.29903332444301
41.00362475944483 52.704285402617934
45.36630515833898 50.760861536193126
17.596820858756068 39.11757191097076
82.6709108933397 40.70277456151158
78.49280689017154 42.89945927083959
63.49919442117675 60.6105919457351
8.101486606043162 42.024218946691924
27.7604132907447 69.9805045357317
56.39769142008656 46.91994559807846
21.645938368294804 17.728876559281016
72.56767483122698 28.990772723053137
95.83771719269322 92.77618323809973
13.000604554526218 12.398815821068233
1.7339829394095063 25.92807536831604
32.195824246636064 13.430896351335875
40.420823469337805 58.23146475692307
48.731831644353655 27.210862572258165
75.86161259990175 55.40913586373715
24.643588527208436 22.868654253944765
7.340304064778714 0.6054234037567885
57.99187789967869 40.97340510214207
14.467474777914513 93.59584752501286
61.53363528530691 62.23815902500234
46.995664790987476 7.440847053082478
84.37853059538641 14.786205260727925
51.06878600795193 95.0137186250506
89.23297702840483 7.265322632669502
46.62174873251698 88.51838993938627
48.41023259357185 80.56513647563696
43.56261853695448 66.39112148820676
87.78521924043048 22.862610694417974
35.3118224004351 51.22916758901304
64.45426660915271 28.626518637465804
96.17371258154607 54.84817016661749
24.454475840276647 26.21534957472734
94.70816035848499 18.124862537245267
85.66527924273525 7.956187845460372
13.515075827655465 10.031832413238128
36.01838597413239 17.73402099291491
94.64791571673261 52.06009844441357
21.01793923193329 58.20299280171638
19.599581104795305 26.412466736552297
10.661301916839106 4.244292078915612
22.111845923753325 44.95748954512414
1.5790796427590958 40.11097741031197
82.62865200723725 20.036639589125482
35.768776316937576 81.1989941600935
52.442382873384986 74.83121083510872
92.05036141956955 76.20007737842538
98.32844739996649 25.953720923082468
73.77466632990831 85.47494520506176
39.8206624253088 47.501045519048
43.783554573326654 54.169165195355305
81.27336617848695 49.60998490849542
28.58961165756676 21.153130674422016
60.41153206883039 80.81331610569565
89.34192949827582 84.78032758733033
10.24931559730261 71.82345099069327
11.43195677393778 2.0660235492874546
90.75472013136763 92.750308037602
66.01834362176946 71.57329699480619
