76
88.718226254511 47.59943437245631
7.630230397781812 43.782066041135394
41.97249942375388 33.228377010850075
55.88042714879331 14.84792695153433
28.487846829162 94.38148271033266
37.39095114964493 28.041269680872137
52.63105730620514 38.62292372155183
40.62071511902878 78.07206538729153
73.80645053411246 91.70201029998599
1.7337643211433162 29.08439532425614
42.234863227125906 35.536619099994226
41.17399252693096 63.63068405836299
92.01243745913123 13.978938274357844
9.005693880251464 43.751785193285755
6.364146401260918 15.730351268194608
19.618678005245027 65.45746391578302
75.56124529469082 62.62004024649439
67.46353158775314 86.6236915552742
42.19015533582371 54.78444003189651
24.46684556629094 71.22716128140972
87.04545842414471 22.979235200651804
42.4035295579512 78.5828549761709
48.67310543384127 67.64101207451911
0.9593672049546753 92.82430825398743
90.13643311105464 57.795524807895745
8.952941738948262 60.17268677671924
99.77718305636719 44.17182673299204
85.13878169221056 99.6600242352428
89.50208865240154 95.60199433220325
60.40249704081755 13.102908615676089
35.16896848569061 75.92303785720097
30.330277453557276 37.23280497404683
38.54113434127417 99.14104381989294
37.27216055645788 63.17285089584568
78.1031767950751 93.85680445191598
53.52627835853815 64.45625302749653
30.438450040180797 5.614490224404733
9.584782775859946 2.978449037733799
49.293316045902536 96.24420364011009
92.08426652918924 78.8599584185769
27.257285376478734 57.153048756330506
66.32455819314535 25.18086050425804
10.70601640775114 25.88936900101323
68.96149277233586 20.6940901469715
2.328702953873396 38.173839120241624
87.84453885747598 25.109477878462883
97.4027758292638 91.23293890721375
96.03063311201058 72.60347666252406
74.65386966331799 42.679492619245416
40.11796609069055 10.402095043951686
33.203503687734226 64.76739081315176
68.86887377578785 80.63332743313872
62.58873822118032 91.9255722542838
50.17398027178647 47.171467062581186
34.2237606927053 18.067349419274457
95.94411446190985 92.68354545850477
68.82864695966963 33.94444918364427
72.9250659281873 78.13736411292707
38.01739714529152 43.95745719635412
90.70139155438271 65.1091785198234
81.57477811738036 59.71354239487089
42.212600122425094 46.76003235910342
6.065961140507447 32.73720485228537
83.15369484101991 48.51745842373126
61.56540654911725 68.32222372966474
52.479147553920605 59.87818524145514
90.5273460830977 82.72853013115443
53.36017790247326 88.83017539685095
50.073840468101736 50.443122908758475
98.72293194975063 12.86243923116519
50.18393880737533 41.33283244362869
6.930561970781368 44.26035573606204
15.334979942560178 31.102216962476458
41.05348732457402 1.0608978686245774
73.8646130086035 7.1889507110017075
46.878557078546 62.634863443728385
