75
4.02611315471969 6.254457575203887
76.1378532993176 81.48215693230709
50.88023546958437 29.180151167153458
50.620988454953356 74.80300778577241
73.88165850512391 71.45708440484913
51.34527416348141 38.26129653435354
82.41795547802097 17.68639983709186
70.29155262622746 37.63992302920103
64.49136976270381 94.9496661688982
9.19645886250342 75.93507720714148
97.81645633318506 71.63435552278025
62.363423174409604 36.31707705285632
68.88409356554347 77.12580236164328
46.01735600783591 19.118207715956704
15.209000394841777 91.22342986695759
9.53965182979749 25.797969107555918
64.62361854297801 58.51780879920888
1.4362528719751855 31.186000064747365
21.3433473848341 72.62871861063576
66.46858534826995 55.22525555377757
5.876929207830017 54.30053066263644
77.17760141304873 66.97778161267055
64.83793777083619 94.30346556679292
86.65077546550715 36.519152894078246
86.31902417843534 22.983473842657244
75.87539337416145 97.05350498940952
7.967764425416412 40.03482638502789
86.15645187223694 2.2872158847538127
12.329844739148033 67.91380091934418
33.204999662721015 82.23034550453882
84.03442095032017 5.931006336925549
72.10591910862212 48.59279263395633
55.49307640696157 90.78799414540106
85.86142962043775 48.30861849071233
86.25984045685368 71.3745406634336
15.476218309456302 75.16791843183805
1.8019375835493512 10.571946295278034
30.787405197291296 89.02358936323324
7.37785842281985 11.70045514174982
44.51936606833641 51.91175115724771
95.4201648320024 89.3768336503447
50.86736103725337 74.4082368080264
34.237894217320765 70.55256504940846
30.232511993108467 30.103203435876267
89.40199056613476 37.83407564048624
54.43481985636078 53.4386620054468
82.65481747878908 83.47295672768082
36.382529476448546 92.01625899204554
84.39529904041882 44.586297362087045
81.83600031428678 89.85422415396282
33.558661147054025 87.0801200146462
66.76879631169382 37.82568273490266
93.90013369686766 74.00554864621398
94.73244644656945 20.15053948991389
84.83774087425343 64.33101419968081
17.356783000670127 44.4241989733003
35.42519501460203 9.011270865128118
7.177438154012994 11.13018081257221
38.79232438008925 98.85428625385573
95.82488148972823 95.5532846864335
39.861977866991126 72.01999127073256
18.82701354892199 90.02999739241248
12.40115387617986 51.01678582498372
12.683873987143956 75.7021228051977
65.84520757392698 12.894137890682833
94.02425466939093 68.69862717501104
26.66895228518681 45.09218390165341
50.140201204676146 61.628165303170945
49.67267854552833 94.48185001852416
95.99282761242517 25.906962627287268
64.54917602730296 24.52540453693083
4.835624183548914 80.17144919864604
83.77451040872916 17.179262279671015
12.39229320998988 40.15284431383478
97.16287731962194 99.05575794538046
