81
18.452482486470302 50.654884377853314
41.14929551431783 88.83938225342652
37.67162766329337 27.544997442084828
17.498327144409554 24.70685466178909
94.4236831849676 28.40744601869394
88.63999676024036 63.60054389943204
88.42101581942879 89.31523809834377
62.562928911058016 11.881357427394246
17.475369375046903 83.23713310557496
28.759581522148757 83.32519644593462
50.50338628043149 5.21979327215819
57.60879339707478 58.43314944886061
44.77881454742724 49.84936535778499
81.81813658248093 19.430082813519732
21.14426103973277 50.49261167863652
12.750232136236338 53.393106227449096
58.905502679658596 84.75876985588525
6.729259103690222 23.1754638398329
43.05919942425651 72.48831467980206
0.6076439159920621 17.180283026494592
92.36556071513982 76.19409721375087
33.23830091572636 75.21605927595193
60.168843160843856 14.437743000939962
78.49158442580824 68.84228237151466
51.98459874314112 12.052704161381689
44.12230589329524 20.84861764198348
76.01712847827426 80.05178416224061
83.76675432521277 20.103462630313153
69.02090801389188 63.26085861031372
62.85500882473425 45.17069403622246
18.688772360219673 34.278095473483106
98.77374998841634 52.23045017612308
86.46004504685654 48.63192288141918
86.22946697693112 62.783922325346964
15.30821093616417 41.45874588063354
94.1340828205738 88.5639983403842
27.205182891820257 15.854985133587673
72.22762465133464 29.43439016688223
23.329231567342624 10.62767770212365
87.6551779701535 5.6589472826052205
66.86281263684789 58.61547714438505
33.52276877006513 88.74178675341882
89.1778858630975 40.95306127678939
71.76130404677198 62.42897804405704
63.91205298675165 66.74138445392052
13.844226907084423 80.59399824535849
12.033697159539026 74.00598669210123
2.5261013973186253 17.084873814364833
73.93030760958267 5.979728643283256
88.51285582523872 50.00506310531001
22.578532460403512 83.4301216198099
97.59896899455705 15.849342736921024
38.10526951879606 79.4347139611524
23.292840370115677 14.186973215788413
14.143163454826668 38.63629083946567
40.98250917883631 85.3639334347997
75.96675626720065 76.09093613414069
17.307807947436928 20.601028188075354
90.92177561739426 82.77658672986628
22.7208140438804 44.48763647229816
9.404329008515566 85.72603385610172
95.39727245876591 81.52649112784526
58.54681455611319 71.46892548238277
43.38453983599516 51.294847614595454
61.76520881057357 20.434665425016696
76.82435410402961 78.834110846786
17.3542086789647 83.0441763151384
72.79925687595372 2.1647785963157418
52.071885548226234 28.253956810553007
15.051410576846024 52.87930599882296
60.33760136808242 10.500832437873742
52.0482123909226 56.71344478478837
50.61776309877253 97.56938521760901
24.88302219289387 91.1890681213235
19.7563561222576 53.4276244638359
47.80757851588815 81.94646954300802
12.56680831404987 48.531586973279076
36.06988454752332 52.26497275265898
85.56525605672694 71.84985962157859
28.040074176838115 9.153967283995645
49.11961157750376 47.36418342047235
