90
0.687398347359991 44.19132914728381
52.99403759856206 44.97138016975198
37.1371742044716 43.50939460805496
3.2672468850705627 21.335335686953492
32.683934117312674 89.21379396176373
84.81548982421504 95.67696080975142
38.02512699494385 61.96329799024048
97.69515685372015 2.758191143569877
33.02771410463738 81.28977519272243
45.1543915205703 42.41080849306908
74.05280250582733 71.49132387741497
40.05911988368478 71.598601118853
37.89723321867102 77.14192610537356
58.44742821769371 43.81989633445185
53.469360599968056 17.221831305133296
43.856826707678806 59.61200911472847
71.74382167070678 66.39644443846771
85.23868408918707 79.09107148283351
22.1851865773397 0.2732149999728928
47.939670054248474 44.26670297981248
19.31250808610372 85.62496511137665
63.14693551906453 80.51148561986756
66.19719672333622 22.064960077453577
13.98855548170287 66.26967490161435
48.71530738103211 96.75909281972899
45.54735923072414 4.16958034084709
25.3543689477397 49.74939312421278
62.56446635585496 42.511437557183896
57.6528118298398 53.62167013640431
83.94795888686379 78.90537059802828
45.6546983813906 21.088707184196853
12.866403447727093 89.97101005284611
42.247590775515064 72.91160220636975
53.091919678352376 50.716464031514306
52.63590887152802 38.95078966394806
6.992798213497176 56.31846788366739
70.95887429522101 50.298671136636244
63.707225227524255 70.85467203426113
78.67614142270398 22.680039361819393
91.71033167589367 56.18066377608273
35.561800325625605 27.07035118903064
15.127721354267432 26.32008387278606
9.909777602412905 94.02232356450438
20.944513970147604 41.23223094589893
77.47597642492656 34.664071589340004
61.984429957433406 62.82723009408044
5.43233166773176 34.13162157339848
16.90617152379631 9.669805921461915
0.08634838315724203 13.067858277464762
32.896912613215534 7.110192429172024
57.94350699428313 54.52057496841369
96.91072001264713 34.58657918826926
41.33720371338732 57.14043546088226
77.09310464765153 53.82155529005219
88.60794471774331 75.03928833817186
85.67374275973826 24.279816270515788
27.32539051677153 38.90580130345948
38.2102631649775 86.25356189029144
80.8268307845515 58.16607326477058
91.62345158122599 59.40176478226231
59.90352819181503 45.3985749856309
74.7217479456319 43.11939143440217
49.12597972397148 21.421024211451822
1.8620995817793085 46.476102979145395
39.101302451287644 26.57986123425642
33.93648389665865 18.720524474789514
36.99572699083063 70.35419584371158
79.25208978205286 16.037399393736894
77.23805955229824 22.15402854918409
53.893966960431385 43.81015745632089
74.39292434735661 8.99130686304498
77.49541250632977 13.736986735925871
18.185932158880203 8.514571120033597
98.2521863330383 98.61960381022247
71.53631824186255 36.98050501533453
59.54202116092713 20.857747141016127
80.72531486791394 17.293908543324942
20.150099955695232 32.81182954617776
40.6206485913472 73.77931525927114
65.13149811559333 84.53584470147246
52.27279309395143 0.1609001829412482
45.2799570264399 84.28523334606534
51.040586222459424 0.8009601197452643
52.90012538837042 5.32720355309918
91.39000719885522 4.943122585217075
82.97688217733568 60.280139084768614
71.10149744982017 4.315838774169589
87.16476486108341 94.95083875680588
37.26690349761653 57.76341106667912
78.8098176871065 74.09868565101428
