91
21.744825758735775 36.84138344671084
57.24941355423475 22.306003600036604
64.35930598395332 33.182140716100484
6.822375441191719 92.55609153366882
54.214184856911515 85.95280069505094
64.01545594260736 12.60654045143802
60.494391624115984 60.86780782522732
16.003075272325475 62.00318907224591
89.85999032403396 51.43883117035044
26.530558490408584 79.59548283992184
30.445841593664547 13.839904627527089
26.256266573347208 71.23778183411487
57.52322087533685 37.67757164318057
22.031918549761574 60.383111955318356
25.551603128630962 71.48178240906776
18.126317308241223 88.47660335724386
70.95955394561908 30.2734200683333
18.747844348349595 92.04106512289522
80.89597220195233 64.23819069138953
40.0424428835037 95.09280517798877
74.63080779253558 19.882539900971086
2.009957102068227 61.82363754625978
12.818903658303649 32.663016630421716
94.16837699768416 73.67329746884222
92.11603375062121 3.702054002473487
84.83406567421413 93.10405137535179
43.10498628463662 2.064746200474721
40.52150559405149 9.437185582665297
99.19803258069912 41.72118137397245
73.64844687571872 17.44386630819085
84.70283815373494 80.35506776356135
96.27833690741546 38.8055426224139
34.37059297933106 1.7988885751961337
45.70334874346885 99.1230015903083
36.56111592777401 11.926222035002997
97.62635801945407 4.952179466172524
66.5825014061525 43.979646791568086
46.79408444946003 94.57985446741067
63.93524042107346 51.045613171411276
87.15631540438152 26.203779533159754
60.97074615186838 32.871491811170515
62.76034209117681 42.01671936785277
17.501281675710235 89.48493921282615
13.041332173314146 52.782454611481256
29.979792766677594 78.97452674847003
62.367869419520375 36.94195690788453
40.7609201340653 35.37411406172246
38.037057903497626 5.568246675532174
68.96403926448845 59.131242096818596
74.13487817778953 51.808334988929715
47.97834187412002 12.247618824910955
83.89281036584792 12.571056914281032
39.08515513315085 55.103087979714246
93.00475619409903 43.62055995709105
10.836338620869569 8.9106646615422
36.600863630704026 26.776215335614108
90.40469834727021 50.75329915465684
11.12572065479177 63.927384959297925
66.46120390609063 66.36751086812687
73.57298139554783 64.01836497372176
5.4970984678772705 21.521142183021023
0.9201787328803168 73.78151658019723
67.96433706681803 25.789648523891383
24.734529117171313 7.94195970636864
68.26360163544683 79.57877859904804
14.889366454412645 27.645341908839992
21.98861938375002 67.69157812116833
82.28298569662702 95.05613492498883
16.26147712993904 55.5590954905565
37.433138161845015 6.391810435649036
69.04473658589187 67.76578585897484
88.20362841041258 91.80326349060198
65.95128323865087 68.72354697068482
67.2945382256109 22.691632060904677
21.881955615177283 28.914774352169694
37.3837132043907 73.93788097653238
15.447979307119574 7.430801605319026
59.29680511591976 97.66181613241591
64.52861282084227 59.22018002420144
85.98185623297671 55.15182345494477
61.53361195299225 77.52738862286878
86.25594588529695 69.56149511514481
90.82451317860597 37.853873995954956
8.117026588208919 98.0306912904598
0.6201333469334935 7.660420333591789
0.9187149285167728 89.3317918601038
1.7229892699682559 69.0891749591681
5.062546081781449 80.54493514736892
14.589328719447481 52.78482117652317
53.91801269357731 46.65246561213907
33.0365555047843 11.692944332116628
