89
5.4987457118614635 14.618940536147084
45.30215216006705 11.186118681506175
71.73566721855417 85.67969479425108
31.68469368762046 48.39959528439671
67.30551845498736 21.93247194257615
60.77720153862521 0.5785336070852187
21.747547588477754 50.54395998779939
84.69033165790105 6.508852084260663
63.7936297015219 3.513404592847935
33.00343898874709 62.69811174728932
7.975129129783443 61.410235039781014
6.2828804406821925 32.638590249215774
25.882396569093867 37.12803645189523
72.02780041192553 48.19716340660175
20.0110770943397 56.665534936765006
56.66819928254867 35.806128457337316
72.27117624051503 52.79520824156169
18.421077558782084 37.828569082917085
84.21598480976431 63.02063372385936
99.96761015321933 56.514120861825305
60.125975724841076 87.4586888019705
99.675175288185 19.725052048298675
67.74194545660318 20.944510598205113
29.286453352277253 44.96210146484708
1.3375684929789355 14.754803726290023
71.26451850868064 17.72203057359509
99.81079560202745 6.4954492783089846
0.014636911605447889 36.333241918657976
57.911167264800476 25.317256935887034
22.395937965362332 57.80823399447469
7.009270316527294 80.22830609107355
63.30992384956996 4.6824397102736
89.81055880501842 74.47269655121916
92.46756942184564 28.590735419776024
52.91027873806073 66.29078829377909
26.1435560028873 46.40143314806004
54.2266255477814 66.30685775837269
52.224377359088024 83.7690390951568
73.64937899899597 52.07570885851168
98.50933183533631 64.5141955047887
66.71638538551804 17.67261892393215
16.114019641320443 66.06938492224043
73.07328109634783 48.3783242425912
19.870877384539153 11.332120905107468
34.86646506452197 94.01856890934198
0.3020512564043676 9.256391457848046
47.47530169621241 71.74664972564838
6.437571073859305 99.7785120068156
5.776314108931768 24.99183112341692
21.76692799231016 13.227534283055487
2.895899764612142 34.92667358182078
23.920647790093085 20.48225965655949
36.83587920598745 52.530546108984566
19.885084367476104 86.2903349559231
37.36564460438237 80.70714758351757
94.90998758364172 29.254200796487474
6.9281770712311115 23.58929135823361
27.252929717306607 45.491021597088256
73.02529701339266 94.27555099720392
14.609782317335984 52.67480080312089
1.2902619624931666 95.02259183996884
20.68796756021133 62.22604615926686
22.505332166249993 20.002418022253142
83.82576089200087 5.863886798764451
7.0527848363235 3.2320612418766714
99.43072150220647 42.80459100501099
75.18027590472668 12.905772362760137
43.163017083571376 74.52822789575629
42.388379298690026 69.44561146885705
38.62418629016342 79.99943287859844
53.27629322834376 58.510760325200216
71.00774078849395 39.65592118514728
29.99364324451538 59.4250536578786
25.218076628317554 41.6549824102071
30.2677452794375 72.38769667450849
68.90463839694065 79.46462223329264
66.0547075099805 78.6755981207575
61.870609914927144 1.129993891665071
39.32795636339546 17.01770990514646
72.02038901273524 43.30410460475974
53.783604662114904 37.63801429947053
72.1632815224059 89.83345959273045
81.71425251793507 86.39037691282974
39.46900026177471 16.654540968603225
11.431835435557346 35.003792970108094
92.60314275727114 92.28576554927267
35.62200421955567 40.11733692580661
57.49694634756438 51.25373939195289
44.84618395656216 30.45502823925723
