83
13.61772840732347 54.30563417453278
40.1317728933907 64.47612426496111
87.58529827803359 91.69575890586736
22.93545609201907 99.91360222530986
12.785908929058888 53.33816747077872
15.376034073260092 67.70590537743973
30.090092354927698 34.21971952831223
29.790043013677902 91.52162796975914
48.86236363276787 18.525807816357432
38.07772474846619 42.15856613730652
81.22626956709611 6.4333969759638565
98.00572175353372 8.566000921499873
52.05314933469134 50.9450671469976
71.80554776401544 43.42818630974035
9.803474925154621 12.466907987622832
82.25580678691311 20.47421449030037
12.066690595685825 7.572203666579103
87.10528715513294 80.24074931099095
10.153410764458915 60.833388322898266
37.02314816681319 6.099140193634112
40.27794553351224 49.89336331992905
14.887459661167046 56.756104283665934
75.41289233211911 15.578044547546831
62.14994657677313 50.044177913192875
74.55270108997803 52.787332466856604
81.67673696178231 15.834625463679641
82.09585690709235 31.15783082253004
13.040315998987506 67.79188542872646
49.461091440535334 58.63439554941885
5.071951294493571 80.15526484416498
60.48738611557024 97.22821256924023
10.71820054744177 46.11856282911268
64.01767843893815 70.50071402999559
55.78280636927479 87.50796379213848
87.45312527080189 8.087890698046818
45.85152623160103 89.67348796114733
10.284220930454168 45.8804454421216
91.74829957795897 7.1445577836200975
30.797606996118322 46.772288185711396
56.82068071114092 0.44541779116831215
61.848804879651766 43.363355883710696
7.863173128750677 47.58090515871214
40.5624876327304 94.35802752770815
14.285346375263352 27.005498724994915
95.89857873362511 72.27614989161091
85.02039435492941 58.2607208148944
19.657880085511426 1.45967421274239
19.806881731528314 51.30539531488313
63.541356223108835 82.23527287046787
8.170674359181106 67.32351605560993
97.58530969229714 49.9132734468476
67.87339569728539 33.097366214640125
6.323333763556804 63.47526795522307
13.678525964196432 1.4415029905569532
25.260835345602107 36.598356509859606
83.00426813773187 88.89838906376932
60.80599520584078 24.681614168182453
11.925924480913352 20.112703117692977
73.01554585516253 67.48145349869604
67.56863639363922 67.90548734251131
97.23719867484829 83.49589078304618
74.3385909645167 83.67961604393405
43.13220587391944 46.568645034143074
35.60846681906129 63.77193861131969
90.88376141713526 62.87217718985715
35.10844489547472 72.03472304252718
20.84169860538485 36.86784138570462
79.62187892693765 7.2163405843116095
27.698280254990916 76.19768524982106
20.811289135937205 0.383363147814586
76.04896826181657 3.9930979933428534
7.337050069587736 68.96542742308411
32.8926701129507 82.8346892343872
51.127369245323564 87.14386998216258
12.976663505256836 4.316271483068013
25.60199287106979 64.25655472655365
21.37426779748295 4.427953994163403
28.003306842271435 0.40590126204164134
5.592378297301659 12.548985342311092
65.60822195419001 73.05328791576775
21.130232662900706 58.90780525380739
84.00419516101034 1.8031938768485412
11.85588003877831 86.24058230839049
