84
87.83932730154497 95.76576792821182
36.32181825260494 96.88903582350424
32.1945147248383 26.390128924037437
46.47024551746285 8.236834124372184
38.029098446660235 16.972880761147824
22.041890894956907 4.289728894474775
78.85394095232215 38.37724721511462
87.44199152506798 1.8421026611972535
2.406835941359775 93.29570410591332
40.79659613112086 68.04939105358574
99.43449125569714 70.21333769665507
96.88374417389073 69.90651300986632
78.4549546571822 60.970091973366024
47.21304617844622 20.83233150514022
85.37472179009183 34.37014336512861
57.424920010257075 53.36776301128171
99.15892824104073 18.488796039290435
63.465694119865226 60.16951342624104
40.98525010461618 9.196853051959309
67.7019084718993 12.574821815365267
33.316154335190674 44.08819627952776
7.059661599991573 99.45932732876517
86.43267365337286 29.846455631058255
28.33366035705228 51.70322494150348
50.550436711736744 11.186930700131171
34.01356486293635 28.808589528498107
26.84942016516113 86.35713428834936
21.47327292162172 36.814162828285625
75.4513461308466 1.7897322627553502
59.8996982814712 45.71174652301724
76.419224273702 13.022286675222661
56.131866374425364 34.11365573432218
56.79549475458457 23.97452012247161
97.54627695430689 18.64062739858555
57.265286795486425 96.75477055665831
83.899321537413 58.73875256920715
80.84611032889597 72.77502373011217
39.68530154941637 55.15346041747009
60.823515034838636 42.92268892539658
22.057830730033846 95.00894107009047
60.157805548751284 21.854522727522973
1.8882461197729739 28.011535637832374
79.0024615278963 80.12675876810653
3.268801989256309 86.70922915457977
34.71519560722268 48.51146921155617
17.26924474371031 96.21075960090654
78.12971222415787 31.089776418929628
98.83758866561494 99.34581521608516
19.028130342505346 22.08500156051637
4.488292374263548 18.51819526627758
26.619018410312545 32.6013948209296
57.11947492480256 33.599999837558094
69.251825328612 42.63800201501876
51.85977703421153 71.7702991738566
11.976931764800247 95.5438199384685
56.129080144480504 9.566724778821856
27.3126684264952 93.19392089335891
83.50763282383954 80.1568312468951
20.951658896375502 88.84011046948183
23.6652125305025 40.476193774897396
33.46395778004312 36.772504907863045
42.71490363776094 29.21428392355899
92.21215406125322 68.22190932551331
31.368229802422388 44.16176854836418
13.876638338134184 43.35527939119041
85.53562838779176 32.61468833876834
14.304749051230836 75.38431998961039
17.653069867767613 25.853429201227087
52.89497906170597 48.45197626021396
78.59295190219146 62.04023215294229
45.075430646830675 5.718370366548031
99.0211352603661 92.78558230341085
81.94394155164966 53.90011936208138
27.211985906372107 27.756774844272925
11.946891644022717 95.92277192916512
7.2124628581777035 37.112346015258865
62.44358943016653 7.606439405753063
57.27011000808295 57.24107489780527
94.38975979618948 64.46635778519855
55.63050125804744 35.21840306439219
9.810169497729026 80.24704064849945
45.69409566416082 15.028655895984144
19.379843404990314 7.456307444358923
46.20437645447769 8.150226475148315
