85
0.05920831285843864 71.2902939846129
44.02138617876883 98.81100039257416
45.65262985808821 97.81534603759438
2.908250736824014 50.91503224113115
31.566567703006186 60.895010034505525
90.58490815900457 4.279101398073681
13.792857519227763 13.488061713930055
24.40134817173929 40.02891912231288
31.779278350124653 48.65043610505826
41.15356294772761 9.695427607328844
16.225880457826094 37.2876629042448
28.356224380424266 52.74528648256168
29.68835838589773 6.839153390415397
84.48052728647923 6.308065584817069
64.12112555915726 41.89230311332799
47.392772382925095 87.81982304088064
85.97756416978845 56.01971765375935
97.14175808181861 65.089511518194
80.19388929105973 66.82684373686389
29.34360889466725 81.73531899226788
38.52741402397345 7.634888542180828
40.625107967855975 59.438530944311886
65.73821909954172 64.98626568671241
60.50893458678919 39.74925115308602
3.615913003710325 99.43067184164703
12.714843297204126 38.15076166648743
46.35234666747223 56.562653160959975
88.69479559690298 50.246719184555054
86.80565122388508 21.257233146879607
99.15179785093578 84.04885886624348
56.361290664536135 99.22185553288185
34.2114577083105 56.333266645685455
72.5018515337438 31.24601802074801
30.26063209291503 45.04358714618119
2.347239515833366 33.20849702716904
9.880748120503767 92.1960759711664
59.80141473730997 52.38451110591412
24.46475902902391 94.83848728342561
58.791650266200946 7.986172891335331
57.11116300313229 44.248267595520396
72.67086232011866 39.45520307213536
37.65651513602989 62.904275258711394
20.371967581102158 22.083855845016586
80.7690185710393 93.4683264842238
67.7194527947909 29.456780088440006
33.40156659804157 50.65347452313308
89.84066199750065 38.01760344938005
3.224391649627256 41.92965334769572
88.49291488763929 1.117889555525664
92.43286813402788 41.63621041370921
95.09801971377799 30.949111988968625
90.89357847172387 93.0743798754567
97.75613357168284 31.16132451278949
64.24950996827707 7.37478101444623
34.240224180380096 82.54287548379466
75.12928305655731 42.084332450370034
49.94158265496244 38.05959217041263
92.61577248993909 92.05091851261035
71.73651544700152 74.75308560492391
65.66061664363913 14.221901259590108
90.11043519200518 61.7115966340131
42.99124829913053 22.02693663879628
95.93723956386546 6.765867036979733
79.27308478264355 68.16540054919106
56.07688809750777 27.408088708907343
86.995835049687 98.64078895463379
36.36501287094194 88.97182763706354
93.40580981922673 62.14924950483908
46.90642299427088 49.34917717753522
65.05986296473387 71.88550564971223
16.266149885572855 8.429117470940916
41.47746754177278 4.74946386679258
87.3259615390113 8.639378591631797
30.23500530711728 17.487173822301372
91.47354158994236 9.404773793865406
25.247734524210053 20.705527125932498
51.05347151192717 14.183505844853428
72.69080475049971 44.75378294285427
21.62379292938753 96.28157241125153
21.37405591704402 36.982103421416376
51.90113024795102 47.74664857505995
7.690325988454106 99.73782350766108
14.083682728338953 8.583530173961263
14.414799992869353 18.98779183951228
83.92658695716213 62.42658264612908
