82
63.21575750101819 11.733033673365355
4.327961558180016 56.22820023412225
85.09066102064958 94.79572158325438
97.01371704396134 20.02292505662745
87.73835160198665 6.199065236150125
1.032560917895431 73.38283445110653
5.009199576334389 90.53473271925685
35.4339148368379 61.18906027443538
50.12597622256805 37.47130838877929
13.209441162933743 16.427267247022336
41.47193824220041 62.571661038219304
41.107468440133964 47.35145033128413
79.32043948844164 55.29952481910395
96.7784240866738 98.55463603203467
20.539085241441736 55.08529932058121
12.042770628747135 4.392509574434699
41.08148781617257 0.7841951813656212
17.424575935852516 77.93824679990612
16.33661779789568 34.23390984341239
61.3113993488773 64.92960722936874
93.17154202751817 66.4181845326481
27.696176229033355 51.188185622347746
15.969292812317182 96.65046105699928
35.89388957182852 94.05610989329462
45.74140529024389 47.187060493433385
0.9746765194685203 60.89464449255062
15.731799193045394 84.44841292129405
97.63344407560133 70.24303607469203
5.5029145864369795 98.65898269725562
74.42976796128539 90.19703890169568
38.09653747412543 4.565549580544593
19.349346422992852 94.7534392638025
94.64856867447797 21.622613317145856
1.1774171379671405 95.68445887576397
75.04618681370525 76.03757195129087
34.328178129962694 73.39822356851688
79.89849567807966 31.265773182908816
36.53248268133395 96.56589941691362
57.95971053994654 44.199658625085924
70.31985002318434 95.84458255468236
47.45707173790975 16.35855237911601
34.805210424861286 4.141928905717651
15.18944093206358 62.02538065701347
47.260111591472096 52.19255915258382
56.27109200060738 20.50953885306206
57.20108154188909 14.367894759457888
62.16751219462808 20.616605189194647
26.695276378237764 71.00613343050782
32.67687847370435 61.714527417125844
33.01155489854671 68.70756434809974
9.382132440856816 62.91095684083157
37.672266646626525 25.95731808228473
85.96327492820124 4.845690173830219
75.72104356287228 27.45790741237095
78.09836239112649 43.78590501202978
69.88151641478504 67.75241573609807
67.85696541833452 24.46033049362981
26.298387298795856 81.50105877479434
34.82180236411767 69.4297632661849
28.248532195694576 65.6077410562996
27.02318539650004 80.17980533393717
74.56852993554577 57.58343802946537
19.070997924385892 77.1413577773278
64.55123775385604 80.71525055112797
34.20466463763153 76.51191187869917
41.04985506553886 5.645025216332233
16.764550307590977 18.31152635200023
52.1290074297663 14.337808669537921
40.17305239989361 2.193085197683109
35.148550944074856 67.11466459668057
60.77834716804609 90.49680687875488
99.28487361968791 25.038881643680778
81.90533934290933 60.652386815685624
89.03712489005292 96.39171212159377
91.71907720716028 65.61393782707883
67.89624638877946 85.66003550048197
55.26458241098434 69.0941574953034
65.91574711262614 78.55644177088375
33.19160953718732 19.73679250807
3.3705666872638873 90.4997013976587
83.34363517408015 72.37765758120298
33.08613104503322 58.87282163749701
