87
14.392360466535303 79.5980767034047
23.05383122446668 21.728275259735398
48.13461507926973 48.27058876570176
69.14854944871959 29.012145012357337
19.009098062283236 45.1134234349056
75.68965225776888 73.84300871911745
90.70424990643166 0.6295237025669365
86.74209204826111 44.345808610976675
8.92580330293189 49.22064900661029
18.560995089082876 51.143789584489596
92.78557562266279 15.725394125747627
73.61878580851136 70.01953950074936
76.23339802470845 26.21596030155945
90.88418640115717 13.705397263367413
11.313114990052132 57.70518920972457
31.003232370854317 90.95445504255663
37.18375473473324 66.78051687291642
20.563291591339304 35.66400988375031
82.44782533565244 64.58780936929816
21.632592793624937 18.970694238509612
5.832265079025634 1.860400669317852
70.23959359556217 45.61101157727521
55.29492233335862 39.2858560278299
17.843467864375416 9.923305740264233
65.37229360456575 7.760421607806123
39.54495939054539 21.681821957300873
42.22268996256637 95.70610224215073
70.49717582207865 55.47073166914919
79.72647994232749 88.74864953355551
58.31997595396993 5.972933392361767
18.369388332204373 52.00627087378905
60.7852477219576 48.954355613039624
33.31614555485558 3.4715263671457164
97.17629337079578 20.779604868687652
34.577405942690554 18.476652382623705
10.21774174846939 70.16055788815041
20.384342776132648 40.6168594329093
64.12688802372766 51.29836481926301
68.59929011728302 73.41859569855825
95.65099016251783 54.690369036622954
1.371124565031967 4.826527565284222
97.16486736870237 0.6872147328394362
88.42896885050969 11.481084995825096
64.4598345481817 79.32211321271343
10.114513813130655 94.03539386441572
5.650679947448589 69.13650450194943
78.64101275670254 35.9693701616713
55.41072356885587 81.46807865929992
55.95725640577477 34.3253896144856
43.05323714342142 88.1097830200844
25.002386991735825 73.74938131085655
25.339353404260024 37.350373994160776
24.723405792518616 65.22912906885966
26.429408463304704 77.93412034964177
83.03948079841692 56.13603304913747
38.39189153738538 89.37341387666122
59.39170812231873 81.82155100230264
54.48614635420726 51.97233776948028
58.743144877511625 97.80432760943397
46.039255569419765 45.78787471533523
19.812546956340903 62.96938906100096
77.89117539317893 54.66411122416781
19.066835490660537 75.00902766183562
81.32333904002492 20.756444123723305
78.8747402049598 1.762334545266564
48.55323328731067 40.645334278700915
76.50609133778397 33.43759513088644
5.6897318787451745 42.7832679633091
34.322970634106085 97.73915602654826
55.386970831269444 30.231542164602267
49.10276928804988 58.11016145405438
7.0642172228458255 95.42321955672686
85.64232885433974 44.865803945705295
78.46838226074465 89.13794798941915
22.95453871498364 28.25866447977836
76.76580983447853 61.62563329559687
47.55823495606051 55.11382986710524
73.21816187464417 68.38344755079267
67.89487822634196 88.69101408403696
49.166241275643685 11.44845869769383
83.61172479867224 59.863808367234704
27.644089213831112 12.228412289464863
93.84045186611797 56.245596052198344
54.00279531546469 6.650324978945211
40.948644738014686 26.412525941901933
41.08930762986751 42.92832955765955
1.3644161269706134 53.82875664388227
