86
21.276631348715913 91.1415177132567
91.16315831591805 36.836903587777904
78.96680911423348 25.06906464460291
39.26854200264016 3.5789833836653018
64.39985207543467 15.980100761636617
76.5283510483933 58.757459533046685
62.20005500466037 21.935716397891515
97.05295167268592 34.253833575073735
96.4888803328769 32.61301617524074
4.708672597180319 37.977493423323985
41.991385007601224 64.28687570012562
13.476722909862882 83.61533693576837
76.03649331066559 99.46145994876575
81.03032406117113 56.846911768781375
4.673396542608255 15.796340503555372
19.49703882535069 86.37691371087658
60.88156374557582 83.81482765813905
46.67432477960865 13.081215622994613
75.97110990128299 54.53089070729988
91.30388028074617 12.335778251961639
69.72189728530519 30.52781894207841
62.92868539129017 81.57030684148849
13.953759523217968 0.3097128984122177
55.22646061527659 21.726495246991494
87.80604664961234 70.14025180117378
86.17783565759484 26.415757874212588
92.58092804008547 88.45518830949024
27.51359814582632 20.035062402562055
83.85614738686235 98.10118590647427
31.412041694480607 26.790814536439523
18.94956633812611 23.16030553652463
91.90859058668755 56.714150970953234
70.80653804117127 79.07211905809307
22.894778550157135 52.87060191165768
18.118323508031985 30.795883142292624
14.815816620764554 29.032206322108124
20.034870356415535 53.86286312858303
13.596713835853668 13.924818723744592
15.668115703203389 91.28599598775445
69.88582423119365 84.01012751999583
80.40340154964892 44.04886074292899
59.7080392309157 59.77744695598266
68.80962458549077 66.57696603766327
19.262619373165947 25.131068188479844
75.07126982313481 47.606879304848036
18.636194926615048 80.59874336766664
3.4129109165190408 31.97990271294523
92.83598367484957 41.879399902466716
52.844217876034186 90.42113508066743
55.68915784781703 58.44366729159791
48.882367098239676 69.63573356734048
2.461738706327743 32.1866230616491
35.36704302627235 8.370070054390466
90.12902980792776 0.9419870132168162
37.21208984030323 16.56155069089429
57.231188492529625 34.847118396932316
76.85026765847621 19.698952118918434
78.52325181389398 6.308940453103218
28.486961386923515 97.99751854578585
62.887508900562786 85.47900275039189
20.04969221445355 52.12844899506155
14.106341828016333 20.536643405967435
14.62614206175159 78.38369630121545
47.18830846974566 64.50670336540657
34.01765590628562 20.299028881617488
25.50725596252461 6.879828824583701
44.538723583139294 60.63602059510068
80.65270805837282 98.12130552302133
50.97566353520021 64.84929005025577
19.71329763392132 90.15338805786301
35.965097416684586 23.691135209536153
89.48399382874842 53.678363740666846
3.369615288726202 49.809098970885366
97.89034559497068 27.172820495289972
23.824579845676674 6.720871669899808
7.918252531297276 27.967743401530832
15.662593555586524 82.66737075304185
10.508340910533287 78.76787096854824
94.28771188544019 59.76969561643431
88.18571565359036 90.08292985919255
68.39057063164893 90.66253326446966
30.429965023616912 26.157879191111043
77.27059429271226 41.29410446820627
99.10270566047636 86.80090898246743
31.36728183210755 54.42600921388608
17.98925915716376 37.15680230885655
