88
65.92455996443587 69.33064401191024
30.762328325210564 85.80859479457291
48.4136407295902 1.9096675486549697
46.3434500056472 43.08014399769796
49.36704975900842 27.42432927838999
5.475571094706111 59.904652736847964
26.334244622446956 25.47986876136923
64.36906847261575 92.28406183792443
34.88139514752627 81.0800030914556
64.83453872410526 45.84095974972819
22.565437761378515 40.59695408242747
96.08909771960576 14.727955623700018
7.806325670770131 22.19016785191559
13.078842134605761 34.28799268951811
18.673226426657475 79.00462408873801
77.30310645730398 54.223967608994315
78.00780009156081 39.336763294019114
60.64675417418412 17.96719832261523
73.5224625446937 35.134189149957365
35.39904100514042 72.93585732316863
22.76483604928955 40.900270052841606
33.650795718123284 78.03922243242573
4.343207704377027 41.77029213543716
6.073048287169125 43.868738956680566
98.34858840057514 15.595516842718283
9.237952370750191 30.03660938224211
66.7646104770504 68.55576872845663
7.501795301202319 66.3910376348871
62.39683018414658 28.96843595868094
90.68790152095701 43.69301885817348
67.92000170702083 63.372476841284396
13.94445066821951 29.749100549724183
99.34559022490973 46.2429521961965
27.593988239558133 80.17315873273593
24.680609695374944 40.6977329989478
38.02857561397974 77.69836825697296
26.522860012614125 70.0354151055282
58.63785075974602 74.80089238137396
91.6185055303667 34.002037038451824
56.29309433681067 26.779175151738453
7.495686604914276 36.98120027610599
85.57512267703086 91.20486708559424
66.77987571981117 40.4407929915451
17.420379631681048 66.89115396052057
86.75961808543417 1.7541828592168685
25.43308303476278 81.69367401876073
57.00869959443297 25.716023482009064
23.125187281127868 64.9425122136998
11.290506643358844 93.03644321983468
32.349961163550475 59.58003083212032
71.6657625142104 75.40227570438893
46.10878502233091 91.7925168302893
97.89909764787213 95.64908370223212
31.3171600775632 39.891557701666066
30.26776855720574 72.62983524648006
16.59639276732018 46.5717940865912
5.2558256110310175 44.37598721711184
50.73659295603286 11.517836464879794
37.42895837661659 64.58214855811754
73.49812726427577 26.679301194569515
87.44059548624952 64.86114567462266
27.006979382409636 44.27375212649643
80.78667135559657 48.24385252339029
40.18182559403347 10.750855209712517
66.5531627066725 66.92011403301103
30.51257780300939 27.67907773206525
35.81179247106964 5.756033020586148
45.66994715660645 28.108004730848645
74.97306235880943 80.91405076497661
50.75071896137043 36.26637028495159
3.4984058937990614 56.99225310165396
69.73056033502642 41.93471289286968
51.379278824909335 34.05558530091029
37.49380065882725 11.28509900030007
35.395258181549885 95.32467807283895
33.824646848949136 22.3332810331182
26.899047803136177 1.7147829927945835
5.690789958959974 65.56960999464347
79.49746770169548 14.60471715021182
92.65643699813204 11.186774889084795
6.415878051605528 66.45015190954365
61.21516864877743 34.60490352891992
1.9808328542925469 38.72653010167977
30.830227975840707 65.34645344134317
71.33573407984827 98.6798818451531
4.551821545512702 52.44753714811121
75.91166355080377 34.31455222274747
6.314128366719918 96.05909865651141
