100
66.29986048172742 36.03161875875518
63.41143756894911 37.52710575814036
96.38267506998291 81.29568483686637
66.37796611921542 47.951948950596055
74.72563434099474 75.19846303605362
27.43083193296694 34.05365051980191
71.03662456954228 9.134237631725172
50.618025315024475 71.29601582760709
55.99475332721705 74.63004192219739
30.533073784674556 54.8255922177157
41.007788489698996 25.21102730179583
28.579093398691846 13.010567115693739
15.787254239357296 32.20545887569013
23.295039376058956 52.81798880821494
9.87653129375704 18.002058575954617
26.152842295454825 7.11680619219498
50.26492407457711 12.19833920554243
5.7011986794865415 5.228749795907273
61.199149964793556 36.554856307971185
33.8804504540298 51.630926218213446
1.2177525678155 3.687154973782647
62.815287271787646 81.97701613654338
61.80705634399941 31.848831580077462
8.010235170969594 71.70442259388558
96.88328792008551 67.63465766341419
6.120321455151401 42.79153898916584
47.418206043137864 70.4918824559612
94.15774657115925 46.07189854415097
22.67896567706529 97.50368269491683
52.83496472474961 94.52911339803309
48.534609626196044 88.84162533842816
67.49938530682194 29.99899277825747
62.06797104090202 45.44607345446649
91.80736499472553 29.575526265736908
49.21724341193928 76.26240952818459
36.92651780669841 61.13323246849611
13.395796211769174 4.57209881778714
17.16950149676162 72.11484015547447
74.37060901157834 89.80813107351395
25.41566530820899 20.584661352970322
97.76931328308348 94.78619522469641
82.245461323455 88.87342378240206
73.38516556762174 29.291529675327542
62.76448516976401 66.12128686380649
76.96377491345184 25.343031299578556
31.935670498144354 61.146151885725665
5.046008391634049 94.16096879285088
65.28507640258519 66.70786830738813
4.539860352225455 52.141435980234306
38.86433283844898 14.230090161825027
6.5040778804774995 71.13058515859733
36.21800653914511 52.03782889986669
30.907012327247607 5.768250041505462
35.425104929834546 25.66005539138432
36.59457537931039 87.74585015131787
80.27571890646867 23.96353101043457
53.246341022949316 96.94362570887655
59.24731146665503 70.55272998788963
78.22233025892875 1.860611104613752
2.3255071231922386 11.921245363213462
5.605846966064465 42.76478916922907
62.018483687793704 97.86546805592971
85.18297230815321 38.98630603574779
75.08031910379096 76.07833816257352
94.04297013677605 60.10638897365407
0.9030185567233118 87.63824665804741
73.1131310701834 63.42978017857443
55.28572895655374 13.73081777884373
0.1297090963876646 65.10211882215268
61.929633875984536 99.92047889348498
21.380504360224684 27.046705539536763
99.4596593419025 67.55469152262688
30.743694897833972 40.461618769531306
7.963978101169278 87.6369621343615
82.37946806628679 55.32120060817686
79.80639750435033 97.83566636278674
6.645388727210899 11.462408724985195
40.89582798423592 37.704358325148476
32.64565917916256 6.02681138803387
92.10910040696956 56.374329553697166
97.63163251408054 29.553344767568536
18.796194094496453 53.497004715093496
89.98090668841614 34.09738785401928
77.57234723649007 17.036935309753567
76.7244444113397 30.096576673627375
4.088727813582082 85.85591117081518
83.6092353694575 80.11029371543655
49.6236867779006 90.8431962099049
40.535126997485996 54.37599649153846
36.229983554689774 32.74163753088934
98.69127059614813 36.24629846453102
67.28970949946091 85.88916029984496
5.684252606932705 42.39975642604805
36.59947590402405 44.789500294433246
92.7863146902265 99.30037149220374
37.53444677939646 19.59664006077073
91.71078373099314 80.94475357845022
29.598154185968582 15.466485772070149
42.70792739665051 88.3513133872866
84.19555735934003 44.18137985438392
