93
31.158998509548262 3.962672269515144
68.92533517176729 11.598812847480943
20.29612616444859 28.07328514543673
46.61723546728132 93.98732180772744
0.7850581114763555 94.20194896781315
71.52462850067445 11.375617250191528
41.730906973008786 96.24449451210339
15.893070334460813 86.35084202638416
51.616237550028806 53.51412063031361
33.59269628831465 84.13372965330434
89.33641008164025 29.48166908661044
80.58829517228783 22.973025299013592
5.218216876372594 50.38238855877585
88.84190801388372 16.932752842411002
96.40155603349986 19.438213812613526
90.45060946687511 33.77620562733193
67.32678424544486 0.03798399503713856
54.725975918268986 22.999062509182565
56.17458879593586 58.593853527255426
49.552081865781695 15.83674065073849
84.51762899019741 72.89544060927982
41.353930081962 89.10187615291318
9.406525710611769 8.833712152464013
21.2860145874588 77.33399690181461
75.32159769577459 2.041367485488732
36.69412703963292 14.095191466676438
36.75545455243725 68.66455974615087
69.77649323787925 0.8005373909170888
22.336272288810633 70.69607814235422
35.73519036746351 78.82725221303633
51.98985584215103 23.167596577315997
8.174135967768104 28.653052356270003
72.77317017872413 11.51921094341728
99.34902373243183 61.94363624260284
81.04674249054068 84.48627287508653
72.62893026698619 14.190689193993178
74.47765336638254 61.54336799151454
12.946950330319652 64.94074097092162
35.80945994198191 72.70893790557702
78.54787013505798 81.39618049667105
30.23763055907356 56.38454203212974
26.425179600234618 39.04015557902274
14.686555431790094 50.18588266431804
75.85572214446105 67.80863518236737
77.5821835713541 20.193070995772832
89.37122193373305 70.35304916094238
11.38877460089004 85.64432208987829
55.227740295310134 10.450517461306962
98.85890200133638 66.38295649017088
80.87495840574283 53.30471526434389
29.171889804652384 8.893797303491702
95.90558468482459 56.512988183831624
98.25395703766682 85.02802621417413
56.480646525426934 55.579290175620024
50.186634123140394 80.19976751143713
8.226092051038425 63.974075055446775
22.830804802560788 50.15037710997117
92.54671139883048 16.77796649027975
11.675845962205344 20.48389577008729
56.26582584647034 57.29497290977291
78.35744917142279 78.76279138941716
38.035308997545926 38.34649421221208
95.54630732448727 7.273500952235312
9.632243463796474 87.11785960314707
37.66901954238138 96.69864662201701
87.5107517166636 41.44259974361801
74.55780409786382 84.60950123579677
47.55060299135677 70.20973241135796
93.74243875054147 14.589585143360672
89.96656833622521 23.202206845059116
8.000058152295864 57.80977557291494
68.77998562252274 88.01551579278043
80.85224497492926 31.707159289578478
16.594038067645133 68.08989771814082
46.04550622090292 28.72955954257619
35.55203403151796 43.06073639089257
54.74428678742692 74.63427789181631
20.17570393521303 50.104938929992024
22.801731748737954 83.82035493459409
27.25007348587667 26.38782833224732
75.46547482342191 14.804208348903758
94.0389764377053 26.262896265262224
56.07998560111576 72.48761853128575
46.1147076592011 2.5654011404986132
40.24465844275805 13.41118864349722
38.75682131508247 44.05387583748792
18.894073713751837 85.8737468246105
54.85547941051389 48.42080511582476
36.87486139583236 41.726954093549395
49.50101490048945 32.39845364840291
52.693908306335224 16.78150906817312
13.215572406509935 41.16349887036244
41.76277838645366 91.40940901631724
