96
81.41309404134763 15.920454155800012
45.86743745785916 65.15615172003383
3.5357871618013403 6.77345013298718
97.62383616410743 47.8485365630801
98.31557347129004 20.906889653991033
51.85972735051855 76.7724799357741
34.70803038370356 98.37388953986141
92.8445261395731 18.046916193484886
22.446836726132467 61.38305846612516
11.23097488178313 79.73703110311227
49.0471040986307 95.22360176477778
50.742973842941396 37.68910120766756
34.71949526064454 54.28831260373402
16.21967366510083 22.877435639045217
98.10995724342997 6.1443034561350025
9.187115106283116 64.95497149940161
44.331228568996316 31.257242576459888
83.50080466992912 63.8899029394051
12.106575918679663 68.53296169708419
19.47495647672338 20.594166556388636
95.3561712129784 11.501148770250147
45.065509643249314 7.468133309569103
12.41410716794441 57.60269328052513
40.724724545726076 84.17850408038638
70.69018667734622 90.6096029619208
58.55303026370524 37.8827378016271
0.6820768662004095 10.704064634711163
37.08287188376571 97.48752847123234
27.733747743505067 83.92648675286846
62.43440446885753 53.14734585840636
25.412779658069663 34.894036485927934
11.611933939758446 73.90506456719777
82.1497340277853 96.84766921142707
56.577871719832615 19.073332602762537
91.48244548948624 62.47900827229091
65.39345935164977 53.31728231623541
21.5166412785024 56.603427279041085
65.97368674936793 27.787474129683876
92.86509854454437 62.8012529234502
7.100399636907606 43.71410280862623
18.54852685077265 51.954890320792344
9.292058264797543 6.674209676341003
77.46765241323887 52.964281637436464
31.298413970297112 86.5804475165339
63.69245683165607 5.71727786730325
64.93207629562818 89.01267628200324
38.19200829863419 13.517407708524987
16.20107109116805 92.2363442763573
51.83047300823218 65.39512427976359
27.532188376237386 61.1836380356705
32.08625939557176 59.2253385126725
51.86024160495646 7.256007590733537
65.53561292326529 79.77999777562171
81.70789503245157 70.21380467732232
74.6693879004431 32.64627965164314
70.8040643871633 0.6814736858463566
14.62957224742597 41.092977668614104
18.635698251856603 92.35043557893306
29.603611437394385 98.38879888393124
5.230664643453076 73.01480811523751
82.24517735437425 53.26147602738247
1.11684863270185 20.61964847078489
26.20492785245434 76.05530703151072
75.36027216960234 97.24254943508322
47.91123248404754 22.826238745007267
37.743164035015944 77.32927417129102
82.68773589852275 32.646449335659156
35.04202378736107 78.2140557558485
94.48331874909069 10.964629886452693
88.52995297012707 4.087478428317127
91.78019086875894 54.42571613216366
12.002390806692098 16.69999587870884
54.14390645214936 3.158883476896668
4.4404989143890905 44.12978425216413
38.2307305722712 86.43326325689922
70.58679351604951 67.08327449102089
74.8897148360282 34.91100018344662
7.748718861574799 89.99669555402237
14.093668625604948 11.082329180347116
42.02069640627034 71.59033928373131
64.36727383174428 11.02851694459497
49.774097471238846 48.8164178264578
4.508276061983329 91.09378248695694
22.389972035367446 2.4086183318425824
97.77590942200615 87.42438723010089
39.70449478276078 67.72291153912347
27.14386132814022 32.08982729117309
22.36708891602961 63.87965114716101
33.298534557428006 27.822680997996805
36.78943799825286 97.7276610878315
71.53622925723779 98.90060337551049
14.478325334026842 79.73757156029055
92.82050295498794 82.09638786925836
87.07331354588385 85.51836462783051
25.131277201856495 75.15887997669078
66.19312611544855 45.293230660255055
