92
42.0571887966401 46.538985252336275
21.2660606421605 93.06052778779222
76.49002105789003 0.3013177943024359
89.41218374436797 8.152720060535323
70.76668396987135 75.49483435055713
4.346217331969527 29.628367065548577
95.45846990179929 36.75150375669589
33.411802838595136 77.95544834477587
90.97601890160774 10.391497781824322
79.04712668489292 85.25690449561195
8.661278356378022 66.07650431390908
12.588751948995425 72.52749932119177
79.76156550468444 44.749441293171714
37.75758251668498 37.75246155419293
29.12539291065611 92.51469403907412
48.292462619890074 78.7960045712943
39.364165184288325 60.55750993646421
64.97134621945962 23.543255276531873
61.149020753353966 75.50116746717708
73.29236875864898 11.240178056160433
63.262469864972694 78.64165430391847
85.96184596727817 32.93134880781798
53.84056189018308 27.589420784100447
48.85772949923353 81.69295101871566
6.3166771431444 92.78435561226372
22.500926179241464 93.36335976963484
1.920091139368696 42.63651699257981
42.33869347378377 44.584142676072844
16.27712539649826 77.16562808359507
47.46473531753826 32.422631669721405
1.7821468525044293 48.21989024902461
8.878549156908743 19.065278969025844
91.04381502023095 46.6690008288113
67.06617749874924 65.50447407738635
49.78512638855187 66.05570602391754
2.0941879992354195 40.16766763355603
90.36179808561741 10.541231663322147
30.0600737454939 49.10846612518104
89.97953667662009 1.0446964906964507
6.516235160006922 36.99119531293081
94.26274756787846 77.89211671673662
43.101675104932156 41.484101084328195
97.02016526866055 80.10943728492096
33.504267478355956 57.792594815431166
75.47175409331649 71.6193989586731
54.53246951804647 60.03527797424003
2.8179923052050304 51.24248736376084
76.72120295060174 91.14499375331458
3.7461035285031197 90.96534500814913
22.879542776995077 92.13590399383897
87.30943336906643 94.53884894224655
10.720853127395923 63.90810757248693
6.879749075639929 92.08139712656444
69.55329437484082 74.62844564824422
63.268091731285594 33.799802298004714
38.19196994582271 16.559500308964857
56.2038496763021 12.341954909434483
22.47023184040412 71.84081138287799
49.90326445173701 87.9254405089903
0.11230842425393739 36.99227208159604
65.71247523544292 6.423680992032132
84.00612048944656 78.49353673653768
92.05724154823042 33.42856291317705
92.6907762759743 74.71254404182555
48.897709155891825 17.15580825081169
62.10143973371177 22.361223769228477
97.3020834106255 25.074757646575918
7.927464438706511 60.19808790128488
73.52373720180468 52.10165266959961
1.112489163018937 93.11596180315479
74.63324118758308 25.856341114631686
50.65156034104314 33.88070256997988
95.71382253536618 37.028424780823634
80.70147210571712 7.453287142816334
83.7648786109577 30.626976147024042
71.74695019754861 52.11006794994859
50.46083378390532 4.927638425363046
67.34337679882832 74.15070602557283
14.25197024466297 15.091479828904053
74.58580004091534 3.341992782418668
40.05286423618205 93.45486360066884
80.26169374582857 76.41495163968487
99.96436851570571 79.51655093649383
15.665966501882622 53.039448877413776
82.6232119440438 26.020082269331457
63.007393292850445 12.038197758814961
10.76660855301016 50.195085995208345
44.73503255618775 31.39937751820292
21.174307951601147 96.47559405101109
90.90217718817753 20.084638816612955
39.23324964609113 36.71382027204022
33.095849322155146 54.32657046420747
