94
35.515177877879786 46.14630674251094
84.50558097533329 51.435299199448856
18.392335004176207 81.30531148746427
43.92223840599912 3.7044921729943225
39.41425910441746 61.13554638545664
72.2456378220551 89.74480048341738
51.934333542141346 61.84218402298032
69.80820200215612 43.28305895691676
64.7587724104412 68.7434572672579
76.89421862926292 62.57366171006121
82.02072488305888 44.32549589980397
1.4697772158134614 31.246435306259347
95.2455746550821 39.3556627984549
14.96431354483514 38.823403493294606
40.558546451857005 10.085632262160793
19.24578949086273 16.228175385735412
81.14193077133686 73.00147493711961
85.18999299925983 10.255906445633256
85.00214407994274 55.78370512726259
73.34929238999521 83.95704005920736
33.17717943240551 73.79026155206697
95.32245282401877 4.606405800633984
27.174100462362503 7.724373484735015
20.10872385054747 5.709215550309866
38.293376973738766 8.290174826704067
76.62656698217445 7.31517740772345
48.87582380991342 57.36855640887494
64.45821225546324 95.9849738718761
4.693118636067128 14.377200591106709
45.872876300440545 2.3552742323096676
26.725374885348995 91.60221624778112
62.6108818456334 40.201567249463
42.69914525743014 31.840573819079953
28.75260688995571 57.19326189875085
53.79677884380105 90.20165832668084
42.98937053708771 82.66462976298969
34.27138948800273 76.36901596410762
80.25790499082387 77.02951384754877
18.94374239613802 32.80745341802006
15.557199968743696 66.48474009450199
38.07043320052973 43.3185585503895
73.79895934712602 62.713864028517676
90.87072432691886 70.64123158037809
92.78217886612147 70.80470498031197
68.79411821479779 66.5539606935458
82.74474724093572 86.4979035988425
72.74323715899482 5.3536374626988685
40.40331659526169 13.88900542320225
33.86565739855535 46.90039999253983
42.929399200946285 39.515174094600646
96.11504284507092 31.446412556154733
30.353330974926163 39.8308632361058
61.905351166128305 97.45734284739542
89.53059255519454 25.69150934028236
30.393350906311454 68.12515340179807
91.06197881883558 16.097474001243704
5.788854418984791 90.02794059132813
79.07393818257837 44.82042701668069
72.95992520956595 25.207187799425977
76.12526049420522 52.51904514943697
22.659980473950135 5.766639568699505
4.225115096688292 72.23395128972614
16.071458098390668 14.652831231524843
34.474578251766296 79.86154247453463
8.375864170131154 15.304444711114119
83.61409413079608 86.66150802114959
3.962136665859628 29.292310022650614
7.457745778058744 82.3709064095647
27.636540059073667 96.63077267230983
38.222506232980514 35.80280462222032
65.96283141370684 2.009263485230872
96.40398216088862 42.53902628080935
19.138101650939866 12.569740899396232
24.244248673471493 77.163422526194
62.13216093222654 80.28473650021883
91.46855487438104 30.215044729228513
0.9507373676067354 15.643835914239556
40.455967631737536 61.66621744012259
32.647994045115844 55.36608045430218
49.43153177039746 47.437298701654065
45.76843722526106 52.34650338371587
58.730578581525805 28.852227334119707
12.048177654893022 77.9381710604262
45.01702173283718 2.5140691439596186
16.94436112315909 81.47767956461921
94.97395524844082 92.63200973685294
24.835399434215834 73.23189008423823
57.85600708561698 7.406451178863271
2.918329546318421 30.296359617886015
43.25433424364511 28.871426061039262
51.59226734116336 96.24013594094085
80.44267495694419 56.30953579386729
1.8380705993648716 96.74154984086641
16.616468415940243 33.03492234584968
