98
21.5532374607457 90.47543754111787
6.2976140239494605 26.82678011034533
40.77969252580457 79.7317519080255
66.00690343424286 11.79508772782395
55.26993741444327 30.449292636918113
21.518663900585732 8.175894488581992
71.93907185580655 10.142954023706885
45.317179381292725 57.695564292630884
75.59967365523418 33.20662526439172
88.77950057463774 86.76240870975039
95.97660075220726 20.47648529586892
78.72134086089032 0.9105578910621248
83.09666528858806 70.15094349913078
27.10861575109905 37.04124590965717
97.12920660669444 42.67315592835729
32.85207611880752 13.165619943043572
87.03868940661584 46.235884707531646
69.32150469597853 39.74524960912645
27.0600950687922 63.559348722560905
73.78330292891249 62.8693025229244
78.51697765163279 86.61740294558312
72.44780286578329 44.730547023321535
23.321346275291432 0.05673550278358919
98.47949614414267 60.849972628671246
95.52228584929212 68.18618277029618
85.11301284201161 5.736216317808795
44.542275916077756 35.051895451519286
56.521889362241616 79.12350432568097
38.70199354437172 2.7684887859249496
28.875185604033092 10.191824182483543
96.59464839462485 77.48749446078567
76.4471055459305 88.91221293377103
77.47637238468208 9.368069769607745
2.924415014872006 16.162385813065804
75.17962451354481 27.669538105979573
39.61429585938362 36.90937952431537
61.22197076966275 39.02495804471741
96.80059557012041 49.817371584250644
24.20942196402671 72.94396448419559
46.833703883127164 28.19649127525844
98.91284722839025 94.73732459619207
10.493087487993758 14.267119472181234
28.996317563283004 7.289660045640057
94.07298052136206 6.924066637076787
82.63129982714612 96.76322333524004
68.06125935343734 2.767268948339563
64.17027921031408 76.42393070525554
80.8289108885884 68.89954670811169
47.096090922312136 67.5848106720486
59.852941128697644 67.36199115189629
41.56346947679578 38.007775201069414
62.211575547479534 72.34447084027711
99.74269438708743 25.639878816796802
65.2665572369468 46.808667273067314
57.150400926515296 15.403655738748334
21.5802134992544 28.88089200147895
80.917194103005 77.5022010076695
4.60132421081153 89.26084055819211
71.15322855740669 1.3901713777150326
92.19244103023335 4.891264957963148
85.80924421833443 70.12870883747688
53.67705977783839 54.49824822386553
50.64837612989279 13.695344978668068
66.76807343799253 28.479934673428133
41.07729590070488 11.444461216112334
33.14191125945101 78.05971552338934
71.41167145086848 51.18317965912097
40.973584264266094 94.21731453872366
53.74307791835034 2.54436673526387
75.83014061179038 58.32720290909123
18.45138613087578 44.66079058500531
50.79093101549967 88.32653291647439
70.27656210353362 88.5415946436615
16.795323892292423 91.13290806786237
90.11936413840044 24.284271972097137
35.88757466804644 11.726290849789745
59.56870011086003 50.105047346760436
72.49782392075856 38.43675543031247
55.38857615304834 3.334295569321921
9.136797732673019 39.76530681609965
41.47946518248998 31.42971003066357
86.42586414150006 67.7960498732147
46.099920362176405 40.34118229870164
92.18097001766851 2.25041246650014
47.58234884479715 52.39265435642926
76.43296330782742 17.300474567483313
19.539511078773952 50.01477390900221
74.21920908267299 83.1779255083036
13.768733022851032 52.09396587359409
31.297595182655733 28.01013443461774
69.96372519307796 30.98231267225765
51.191442118922524 20.66858923320998
58.56707736017679 20.950983614203246
79.03665958115337 13.820492459958068
77.16203692099988 78.04583796385666
72.62007753860442 37.47673385806996
72.98620568812238 87.4129570906297
43.35145729754214 94.4808352988385
