101
79.48924773133866 75.16532903396212
53.555172927084605 48.381235397374724
81.80845056590772 26.97071352011884
27.907743016788842 66.66717736120302
97.8112161686094 99.65080312624706
84.5511269016608 0.7614981557554912
72.02471587679649 24.134972248734677
94.08528133616166 77.95963622898458
13.262771374563819 88.07489323427161
78.97700152801576 18.980044089785196
93.81979445761618 99.35088397997204
91.10059821876338 87.82285531610145
78.66425405392559 44.85675182847465
83.66671205364248 95.4713665206389
1.2434430344979264 88.64102881332362
36.96021242647593 70.84278132154456
71.2290671610071 43.436578851529205
60.91103136025847 2.9995353619774012
83.84377727686511 72.1702883770829
96.74915481287807 31.506721576243212
20.664561473690256 81.05273764871794
76.86813076492903 96.41264210251202
94.28080554780254 52.9088731958595
73.80371897344216 3.5277531891391156
96.00765640620777 93.33907222359431
33.34746672138683 33.530024057218164
49.97039894518319 52.61994855737865
36.962468702204134 81.29268159522735
2.6555059329716246 91.97547234909644
14.908658186960878 68.80056206378458
27.143948684241526 88.59377780247047
21.953775739229176 2.6954095309419723
13.371391261144183 67.63394457715508
51.25656516830459 81.90058045421014
53.77511280500236 30.55414594921968
27.856773041285766 64.34144935937358
77.19334710481273 90.51151050975332
63.11143871027001 34.79071455569992
22.8108121426404 55.219103213044995
87.85667366592159 88.64934558647681
32.02696431610869 96.93818874576667
63.278545614326596 40.374570632105275
15.2915588854855 20.505448567228946
62.82324765211422 89.86429368946273
6.805198805912238 67.81026953064845
79.30275529908951 8.251818355038122
63.42779455298392 59.52942904375443
27.4087366237201 18.75304768337366
87.05571860320063 16.273965270538838
50.71435781206743 45.973114261296665
52.26643371044333 5.603358838953065
8.7826623636711 17.315575654855444
17.253291044684016 62.56973486020711
68.19843517284225 29.18592855844847
80.60324920729414 18.280707811505458
60.84077845693838 38.692354249923056
67.55302632178523 79.04566990053762
95.35215454785722 34.387540759363446
99.70061420188111 25.35644688799319
82.42387094181177 9.100746970814777
55.271764912392875 34.62932048996477
89.15621777230415 95.60936824140198
40.44351526350242 79.77483221512746
86.43487446868039 98.03987774898228
29.23256421442356 57.647662384626194
94.88258242894464 40.764036084720466
67.96585222166497 76.15713282508032
13.69713234273615 37.38867711861238
37.26662627466448 57.447347511871826
47.616673761587855 99.73970607687014
45.45184842761113 32.76445232442884
40.315192741371575 91.79211179748629
94.66035841407651 16.39470655539007
53.052641867890635 90.9189366359898
49.99910008059035 74.71963063333543
3.5463236250447006 76.92832031733099
35.62301317910429 94.52037124330145
38.21043312881521 66.37046519631853
63.82025841380108 19.085865707147764
88.52513294380803 19.423570742714404
14.369087917189539 23.85965397296761
86.26458273043734 94.30838595480259
77.43111726468696 18.55749293467841
79.07204630776246 83.47671241963877
17.631560747409893 14.004323645986261
20.204400050968108 36.702714502621205
69.00772703864946 24.382521606152253
74.05304462540452 26.447572954123633
11.000621734573624 20.962132386954302
82.84207855550355 78.50989838922247
51.22490978264438 24.978749584091865
98.47253323505653 40.53762283721204
42.359977069738605 96.02669840471071
12.262440789688622 27.867922847684657
87.79378769430248 76.4360037920384
89.01783020732653 5.622625392659897
45.88148792957345 42.90720417462664
48.8345205263117 13.559988532400236
13.622548606048234 82.6969956744898
43.46615159888043 91.72855663891639
59.96832743845458 13.919774641858629
