97
99.70813793687779 92.54333724774851
65.26014257331703 80.69837660746173
15.11106321235005 91.57125202605366
34.523815459353045 13.93689497087961
1.5347364790151752 13.976476625544876
81.66472009026202 57.76213228969432
31.07045426005741 1.634370300600707
0.5272545679642193 61.80184010438216
96.43752973069958 39.98581260089969
53.47119659766663 54.06051123396467
11.003714670222253 53.57000088026413
90.41806526924037 97.15391372826976
66.91322735659674 59.26125902466417
21.670390786257286 78.08218052928818
71.44331910084024 97.2287587171513
29.74602936751619 31.495251979913586
69.39007575711355 10.923921227907718
89.51065789241751 6.012971358991093
9.655675384244944 56.97130822897263
12.939246841908957 79.97404001792384
15.786508735351878 61.147318518379635
47.41524702421801 8.897744496056337
7.321171280192729 77.0389261556024
51.68408062040226 18.757379158739607
57.1642800425708 0.450942238919283
86.09182679231523 39.09404897381998
69.9249280390079 64.38391595964748
56.689790516782466 28.624199450214604
16.74371229177176 13.759481380485994
80.03671764695521 90.94902416322009
85.86504502792086 47.012439890859326
37.65007310409707 94.65163497716588
48.19521166205458 97.34018297497265
55.503869015326615 12.76627147257603
89.14869259535261 60.90895014885711
0.339317837642672 4.0030315166245
47.66065115303868 1.7415284938180342
34.553988858896204 97.03799539109424
87.61127956292508 35.73170154158012
91.43581907810974 17.76608181832451
31.94418599828258 25.343730733602353
49.87066879162852 88.47998035114102
85.10312452628688 35.246144781720766
4.2931280189489 53.33582287136797
25.33585664415411 41.94867598350945
34.15193305198779 78.80049844920941
39.19966750531335 23.618732877357505
46.63850744171361 60.694240625731965
42.50652294688126 65.00659616533463
88.00576249833819 88.9533740770693
61.76748318294921 98.6620352585042
69.32950425524565 57.34725561311262
57.00260053484424 84.9126771887814
92.71792653545238 89.6009001972146
0.5303699520180283 90.06519832610603
37.938490063072294 79.35503513511264
64.03290866330138 3.6444732444940287
4.241534643852852 79.89330683382761
99.6718898956916 28.37013225701397
55.37487291066212 66.46789657490895
78.81883808447934 15.283070746770322
35.82590864303404 7.447395826415992
69.03094988954875 17.258225711425588
2.4280237339199817 15.14738972017966
38.79403012714473 59.06997951006757
70.34064135518184 5.63445592862668
76.12011795356828 7.227404504127155
46.97255782910354 92.4000455203892
79.17632842196143 40.83153352262436
30.852282246218632 97.7078028370514
45.154642954280135 33.88116653629159
41.875576594832786 62.08287083463436
1.443622763245167 18.98169084054353
49.327789301837264 49.45231679905231
48.69917770669158 83.32478960645582
8.023606272159633 97.65316110252583
36.55475585778719 84.65185724656953
2.620517747136919 52.25635443482073
70.19503065499522 7.751416311386883
15.162881479767487 83.32314767048197
6.819443263761515 58.22278994082153
15.738154652314751 94.25144343968262
63.19030160806044 99.1783662660074
87.56659288494478 77.12066387085655
13.351062030013738 9.729632759069219
36.499860507512075 12.49266616535012
10.097710729632304 88.56571917950978
18.549105918750065 90.53562933884042
76.55328154258059 18.13700661688418
51.09144197071781 66.73860886606579
19.44382664439773 27.347823583245045
71.84849358360597 85.12659772438286
22.962720150942808 6.917311595181685
29.283229565468194 52.17146426359862
2.647989133373674 13.903886094796125
53.428403445278626 46.10271235038779
2.216062084032333 33.98194638557482
