99
60.296519273966254 67.72560235837281
76.64243260767229 27.10494120418756
51.30379730350779 16.569303929018055
56.273632447217906 54.77891547563053
55.47037981165494 51.45075286236602
13.905656226744911 68.53552752406785
96.50676127336921 7.789490756619577
41.468667481693245 94.0863929016554
95.36422798762162 69.30736822107941
97.376133474251 31.9278906808494
97.769509663978 55.37586578951736
11.460920599703062 28.903414993337773
61.87999262319999 74.74172872606401
58.47451343661948 39.20067115181474
71.86625744389777 71.94605862595836
42.27019649757747 47.05985796918125
34.16211763911461 32.69309566533226
97.35504340100873 52.265516528595256
45.876062628172185 39.83232229330923
12.172104550621887 54.43332857712051
35.334873239717915 7.274290224726165
11.968704435919076 39.998112839947375
87.96777789136081 52.24904401785678
97.37895001865208 83.28470573066902
46.287607864290294 38.5173481228365
86.54318509329528 46.417892114226035
90.35179487012168 70.67909281661122
45.22283228901319 7.279419746222149
22.596972413998206 82.93940743465814
69.98595112203769 63.16841983947794
80.31263745686796 34.18932271971876
46.49864371707506 79.9580497662699
54.826580112189625 72.53366296466959
12.784101330254039 42.68103737094703
41.727903997409335 87.51431021658009
67.59860503566352 29.108623593471094
42.84330190237594 52.85734327811339
2.41076194997335 26.027201860228388
30.625692050696273 84.94929698464394
27.51339781460017 37.81977459008512
71.83692178296182 8.551778458154791
50.66131375552341 70.88968950274162
12.00730773349129 1.7855185606551527
65.56208197880213 25.451256128928314
29.495268964961753 43.912252632428626
15.515512385308838 35.54222482737608
76.37334257028753 95.04810074577622
51.835777832362254 38.52177433431093
31.796626336206046 69.56607429573128
72.6219849274113 17.64162244651073
48.2951818709509 41.14742371895159
0.06327739306369873 1.0362724949158464
22.665990888838895 83.84677698239956
81.25670785313386 31.56629256507356
13.309278056777806 46.888486025102424
94.60547997987713 65.37935749835843
59.659643384428904 71.88800996872402
2.7403942703671635 83.22954479906439
61.598599834730926 67.71311242371051
89.9156782887508 54.391700073468364
88.43754956251094 74.07464686507664
19.62638062987082 75.97711159525443
82.4270656599411 48.79988476492175
58.90641674582412 28.40628097919201
92.19078153389896 46.430731155687276
59.181148871964126 87.85416692809231
36.143538624874495 28.40155393303706
69.99743800321254 72.28071668705192
27.77913286998761 65.67944993908341
75.39745122033878 50.79096930272876
54.13635559015325 1.929533807313899
98.20540629681327 29.602088012082504
2.640486508700357 41.40282050853232
65.25313291250964 61.45815296322235
69.72649884639189 87.44420402321195
19.12846930978791 76.17982470231388
67.17411014739137 34.60253760315265
47.7870257179195 20.939800349802773
58.28468170507789 83.03530515570384
41.25719171874464 64.10284343582244
4.716894367710034 32.36917862781192
72.37043683313182 56.627220915438706
33.53883224894432 42.20056818252459
11.83595898343085 27.499627373630066
50.082365393034664 9.310064183574607
33.45827566563019 63.21853718444245
7.069959937757531 29.281855777192423
76.10802010447156 21.45326945890239
47.247209754060336 35.847944122965934
81.27781945214262 98.90747981857024
72.96619433071736 35.22924692857002
76.31463936240351 31.17704400175436
31.29655435684413 45.47269780606553
55.49358250056827 33.82814008945469
70.47035700681893 98.21461292366982
69.10073518117787 11.371787173018433
57.76805779469084 40.599115231377795
21.53124035280459 70.90447069956306
31.928860284045836 62.67959206516067
