95
27.214726386671895 33.1334303210865
37.911852967685846 80.17606297670933
80.676960348216 91.47256301975597
23.741131436666397 5.827486961484684
11.371265604399461 92.2934983676957
1.6580292114998452 83.96856512129752
72.10929425206066 82.73878187287934
67.22694400964312 5.3693128604180185
5.6899820555949 17.322543478904183
13.758774399644702 40.17401918779503
93.67469500163499 55.36617120754164
14.547068415957998 48.04410918651837
92.04999559280168 60.77505170715565
91.86388740658874 73.86307619724403
1.5495248452009336 3.265547297922622
70.69015711036222 96.2351953495017
48.50362528619423 56.50295454509398
16.564655952273466 34.46477689995794
90.98279550055362 92.00706471606415
53.99000398796083 7.393515492109626
69.45063649523698 87.65043191887989
24.587335239638687 96.06107954444956
2.7096874948827843 52.58132550796377
60.902049890142685 42.39148854623455
82.37443010461874 54.186402797951914
35.253573691649635 34.544130243308416
81.55385975551015 97.02963717588521
69.88113824559325 10.885073161705726
13.911200917478494 2.5808840886469175
99.6809637207058 28.35537573086736
98.87901722400959 94.54720213178729
31.624888186031917 20.7304100561695
63.644167661477724 97.91198561274645
4.991805155319351 97.88990768909481
39.587228683153874 11.569602378112432
35.011814593591296 91.90938290740196
92.06139019895068 78.0675896342533
40.87958762869096 3.2187439506508375
99.420780889005 30.75445368353561
44.16418277667534 20.51206296390444
95.8421569648308 11.203760622181136
17.598844320270846 49.518643060485736
14.608924447795435 1.8949833321401766
3.1374230443678597 44.86529468716321
56.494612986264606 5.542658927921352
86.22219877182692 45.73853777213605
24.780488246489053 37.487514211766346
77.17240339464212 15.715848199211457
78.40903769255674 62.545356841962565
27.89022984884504 60.56083887239168
18.54591482054865 2.9395457393013857
26.127621162943203 99.93987114204104
3.5957798034128907 12.593683909846254
14.123525231983457 96.26302692667547
51.47044618252061 57.15413681817798
52.78185500379804 92.70424404065393
49.88801291870902 66.93641117199886
34.64543181704391 86.95083132927422
59.089278804591885 96.57468916320119
21.13241452704777 84.89449045773435
59.202290436063684 1.0369774450732616
6.652078206652523 67.95324338791164
22.806194940945666 17.980159600599254
38.370456482842506 37.31825296560911
10.785483706743582 32.08109930110686
3.2026091303276494 50.18394026887204
0.5665809108902131 18.508021813998997
20.64135239921091 82.80602899077972
27.684763922137158 4.772311051785671
60.683511837840875 57.14030618777285
42.393661258057676 34.67275510737377
89.28684699797029 85.98375967929942
22.40891932000033 61.949622488483634
8.616482337526799 54.09423232208941
6.662979732124985 33.09828972090614
16.30409531517345 11.11231570622998
51.99867450409783 20.10771939277498
63.78659071049035 65.18065259139824
2.166971050278521 23.22609393845093
89.06118428912494 58.477560172968005
54.184329098623294 25.88720462204881
36.17984898336874 84.42229216666118
66.46084913636192 1.2962728813426971
1.6968978880507302 97.18869245552715
70.34175288851638 4.293607796310361
5.974331222005436 93.48919459814384
75.37836787810036 63.05526105261588
33.981156934148885 3.3489028155195277
4.827190085730981 90.50409509404066
65.89323662558921 88.7487940914315
59.82224209596134 76.392610102977
8.66601616160918 53.48669217379396
91.11148312175865 16.666736675949746
45.12264725756705 19.995662988735784
81.72658377312987 27.94121532388373
